 alpha final =    581.00000000000000     

     granulo :  rn =  1.0  rm = 0.15  ln sig =  0.290  pour r <  50. mic.
     ======================================================================

                    longueur d onde :  0.550 microns
                    ================================

     indice reel :   1.45000     indice imaginaire : -0.35000E-02


                    nombre de particules :  0.10000E+01

       Sections d extinction et de diffusion ramenees a une particule :
       ----------------------------------------------------------------
     extinction :  0.13158E+00 mic**2     diffusion :  0.12897E+00 mic**2

            Pizero : 0.980181                 g.assymetrie : 0.67561

 ------------------------------------------------------------------------------
   j      theta       mu         i             q             u         -q/i*100
 ------------------------------------------------------------------------------
 -193      0.00    1.00000  0.79710E+01   0.00000E+00   0.79710E+01      -0.00
 -192      0.36    0.99998  0.79703E+01  -0.59825E-04   0.79703E+01       0.00
 -191      0.82    0.99990  0.79671E+01  -0.31509E-03   0.79671E+01       0.00
 -190      1.29    0.99975  0.79613E+01  -0.77381E-03   0.79613E+01       0.01
 -189      1.76    0.99953  0.79530E+01  -0.14352E-02   0.79530E+01       0.02
 -188      2.22    0.99925  0.79422E+01  -0.22981E-02   0.79422E+01       0.03
 -187      2.69    0.99890  0.79288E+01  -0.33607E-02   0.79288E+01       0.04
 -186      3.16    0.99848  0.79129E+01  -0.46211E-02   0.79129E+01       0.06
 -185      3.63    0.99799  0.78946E+01  -0.60769E-02   0.78946E+01       0.08
 -184      4.10    0.99744  0.78738E+01  -0.77253E-02   0.78737E+01       0.10
 -183      4.56    0.99683  0.78505E+01  -0.95632E-02   0.78505E+01       0.12
 -182      5.03    0.99614  0.78248E+01  -0.11587E-01   0.78248E+01       0.15
 -181      5.50    0.99539  0.77967E+01  -0.13793E-01   0.77967E+01       0.18
 -180      5.97    0.99458  0.77663E+01  -0.16178E-01   0.77662E+01       0.21
 -179      6.44    0.99370  0.77335E+01  -0.18735E-01   0.77334E+01       0.24
 -178      6.91    0.99275  0.76984E+01  -0.21462E-01   0.76983E+01       0.28
 -177      7.37    0.99173  0.76611E+01  -0.24352E-01   0.76610E+01       0.32
 -176      7.84    0.99065  0.76216E+01  -0.27401E-01   0.76215E+01       0.36
 -175      8.31    0.98950  0.75800E+01  -0.30603E-01   0.75798E+01       0.40
 -174      8.78    0.98829  0.75362E+01  -0.33952E-01   0.75359E+01       0.45
 -173      9.25    0.98701  0.74903E+01  -0.37441E-01   0.74900E+01       0.50
 -172      9.71    0.98566  0.74424E+01  -0.41065E-01   0.74421E+01       0.55
 -171     10.18    0.98425  0.73926E+01  -0.44817E-01   0.73922E+01       0.61
 -170     10.65    0.98277  0.73408E+01  -0.48690E-01   0.73404E+01       0.66
 -169     11.12    0.98123  0.72872E+01  -0.52678E-01   0.72867E+01       0.72
 -168     11.59    0.97962  0.72318E+01  -0.56773E-01   0.72311E+01       0.79
 -167     12.05    0.97795  0.71746E+01  -0.60968E-01   0.71739E+01       0.85
 -166     12.52    0.97621  0.71158E+01  -0.65256E-01   0.71149E+01       0.92
 -165     12.99    0.97440  0.70553E+01  -0.69630E-01   0.70543E+01       0.99
 -164     13.46    0.97254  0.69933E+01  -0.74081E-01   0.69921E+01       1.06
 -163     13.93    0.97060  0.69297E+01  -0.78603E-01   0.69284E+01       1.13
 -162     14.40    0.96860  0.68647E+01  -0.83187E-01   0.68632E+01       1.21
 -161     14.86    0.96654  0.67984E+01  -0.87827E-01   0.67967E+01       1.29
 -160     15.33    0.96441  0.67307E+01  -0.92514E-01   0.67288E+01       1.37
 -159     15.80    0.96222  0.66618E+01  -0.97241E-01   0.66596E+01       1.46
 -158     16.27    0.95996  0.65917E+01  -0.10200E+00   0.65893E+01       1.55
 -157     16.74    0.95764  0.65204E+01  -0.10678E+00   0.65178E+01       1.64
 -156     17.20    0.95526  0.64482E+01  -0.11158E+00   0.64452E+01       1.73
 -155     17.67    0.95281  0.63749E+01  -0.11639E+00   0.63717E+01       1.83
 -154     18.14    0.95030  0.63007E+01  -0.12121E+00   0.62972E+01       1.92
 -153     18.61    0.94772  0.62257E+01  -0.12601E+00   0.62218E+01       2.02
 -152     19.08    0.94508  0.61498E+01  -0.13081E+00   0.61456E+01       2.13
 -151     19.54    0.94238  0.60732E+01  -0.13558E+00   0.60686E+01       2.23
 -150     20.01    0.93961  0.59960E+01  -0.14033E+00   0.59910E+01       2.34
 -149     20.48    0.93679  0.59182E+01  -0.14505E+00   0.59128E+01       2.45
 -148     20.95    0.93390  0.58398E+01  -0.14973E+00   0.58340E+01       2.56
 -147     21.42    0.93094  0.57610E+01  -0.15436E+00   0.57546E+01       2.68
 -146     21.89    0.92793  0.56817E+01  -0.15893E+00   0.56749E+01       2.80
 -145     22.35    0.92485  0.56021E+01  -0.16345E+00   0.55948E+01       2.92
 -144     22.82    0.92171  0.55222E+01  -0.16790E+00   0.55143E+01       3.04
 -143     23.29    0.91851  0.54420E+01  -0.17229E+00   0.54337E+01       3.17
 -142     23.76    0.91525  0.53617E+01  -0.17660E+00   0.53528E+01       3.29
 -141     24.23    0.91193  0.52812E+01  -0.18082E+00   0.52717E+01       3.42
 -140     24.69    0.90855  0.52007E+01  -0.18496E+00   0.51906E+01       3.56
 -139     25.16    0.90510  0.51201E+01  -0.18901E+00   0.51094E+01       3.69
 -138     25.63    0.90160  0.50396E+01  -0.19297E+00   0.50283E+01       3.83
 -137     26.10    0.89804  0.49592E+01  -0.19683E+00   0.49472E+01       3.97
 -136     26.57    0.89441  0.48790E+01  -0.20058E+00   0.48662E+01       4.11
 -135     27.04    0.89073  0.47989E+01  -0.20422E+00   0.47854E+01       4.26
 -134     27.50    0.88698  0.47190E+01  -0.20776E+00   0.47048E+01       4.40
 -133     27.97    0.88318  0.46394E+01  -0.21118E+00   0.46245E+01       4.55
 -132     28.44    0.87932  0.45602E+01  -0.21448E+00   0.45445E+01       4.70
 -131     28.91    0.87540  0.44813E+01  -0.21766E+00   0.44648E+01       4.86
 -130     29.38    0.87142  0.44028E+01  -0.22072E+00   0.43856E+01       5.01
 -129     29.84    0.86738  0.43248E+01  -0.22365E+00   0.43067E+01       5.17
 -128     30.31    0.86329  0.42472E+01  -0.22646E+00   0.42283E+01       5.33
 -127     30.78    0.85914  0.41702E+01  -0.22914E+00   0.41504E+01       5.49
 -126     31.25    0.85493  0.40937E+01  -0.23169E+00   0.40731E+01       5.66
 -125     31.72    0.85066  0.40178E+01  -0.23410E+00   0.39963E+01       5.83
 -124     32.18    0.84634  0.39425E+01  -0.23639E+00   0.39202E+01       6.00
 -123     32.65    0.84195  0.38679E+01  -0.23854E+00   0.38446E+01       6.17
 -122     33.12    0.83752  0.37939E+01  -0.24055E+00   0.37698E+01       6.34
 -121     33.59    0.83303  0.37207E+01  -0.24244E+00   0.36956E+01       6.52
 -120     34.06    0.82848  0.36482E+01  -0.24418E+00   0.36221E+01       6.69
 -119     34.53    0.82387  0.35764E+01  -0.24579E+00   0.35494E+01       6.87
 -118     34.99    0.81922  0.35054E+01  -0.24727E+00   0.34775E+01       7.05
 -117     35.46    0.81450  0.34352E+01  -0.24861E+00   0.34064E+01       7.24
 -116     35.93    0.80974  0.33658E+01  -0.24982E+00   0.33360E+01       7.42
 -115     36.40    0.80491  0.32973E+01  -0.25090E+00   0.32665E+01       7.61
 -114     36.87    0.80004  0.32296E+01  -0.25185E+00   0.31978E+01       7.80
 -113     37.33    0.79511  0.31628E+01  -0.25266E+00   0.31301E+01       7.99
 -112     37.80    0.79013  0.30968E+01  -0.25334E+00   0.30631E+01       8.18
 -111     38.27    0.78509  0.30318E+01  -0.25390E+00   0.29971E+01       8.37
 -110     38.74    0.78001  0.29677E+01  -0.25433E+00   0.29320E+01       8.57
 -109     39.21    0.77487  0.29044E+01  -0.25464E+00   0.28678E+01       8.77
 -108     39.67    0.76968  0.28421E+01  -0.25482E+00   0.28045E+01       8.97
 -107     40.14    0.76444  0.27808E+01  -0.25489E+00   0.27421E+01       9.17
 -106     40.61    0.75914  0.27203E+01  -0.25483E+00   0.26807E+01       9.37
 -105     41.08    0.75380  0.26609E+01  -0.25466E+00   0.26203E+01       9.57
 -104     41.55    0.74841  0.26023E+01  -0.25438E+00   0.25608E+01       9.77
 -103     42.02    0.74296  0.25447E+01  -0.25398E+00   0.25022E+01       9.98
 -102     42.48    0.73747  0.24881E+01  -0.25348E+00   0.24446E+01      10.19
 -101     42.95    0.73193  0.24324E+01  -0.25286E+00   0.23880E+01      10.40
 -100     43.42    0.72633  0.23777E+01  -0.25215E+00   0.23323E+01      10.60
  -99     43.89    0.72069  0.23240E+01  -0.25134E+00   0.22776E+01      10.81
  -98     44.36    0.71501  0.22712E+01  -0.25042E+00   0.22239E+01      11.03
  -97     44.82    0.70927  0.22193E+01  -0.24941E+00   0.21711E+01      11.24
  -96     45.29    0.70349  0.21685E+01  -0.24831E+00   0.21193E+01      11.45
  -95     45.76    0.69766  0.21185E+01  -0.24712E+00   0.20685E+01      11.66
  -94     46.23    0.69178  0.20695E+01  -0.24585E+00   0.20186E+01      11.88
  -93     46.70    0.68586  0.20215E+01  -0.24449E+00   0.19696E+01      12.09
  -92     47.17    0.67989  0.19743E+01  -0.24305E+00   0.19216E+01      12.31
  -91     47.63    0.67387  0.19281E+01  -0.24154E+00   0.18746E+01      12.53
  -90     48.10    0.66781  0.18829E+01  -0.23995E+00   0.18285E+01      12.74
  -89     48.57    0.66171  0.18385E+01  -0.23829E+00   0.17833E+01      12.96
  -88     49.04    0.65556  0.17950E+01  -0.23656E+00   0.17390E+01      13.18
  -87     49.51    0.64937  0.17525E+01  -0.23477E+00   0.16956E+01      13.40
  -86     49.97    0.64313  0.17108E+01  -0.23291E+00   0.16532E+01      13.61
  -85     50.44    0.63686  0.16700E+01  -0.23100E+00   0.16116E+01      13.83
  -84     50.91    0.63054  0.16301E+01  -0.22903E+00   0.15709E+01      14.05
  -83     51.38    0.62417  0.15911E+01  -0.22701E+00   0.15311E+01      14.27
  -82     51.85    0.61777  0.15528E+01  -0.22493E+00   0.14922E+01      14.49
  -81     52.31    0.61132  0.15155E+01  -0.22282E+00   0.14541E+01      14.70
  -80     52.78    0.60484  0.14789E+01  -0.22065E+00   0.14169E+01      14.92
  -79     53.25    0.59831  0.14432E+01  -0.21845E+00   0.13805E+01      15.14
  -78     53.72    0.59174  0.14083E+01  -0.21621E+00   0.13449E+01      15.35
  -77     54.19    0.58514  0.13742E+01  -0.21393E+00   0.13102E+01      15.57
  -76     54.66    0.57849  0.13408E+01  -0.21162E+00   0.12762E+01      15.78
  -75     55.12    0.57181  0.13083E+01  -0.20928E+00   0.12430E+01      16.00
  -74     55.59    0.56509  0.12765E+01  -0.20692E+00   0.12107E+01      16.21
  -73     56.06    0.55833  0.12454E+01  -0.20452E+00   0.11790E+01      16.42
  -72     56.53    0.55153  0.12151E+01  -0.20211E+00   0.11482E+01      16.63
  -71     57.00    0.54470  0.11855E+01  -0.19967E+00   0.11180E+01      16.84
  -70     57.46    0.53783  0.11566E+01  -0.19722E+00   0.10886E+01      17.05
  -69     57.93    0.53092  0.11284E+01  -0.19476E+00   0.10600E+01      17.26
  -68     58.40    0.52398  0.11009E+01  -0.19228E+00   0.10320E+01      17.47
  -67     58.87    0.51700  0.10741E+01  -0.18979E+00   0.10047E+01      17.67
  -66     59.34    0.50999  0.10479E+01  -0.18729E+00   0.97808E+00      17.87
  -65     59.80    0.50294  0.10224E+01  -0.18478E+00   0.95214E+00      18.07
  -64     60.27    0.49587  0.99747E+00  -0.18227E+00   0.92685E+00      18.27
  -63     60.74    0.48875  0.97320E+00  -0.17976E+00   0.90220E+00      18.47
  -62     61.21    0.48161  0.94954E+00  -0.17724E+00   0.87818E+00      18.67
  -61     61.68    0.47443  0.92648E+00  -0.17473E+00   0.85478E+00      18.86
  -60     62.15    0.46723  0.90400E+00  -0.17222E+00   0.83198E+00      19.05
  -59     62.61    0.45999  0.88210E+00  -0.16972E+00   0.80977E+00      19.24
  -58     63.08    0.45272  0.86076E+00  -0.16722E+00   0.78814E+00      19.43
  -57     63.55    0.44542  0.83997E+00  -0.16473E+00   0.76708E+00      19.61
  -56     64.02    0.43809  0.81972E+00  -0.16225E+00   0.74657E+00      19.79
  -55     64.49    0.43073  0.79999E+00  -0.15978E+00   0.72660E+00      19.97
  -54     64.95    0.42334  0.78078E+00  -0.15732E+00   0.70717E+00      20.15
  -53     65.42    0.41592  0.76207E+00  -0.15487E+00   0.68825E+00      20.32
  -52     65.89    0.40848  0.74385E+00  -0.15244E+00   0.66984E+00      20.49
  -51     66.36    0.40101  0.72612E+00  -0.15003E+00   0.65193E+00      20.66
  -50     66.83    0.39351  0.70885E+00  -0.14763E+00   0.63450E+00      20.83
  -49     67.30    0.38598  0.69204E+00  -0.14525E+00   0.61754E+00      20.99
  -48     67.76    0.37843  0.67568E+00  -0.14289E+00   0.60105E+00      21.15
  -47     68.23    0.37086  0.65975E+00  -0.14055E+00   0.58501E+00      21.30
  -46     68.70    0.36326  0.64425E+00  -0.13823E+00   0.56940E+00      21.46
  -45     69.17    0.35563  0.62917E+00  -0.13593E+00   0.55423E+00      21.60
  -44     69.64    0.34798  0.61449E+00  -0.13365E+00   0.53948E+00      21.75
  -43     70.10    0.34031  0.60020E+00  -0.13140E+00   0.52513E+00      21.89
  -42     70.57    0.33262  0.58631E+00  -0.12916E+00   0.51118E+00      22.03
  -41     71.04    0.32490  0.57279E+00  -0.12696E+00   0.49762E+00      22.17
  -40     71.51    0.31716  0.55964E+00  -0.12478E+00   0.48444E+00      22.30
  -39     71.98    0.30941  0.54684E+00  -0.12262E+00   0.47163E+00      22.42
  -38     72.44    0.30163  0.53439E+00  -0.12049E+00   0.45918E+00      22.55
  -37     72.91    0.29383  0.52229E+00  -0.11839E+00   0.44707E+00      22.67
  -36     73.38    0.28601  0.51051E+00  -0.11631E+00   0.43531E+00      22.78
  -35     73.85    0.27817  0.49905E+00  -0.11426E+00   0.42388E+00      22.90
  -34     74.32    0.27031  0.48791E+00  -0.11224E+00   0.41278E+00      23.00
  -33     74.79    0.26243  0.47708E+00  -0.11024E+00   0.40198E+00      23.11
  -32     75.25    0.25454  0.46654E+00  -0.10827E+00   0.39150E+00      23.21
  -31     75.72    0.24663  0.45629E+00  -0.10633E+00   0.38131E+00      23.30
  -30     76.19    0.23871  0.44633E+00  -0.10442E+00   0.37141E+00      23.39
  -29     76.66    0.23076  0.43664E+00  -0.10253E+00   0.36179E+00      23.48
  -28     77.13    0.22281  0.42721E+00  -0.10068E+00   0.35244E+00      23.57
  -27     77.59    0.21483  0.41805E+00  -0.98847E-01   0.34336E+00      23.64
  -26     78.06    0.20685  0.40913E+00  -0.97046E-01   0.33454E+00      23.72
  -25     78.53    0.19885  0.40047E+00  -0.95273E-01   0.32597E+00      23.79
  -24     79.00    0.19083  0.39204E+00  -0.93529E-01   0.31765E+00      23.86
  -23     79.47    0.18280  0.38384E+00  -0.91812E-01   0.30956E+00      23.92
  -22     79.93    0.17477  0.37588E+00  -0.90123E-01   0.30170E+00      23.98
  -21     80.40    0.16671  0.36813E+00  -0.88462E-01   0.29407E+00      24.03
  -20     80.87    0.15865  0.36059E+00  -0.86828E-01   0.28665E+00      24.08
  -19     81.34    0.15058  0.35326E+00  -0.85222E-01   0.27945E+00      24.12
  -18     81.81    0.14250  0.34614E+00  -0.83642E-01   0.27245E+00      24.16
  -17     82.28    0.13441  0.33921E+00  -0.82090E-01   0.26564E+00      24.20
  -16     82.74    0.12631  0.33247E+00  -0.80564E-01   0.25903E+00      24.23
  -15     83.21    0.11820  0.32592E+00  -0.79064E-01   0.25261E+00      24.26
  -14     83.68    0.11008  0.31954E+00  -0.77590E-01   0.24637E+00      24.28
  -13     84.15    0.10195  0.31335E+00  -0.76142E-01   0.24030E+00      24.30
  -12     84.62    0.09382  0.30732E+00  -0.74720E-01   0.23440E+00      24.31
  -11     85.08    0.08569  0.30146E+00  -0.73323E-01   0.22867E+00      24.32
  -10     85.55    0.07754  0.29576E+00  -0.71950E-01   0.22310E+00      24.33
   -9     86.02    0.06939  0.29021E+00  -0.70602E-01   0.21768E+00      24.33
   -8     86.49    0.06124  0.28482E+00  -0.69277E-01   0.21242E+00      24.32
   -7     86.96    0.05308  0.27957E+00  -0.67977E-01   0.20730E+00      24.31
   -6     87.43    0.04492  0.27447E+00  -0.66699E-01   0.20232E+00      24.30
   -5     87.89    0.03676  0.26950E+00  -0.65445E-01   0.19748E+00      24.28
   -4     88.36    0.02859  0.26467E+00  -0.64213E-01   0.19277E+00      24.26
   -3     88.83    0.02043  0.25998E+00  -0.63003E-01   0.18818E+00      24.23
   -2     89.30    0.01226  0.25541E+00  -0.61814E-01   0.18372E+00      24.20
   -1     89.77    0.00409  0.25096E+00  -0.60647E-01   0.17939E+00      24.17
    0     90.00    0.00000  0.24878E+00  -0.60071E-01   0.17726E+00      24.15
    1     90.23   -0.00409  0.24663E+00  -0.59501E-01   0.17516E+00      24.13
    2     90.70   -0.01226  0.24242E+00  -0.58374E-01   0.17105E+00      24.08
    3     91.17   -0.02043  0.23833E+00  -0.57268E-01   0.16705E+00      24.03
    4     91.64   -0.02859  0.23434E+00  -0.56181E-01   0.16315E+00      23.97
    5     92.11   -0.03676  0.23046E+00  -0.55113E-01   0.15936E+00      23.91
    6     92.57   -0.04492  0.22669E+00  -0.54064E-01   0.15566E+00      23.85
    7     93.04   -0.05308  0.22302E+00  -0.53032E-01   0.15206E+00      23.78
    8     93.51   -0.06124  0.21944E+00  -0.52019E-01   0.14855E+00      23.71
    9     93.98   -0.06939  0.21596E+00  -0.51022E-01   0.14512E+00      23.63
   10     94.45   -0.07754  0.21257E+00  -0.50042E-01   0.14178E+00      23.54
   11     94.92   -0.08569  0.20928E+00  -0.49079E-01   0.13853E+00      23.45
   12     95.38   -0.09382  0.20607E+00  -0.48131E-01   0.13535E+00      23.36
   13     95.85   -0.10195  0.20294E+00  -0.47199E-01   0.13225E+00      23.26
   14     96.32   -0.11008  0.19990E+00  -0.46281E-01   0.12923E+00      23.15
   15     96.79   -0.11820  0.19694E+00  -0.45378E-01   0.12627E+00      23.04
   16     97.26   -0.12631  0.19405E+00  -0.44489E-01   0.12339E+00      22.93
   17     97.72   -0.13441  0.19125E+00  -0.43614E-01   0.12057E+00      22.81
   18     98.19   -0.14250  0.18851E+00  -0.42752E-01   0.11781E+00      22.68
   19     98.66   -0.15058  0.18585E+00  -0.41902E-01   0.11512E+00      22.55
   20     99.13   -0.15865  0.18326E+00  -0.41065E-01   0.11248E+00      22.41
   21     99.60   -0.16671  0.18073E+00  -0.40240E-01   0.10990E+00      22.26
   22    100.07   -0.17477  0.17827E+00  -0.39426E-01   0.10738E+00      22.12
   23    100.53   -0.18280  0.17588E+00  -0.38623E-01   0.10490E+00      21.96
   24    101.00   -0.19083  0.17355E+00  -0.37831E-01   0.10248E+00      21.80
   25    101.47   -0.19885  0.17128E+00  -0.37049E-01   0.10011E+00      21.63
   26    101.94   -0.20685  0.16906E+00  -0.36277E-01   0.97782E-01      21.46
   27    102.41   -0.21483  0.16691E+00  -0.35514E-01   0.95499E-01      21.28
   28    102.87   -0.22281  0.16481E+00  -0.34761E-01   0.93259E-01      21.09
   29    103.34   -0.23076  0.16276E+00  -0.34016E-01   0.91060E-01      20.90
   30    103.81   -0.23871  0.16077E+00  -0.33279E-01   0.88900E-01      20.70
   31    104.28   -0.24663  0.15883E+00  -0.32551E-01   0.86777E-01      20.49
   32    104.75   -0.25454  0.15694E+00  -0.31830E-01   0.84690E-01      20.28
   33    105.21   -0.26243  0.15510E+00  -0.31116E-01   0.82637E-01      20.06
   34    105.68   -0.27031  0.15331E+00  -0.30409E-01   0.80617E-01      19.84
   35    106.15   -0.27817  0.15156E+00  -0.29709E-01   0.78627E-01      19.60
   36    106.62   -0.28601  0.14986E+00  -0.29015E-01   0.76667E-01      19.36
   37    107.09   -0.29383  0.14820E+00  -0.28327E-01   0.74735E-01      19.11
   38    107.56   -0.30163  0.14658E+00  -0.27645E-01   0.72830E-01      18.86
   39    108.02   -0.30941  0.14501E+00  -0.26968E-01   0.70950E-01      18.60
   40    108.49   -0.31716  0.14348E+00  -0.26296E-01   0.69093E-01      18.33
   41    108.96   -0.32490  0.14199E+00  -0.25629E-01   0.67259E-01      18.05
   42    109.43   -0.33262  0.14054E+00  -0.24966E-01   0.65447E-01      17.77
   43    109.90   -0.34031  0.13912E+00  -0.24308E-01   0.63654E-01      17.47
   44    110.36   -0.34798  0.13774E+00  -0.23654E-01   0.61880E-01      17.17
   45    110.83   -0.35563  0.13640E+00  -0.23004E-01   0.60124E-01      16.86
   46    111.30   -0.36326  0.13510E+00  -0.22357E-01   0.58384E-01      16.55
   47    111.77   -0.37086  0.13383E+00  -0.21713E-01   0.56660E-01      16.23
   48    112.24   -0.37843  0.13259E+00  -0.21073E-01   0.54950E-01      15.89
   49    112.70   -0.38598  0.13138E+00  -0.20436E-01   0.53253E-01      15.55
   50    113.17   -0.39351  0.13021E+00  -0.19801E-01   0.51569E-01      15.21
   51    113.64   -0.40101  0.12907E+00  -0.19169E-01   0.49896E-01      14.85
   52    114.11   -0.40848  0.12797E+00  -0.18540E-01   0.48233E-01      14.49
   53    114.58   -0.41592  0.12689E+00  -0.17913E-01   0.46579E-01      14.12
   54    115.05   -0.42334  0.12584E+00  -0.17288E-01   0.44934E-01      13.74
   55    115.51   -0.43073  0.12482E+00  -0.16665E-01   0.43296E-01      13.35
   56    115.98   -0.43809  0.12383E+00  -0.16044E-01   0.41664E-01      12.96
   57    116.45   -0.44542  0.12287E+00  -0.15425E-01   0.40039E-01      12.55
   58    116.92   -0.45272  0.12194E+00  -0.14807E-01   0.38418E-01      12.14
   59    117.39   -0.45999  0.12103E+00  -0.14192E-01   0.36802E-01      11.73
   60    117.85   -0.46723  0.12016E+00  -0.13578E-01   0.35189E-01      11.30
   61    118.32   -0.47443  0.11930E+00  -0.12965E-01   0.33579E-01      10.87
   62    118.79   -0.48161  0.11848E+00  -0.12354E-01   0.31970E-01      10.43
   63    119.26   -0.48875  0.11768E+00  -0.11745E-01   0.30363E-01       9.98
   64    119.73   -0.49587  0.11690E+00  -0.11137E-01   0.28757E-01       9.53
   65    120.20   -0.50294  0.11615E+00  -0.10531E-01   0.27150E-01       9.07
   66    120.66   -0.50999  0.11542E+00  -0.99262E-02   0.25542E-01       8.60
   67    121.13   -0.51700  0.11472E+00  -0.93230E-02   0.23934E-01       8.13
   68    121.60   -0.52398  0.11404E+00  -0.87215E-02   0.22323E-01       7.65
   69    122.07   -0.53092  0.11339E+00  -0.81216E-02   0.20710E-01       7.16
   70    122.54   -0.53783  0.11276E+00  -0.75235E-02   0.19094E-01       6.67
   71    123.00   -0.54470  0.11215E+00  -0.69272E-02   0.17474E-01       6.18
   72    123.47   -0.55153  0.11157E+00  -0.63329E-02   0.15850E-01       5.68
   73    123.94   -0.55833  0.11100E+00  -0.57406E-02   0.14222E-01       5.17
   74    124.41   -0.56509  0.11046E+00  -0.51504E-02   0.12589E-01       4.66
   75    124.88   -0.57181  0.10995E+00  -0.45626E-02   0.10950E-01       4.15
   76    125.34   -0.57849  0.10945E+00  -0.39773E-02   0.93062E-02       3.63
   77    125.81   -0.58514  0.10898E+00  -0.33946E-02   0.76558E-02       3.11
   78    126.28   -0.59174  0.10852E+00  -0.28146E-02   0.59990E-02       2.59
   79    126.75   -0.59831  0.10809E+00  -0.22377E-02   0.43354E-02       2.07
   80    127.22   -0.60484  0.10769E+00  -0.16640E-02   0.26647E-02       1.55
   81    127.69   -0.61132  0.10730E+00  -0.10937E-02   0.98660E-03       1.02
   82    128.15   -0.61777  0.10693E+00  -0.52709E-03  -0.69913E-03       0.49
   83    128.62   -0.62417  0.10659E+00   0.35653E-04  -0.23927E-02      -0.03
   84    129.09   -0.63054  0.10626E+00   0.59425E-03  -0.40944E-02      -0.56
   85    129.56   -0.63686  0.10596E+00   0.11484E-02  -0.58043E-02      -1.08
   86    130.03   -0.64313  0.10568E+00   0.16979E-02  -0.75227E-02      -1.61
   87    130.49   -0.64937  0.10542E+00   0.22424E-02  -0.92495E-02      -2.13
   88    130.96   -0.65556  0.10518E+00   0.27816E-02  -0.10985E-01      -2.64
   89    131.43   -0.66171  0.10496E+00   0.33153E-02  -0.12729E-01      -3.16
   90    131.90   -0.66781  0.10477E+00   0.38430E-02  -0.14482E-01      -3.67
   91    132.37   -0.67387  0.10459E+00   0.43644E-02  -0.16244E-01      -4.17
   92    132.83   -0.67989  0.10443E+00   0.48793E-02  -0.18015E-01      -4.67
   93    133.30   -0.68586  0.10430E+00   0.53873E-02  -0.19794E-01      -5.17
   94    133.77   -0.69178  0.10419E+00   0.58879E-02  -0.21582E-01      -5.65
   95    134.24   -0.69766  0.10409E+00   0.63809E-02  -0.23379E-01      -6.13
   96    134.71   -0.70349  0.10402E+00   0.68659E-02  -0.25185E-01      -6.60
   97    135.18   -0.70927  0.10397E+00   0.73424E-02  -0.26998E-01      -7.06
   98    135.64   -0.71501  0.10394E+00   0.78102E-02  -0.28821E-01      -7.51
   99    136.11   -0.72069  0.10393E+00   0.82688E-02  -0.30651E-01      -7.96
  100    136.58   -0.72633  0.10395E+00   0.87178E-02  -0.32489E-01      -8.39
  101    137.05   -0.73193  0.10398E+00   0.91568E-02  -0.34334E-01      -8.81
  102    137.52   -0.73747  0.10404E+00   0.95855E-02  -0.36188E-01      -9.21
  103    137.98   -0.74296  0.10412E+00   0.10003E-01  -0.38048E-01      -9.61
  104    138.45   -0.74841  0.10421E+00   0.10410E-01  -0.39915E-01      -9.99
  105    138.92   -0.75380  0.10433E+00   0.10805E-01  -0.41788E-01     -10.36
  106    139.39   -0.75914  0.10448E+00   0.11188E-01  -0.43668E-01     -10.71
  107    139.86   -0.76444  0.10464E+00   0.11559E-01  -0.45553E-01     -11.05
  108    140.33   -0.76968  0.10482E+00   0.11917E-01  -0.47443E-01     -11.37
  109    140.79   -0.77487  0.10503E+00   0.12262E-01  -0.49338E-01     -11.68
  110    141.26   -0.78001  0.10526E+00   0.12594E-01  -0.51238E-01     -11.96
  111    141.73   -0.78509  0.10550E+00   0.12911E-01  -0.53142E-01     -12.24
  112    142.20   -0.79013  0.10578E+00   0.13214E-01  -0.55048E-01     -12.49
  113    142.67   -0.79511  0.10607E+00   0.13503E-01  -0.56958E-01     -12.73
  114    143.13   -0.80004  0.10638E+00   0.13776E-01  -0.58870E-01     -12.95
  115    143.60   -0.80491  0.10672E+00   0.14034E-01  -0.60783E-01     -13.15
  116    144.07   -0.80974  0.10707E+00   0.14277E-01  -0.62698E-01     -13.33
  117    144.54   -0.81450  0.10745E+00   0.14503E-01  -0.64613E-01     -13.50
  118    145.01   -0.81922  0.10785E+00   0.14713E-01  -0.66528E-01     -13.64
  119    145.47   -0.82387  0.10827E+00   0.14907E-01  -0.68442E-01     -13.77
  120    145.94   -0.82848  0.10871E+00   0.15083E-01  -0.70354E-01     -13.87
  121    146.41   -0.83303  0.10918E+00   0.15243E-01  -0.72264E-01     -13.96
  122    146.88   -0.83752  0.10966E+00   0.15385E-01  -0.74171E-01     -14.03
  123    147.35   -0.84195  0.11017E+00   0.15510E-01  -0.76074E-01     -14.08
  124    147.82   -0.84634  0.11069E+00   0.15617E-01  -0.77973E-01     -14.11
  125    148.28   -0.85066  0.11124E+00   0.15706E-01  -0.79866E-01     -14.12
  126    148.75   -0.85493  0.11180E+00   0.15777E-01  -0.81754E-01     -14.11
  127    149.22   -0.85914  0.11239E+00   0.15830E-01  -0.83635E-01     -14.08
  128    149.69   -0.86329  0.11299E+00   0.15865E-01  -0.85508E-01     -14.04
  129    150.16   -0.86738  0.11362E+00   0.15881E-01  -0.87372E-01     -13.98
  130    150.62   -0.87142  0.11426E+00   0.15879E-01  -0.89228E-01     -13.90
  131    151.09   -0.87540  0.11492E+00   0.15859E-01  -0.91073E-01     -13.80
  132    151.56   -0.87932  0.11561E+00   0.15821E-01  -0.92907E-01     -13.69
  133    152.03   -0.88318  0.11630E+00   0.15764E-01  -0.94730E-01     -13.55
  134    152.50   -0.88698  0.11702E+00   0.15690E-01  -0.96540E-01     -13.41
  135    152.96   -0.89073  0.11775E+00   0.15597E-01  -0.98337E-01     -13.25
  136    153.43   -0.89441  0.11850E+00   0.15487E-01  -0.10012E+00     -13.07
  137    153.90   -0.89804  0.11926E+00   0.15359E-01  -0.10189E+00     -12.88
  138    154.37   -0.90160  0.12004E+00   0.15214E-01  -0.10364E+00     -12.67
  139    154.84   -0.90510  0.12084E+00   0.15052E-01  -0.10537E+00     -12.46
  140    155.31   -0.90855  0.12164E+00   0.14873E-01  -0.10709E+00     -12.23
  141    155.77   -0.91193  0.12246E+00   0.14678E-01  -0.10879E+00     -11.99
  142    156.24   -0.91525  0.12330E+00   0.14467E-01  -0.11047E+00     -11.73
  143    156.71   -0.91851  0.12414E+00   0.14240E-01  -0.11213E+00     -11.47
  144    157.18   -0.92171  0.12499E+00   0.13998E-01  -0.11377E+00     -11.20
  145    157.65   -0.92485  0.12586E+00   0.13742E-01  -0.11538E+00     -10.92
  146    158.11   -0.92793  0.12673E+00   0.13471E-01  -0.11698E+00     -10.63
  147    158.58   -0.93094  0.12761E+00   0.13188E-01  -0.11855E+00     -10.33
  148    159.05   -0.93390  0.12850E+00   0.12891E-01  -0.12010E+00     -10.03
  149    159.52   -0.93679  0.12940E+00   0.12582E-01  -0.12162E+00      -9.72
  150    159.99   -0.93961  0.13030E+00   0.12262E-01  -0.12312E+00      -9.41
  151    160.46   -0.94238  0.13120E+00   0.11931E-01  -0.12459E+00      -9.09
  152    160.92   -0.94508  0.13211E+00   0.11589E-01  -0.12603E+00      -8.77
  153    161.39   -0.94772  0.13301E+00   0.11239E-01  -0.12745E+00      -8.45
  154    161.86   -0.95030  0.13392E+00   0.10880E-01  -0.12884E+00      -8.12
  155    162.33   -0.95281  0.13483E+00   0.10513E-01  -0.13020E+00      -7.80
  156    162.80   -0.95526  0.13574E+00   0.10140E-01  -0.13153E+00      -7.47
  157    163.26   -0.95764  0.13664E+00   0.97608E-02  -0.13283E+00      -7.14
  158    163.73   -0.95996  0.13754E+00   0.93766E-02  -0.13410E+00      -6.82
  159    164.20   -0.96222  0.13843E+00   0.89882E-02  -0.13534E+00      -6.49
  160    164.67   -0.96441  0.13932E+00   0.85968E-02  -0.13655E+00      -6.17
  161    165.14   -0.96654  0.14020E+00   0.82032E-02  -0.13773E+00      -5.85
  162    165.60   -0.96860  0.14106E+00   0.78084E-02  -0.13887E+00      -5.54
  163    166.07   -0.97060  0.14192E+00   0.74133E-02  -0.13998E+00      -5.22
  164    166.54   -0.97254  0.14277E+00   0.70191E-02  -0.14106E+00      -4.92
  165    167.01   -0.97440  0.14360E+00   0.66266E-02  -0.14211E+00      -4.61
  166    167.48   -0.97621  0.14442E+00   0.62369E-02  -0.14312E+00      -4.32
  167    167.95   -0.97795  0.14522E+00   0.58510E-02  -0.14409E+00      -4.03
  168    168.41   -0.97962  0.14600E+00   0.54698E-02  -0.14503E+00      -3.75
  169    168.88   -0.98123  0.14677E+00   0.50944E-02  -0.14594E+00      -3.47
  170    169.35   -0.98277  0.14751E+00   0.47257E-02  -0.14681E+00      -3.20
  171    169.82   -0.98425  0.14823E+00   0.43648E-02  -0.14764E+00      -2.94
  172    170.29   -0.98566  0.14893E+00   0.40125E-02  -0.14844E+00      -2.69
  173    170.75   -0.98701  0.14961E+00   0.36698E-02  -0.14920E+00      -2.45
  174    171.22   -0.98829  0.15026E+00   0.33377E-02  -0.14993E+00      -2.22
  175    171.69   -0.98950  0.15089E+00   0.30169E-02  -0.15062E+00      -2.00
  176    172.16   -0.99065  0.15149E+00   0.27084E-02  -0.15127E+00      -1.79
  177    172.63   -0.99173  0.15206E+00   0.24130E-02  -0.15189E+00      -1.59
  178    173.09   -0.99275  0.15260E+00   0.21316E-02  -0.15247E+00      -1.40
  179    173.56   -0.99370  0.15311E+00   0.18648E-02  -0.15301E+00      -1.22
  180    174.03   -0.99458  0.15358E+00   0.16135E-02  -0.15351E+00      -1.05
  181    174.50   -0.99539  0.15403E+00   0.13783E-02  -0.15398E+00      -0.89
  182    174.97   -0.99614  0.15444E+00   0.11598E-02  -0.15440E+00      -0.75
  183    175.44   -0.99683  0.15482E+00   0.95872E-03  -0.15480E+00      -0.62
  184    175.90   -0.99744  0.15516E+00   0.77555E-03  -0.15515E+00      -0.50
  185    176.37   -0.99799  0.15547E+00   0.61083E-03  -0.15546E+00      -0.39
  186    176.84   -0.99848  0.15575E+00   0.46501E-03  -0.15574E+00      -0.30
  187    177.31   -0.99890  0.15598E+00   0.33850E-03  -0.15598E+00      -0.22
  188    177.78   -0.99925  0.15618E+00   0.23165E-03  -0.15618E+00      -0.15
  189    178.24   -0.99953  0.15634E+00   0.14477E-03  -0.15634E+00      -0.09
  190    178.71   -0.99975  0.15647E+00   0.78091E-04  -0.15647E+00      -0.05
  191    179.18   -0.99990  0.15655E+00   0.31809E-04  -0.15655E+00      -0.02
  192    179.64   -0.99998  0.15660E+00   0.60405E-05  -0.15660E+00      -0.00
  193    180.00   -1.00000  0.15661E+00   0.00000E+00  -0.15661E+00      -0.00

