 alpha final =    638.00000000000000     

     granulo :  rn =  1.0  rm = 0.15  ln sig =  0.290  pour r <  50. mic.
     ======================================================================

                    longueur d onde :  0.500 microns
                    ================================

     indice reel :   1.45000     indice imaginaire : -0.35000E-02


                    nombre de particules :  0.10000E+01

       Sections d extinction et de diffusion ramenees a une particule :
       ----------------------------------------------------------------
     extinction :  0.15637E+00 mic**2     diffusion :  0.15342E+00 mic**2

            Pizero : 0.981151                 g.assymetrie : 0.69767

 ------------------------------------------------------------------------------
   j      theta       mu         i             q             u         -q/i*100
 ------------------------------------------------------------------------------
 -193      0.00    1.00000  0.90826E+01   0.00000E+00   0.90826E+01      -0.00
 -192      0.36    0.99998  0.90817E+01  -0.57619E-04   0.90817E+01       0.00
 -191      0.82    0.99990  0.90774E+01  -0.30345E-03   0.90774E+01       0.00
 -190      1.29    0.99975  0.90698E+01  -0.74513E-03   0.90698E+01       0.01
 -189      1.76    0.99953  0.90588E+01  -0.13817E-02   0.90588E+01       0.02
 -188      2.22    0.99925  0.90444E+01  -0.22119E-02   0.90444E+01       0.02
 -187      2.69    0.99890  0.90267E+01  -0.32336E-02   0.90267E+01       0.04
 -186      3.16    0.99848  0.90056E+01  -0.44446E-02   0.90056E+01       0.05
 -185      3.63    0.99799  0.89813E+01  -0.58422E-02   0.89813E+01       0.07
 -184      4.10    0.99744  0.89537E+01  -0.74232E-02   0.89537E+01       0.08
 -183      4.56    0.99683  0.89229E+01  -0.91840E-02   0.89229E+01       0.10
 -182      5.03    0.99614  0.88889E+01  -0.11121E-01   0.88889E+01       0.13
 -181      5.50    0.99539  0.88518E+01  -0.13229E-01   0.88518E+01       0.15
 -180      5.97    0.99458  0.88116E+01  -0.15504E-01   0.88115E+01       0.18
 -179      6.44    0.99370  0.87684E+01  -0.17940E-01   0.87683E+01       0.20
 -178      6.91    0.99275  0.87221E+01  -0.20533E-01   0.87220E+01       0.24
 -177      7.37    0.99173  0.86730E+01  -0.23277E-01   0.86729E+01       0.27
 -176      7.84    0.99065  0.86210E+01  -0.26165E-01   0.86208E+01       0.30
 -175      8.31    0.98950  0.85662E+01  -0.29192E-01   0.85660E+01       0.34
 -174      8.78    0.98829  0.85087E+01  -0.32350E-01   0.85084E+01       0.38
 -173      9.25    0.98701  0.84486E+01  -0.35633E-01   0.84482E+01       0.42
 -172      9.71    0.98566  0.83858E+01  -0.39033E-01   0.83854E+01       0.47
 -171     10.18    0.98425  0.83206E+01  -0.42545E-01   0.83201E+01       0.51
 -170     10.65    0.98277  0.82530E+01  -0.46159E-01   0.82524E+01       0.56
 -169     11.12    0.98123  0.81830E+01  -0.49869E-01   0.81823E+01       0.61
 -168     11.59    0.97962  0.81108E+01  -0.53667E-01   0.81100E+01       0.66
 -167     12.05    0.97795  0.80364E+01  -0.57544E-01   0.80354E+01       0.72
 -166     12.52    0.97621  0.79600E+01  -0.61494E-01   0.79588E+01       0.77
 -165     12.99    0.97440  0.78815E+01  -0.65507E-01   0.78802E+01       0.83
 -164     13.46    0.97254  0.78012E+01  -0.69576E-01   0.77997E+01       0.89
 -163     13.93    0.97060  0.77191E+01  -0.73693E-01   0.77174E+01       0.95
 -162     14.40    0.96860  0.76352E+01  -0.77849E-01   0.76333E+01       1.02
 -161     14.86    0.96654  0.75497E+01  -0.82037E-01   0.75476E+01       1.09
 -160     15.33    0.96441  0.74627E+01  -0.86249E-01   0.74604E+01       1.16
 -159     15.80    0.96222  0.73743E+01  -0.90476E-01   0.73717E+01       1.23
 -158     16.27    0.95996  0.72845E+01  -0.94710E-01   0.72816E+01       1.30
 -157     16.74    0.95764  0.71935E+01  -0.98944E-01   0.71903E+01       1.38
 -156     17.20    0.95526  0.71013E+01  -0.10317E+00   0.70977E+01       1.45
 -155     17.67    0.95281  0.70081E+01  -0.10738E+00   0.70042E+01       1.53
 -154     18.14    0.95030  0.69139E+01  -0.11157E+00   0.69096E+01       1.61
 -153     18.61    0.94772  0.68188E+01  -0.11572E+00   0.68141E+01       1.70
 -152     19.08    0.94508  0.67230E+01  -0.11984E+00   0.67178E+01       1.78
 -151     19.54    0.94238  0.66264E+01  -0.12391E+00   0.66208E+01       1.87
 -150     20.01    0.93961  0.65292E+01  -0.12794E+00   0.65232E+01       1.96
 -149     20.48    0.93679  0.64315E+01  -0.13190E+00   0.64250E+01       2.05
 -148     20.95    0.93390  0.63334E+01  -0.13580E+00   0.63263E+01       2.14
 -147     21.42    0.93094  0.62349E+01  -0.13963E+00   0.62273E+01       2.24
 -146     21.89    0.92793  0.61362E+01  -0.14339E+00   0.61280E+01       2.34
 -145     22.35    0.92485  0.60372E+01  -0.14706E+00   0.60285E+01       2.44
 -144     22.82    0.92171  0.59382E+01  -0.15065E+00   0.59289E+01       2.54
 -143     23.29    0.91851  0.58391E+01  -0.15414E+00   0.58292E+01       2.64
 -142     23.76    0.91525  0.57401E+01  -0.15754E+00   0.57295E+01       2.74
 -141     24.23    0.91193  0.56412E+01  -0.16083E+00   0.56299E+01       2.85
 -140     24.69    0.90855  0.55424E+01  -0.16403E+00   0.55305E+01       2.96
 -139     25.16    0.90510  0.54440E+01  -0.16711E+00   0.54313E+01       3.07
 -138     25.63    0.90160  0.53458E+01  -0.17008E+00   0.53325E+01       3.18
 -137     26.10    0.89804  0.52481E+01  -0.17293E+00   0.52340E+01       3.30
 -136     26.57    0.89441  0.51508E+01  -0.17567E+00   0.51359E+01       3.41
 -135     27.04    0.89073  0.50540E+01  -0.17828E+00   0.50383E+01       3.53
 -134     27.50    0.88698  0.49577E+01  -0.18077E+00   0.49413E+01       3.65
 -133     27.97    0.88318  0.48621E+01  -0.18314E+00   0.48449E+01       3.77
 -132     28.44    0.87932  0.47672E+01  -0.18537E+00   0.47491E+01       3.89
 -131     28.91    0.87540  0.46730E+01  -0.18748E+00   0.46541E+01       4.01
 -130     29.38    0.87142  0.45796E+01  -0.18946E+00   0.45598E+01       4.14
 -129     29.84    0.86738  0.44870E+01  -0.19130E+00   0.44663E+01       4.26
 -128     30.31    0.86329  0.43952E+01  -0.19302E+00   0.43737E+01       4.39
 -127     30.78    0.85914  0.43044E+01  -0.19460E+00   0.42819E+01       4.52
 -126     31.25    0.85493  0.42144E+01  -0.19605E+00   0.41911E+01       4.65
 -125     31.72    0.85066  0.41255E+01  -0.19736E+00   0.41013E+01       4.78
 -124     32.18    0.84634  0.40376E+01  -0.19855E+00   0.40125E+01       4.92
 -123     32.65    0.84195  0.39507E+01  -0.19960E+00   0.39246E+01       5.05
 -122     33.12    0.83752  0.38649E+01  -0.20052E+00   0.38379E+01       5.19
 -121     33.59    0.83303  0.37802E+01  -0.20131E+00   0.37523E+01       5.33
 -120     34.06    0.82848  0.36966E+01  -0.20197E+00   0.36677E+01       5.46
 -119     34.53    0.82387  0.36142E+01  -0.20250E+00   0.35843E+01       5.60
 -118     34.99    0.81922  0.35329E+01  -0.20291E+00   0.35021E+01       5.74
 -117     35.46    0.81450  0.34528E+01  -0.20319E+00   0.34211E+01       5.88
 -116     35.93    0.80974  0.33739E+01  -0.20335E+00   0.33412E+01       6.03
 -115     36.40    0.80491  0.32962E+01  -0.20339E+00   0.32626E+01       6.17
 -114     36.87    0.80004  0.32198E+01  -0.20332E+00   0.31852E+01       6.31
 -113     37.33    0.79511  0.31446E+01  -0.20313E+00   0.31091E+01       6.46
 -112     37.80    0.79013  0.30706E+01  -0.20282E+00   0.30342E+01       6.61
 -111     38.27    0.78509  0.29979E+01  -0.20240E+00   0.29606E+01       6.75
 -110     38.74    0.78001  0.29265E+01  -0.20188E+00   0.28882E+01       6.90
 -109     39.21    0.77487  0.28563E+01  -0.20125E+00   0.28171E+01       7.05
 -108     39.67    0.76968  0.27874E+01  -0.20052E+00   0.27473E+01       7.19
 -107     40.14    0.76444  0.27198E+01  -0.19969E+00   0.26787E+01       7.34
 -106     40.61    0.75914  0.26534E+01  -0.19877E+00   0.26115E+01       7.49
 -105     41.08    0.75380  0.25884E+01  -0.19775E+00   0.25455E+01       7.64
 -104     41.55    0.74841  0.25245E+01  -0.19664E+00   0.24808E+01       7.79
 -103     42.02    0.74296  0.24620E+01  -0.19545E+00   0.24174E+01       7.94
 -102     42.48    0.73747  0.24007E+01  -0.19417E+00   0.23553E+01       8.09
 -101     42.95    0.73193  0.23406E+01  -0.19282E+00   0.22944E+01       8.24
 -100     43.42    0.72633  0.22818E+01  -0.19139E+00   0.22347E+01       8.39
  -99     43.89    0.72069  0.22243E+01  -0.18988E+00   0.21764E+01       8.54
  -98     44.36    0.71501  0.21679E+01  -0.18831E+00   0.21192E+01       8.69
  -97     44.82    0.70927  0.21128E+01  -0.18667E+00   0.20633E+01       8.84
  -96     45.29    0.70349  0.20589E+01  -0.18497E+00   0.20087E+01       8.98
  -95     45.76    0.69766  0.20062E+01  -0.18320E+00   0.19552E+01       9.13
  -94     46.23    0.69178  0.19546E+01  -0.18139E+00   0.19029E+01       9.28
  -93     46.70    0.68586  0.19043E+01  -0.17952E+00   0.18519E+01       9.43
  -92     47.17    0.67989  0.18551E+01  -0.17760E+00   0.18020E+01       9.57
  -91     47.63    0.67387  0.18070E+01  -0.17563E+00   0.17532E+01       9.72
  -90     48.10    0.66781  0.17601E+01  -0.17362E+00   0.17056E+01       9.86
  -89     48.57    0.66171  0.17143E+01  -0.17158E+00   0.16592E+01      10.01
  -88     49.04    0.65556  0.16695E+01  -0.16949E+00   0.16138E+01      10.15
  -87     49.51    0.64937  0.16259E+01  -0.16738E+00   0.15696E+01      10.29
  -86     49.97    0.64313  0.15833E+01  -0.16523E+00   0.15264E+01      10.44
  -85     50.44    0.63686  0.15418E+01  -0.16305E+00   0.14844E+01      10.58
  -84     50.91    0.63054  0.15013E+01  -0.16085E+00   0.14433E+01      10.71
  -83     51.38    0.62417  0.14618E+01  -0.15863E+00   0.14033E+01      10.85
  -82     51.85    0.61777  0.14233E+01  -0.15639E+00   0.13643E+01      10.99
  -81     52.31    0.61132  0.13858E+01  -0.15414E+00   0.13264E+01      11.12
  -80     52.78    0.60484  0.13493E+01  -0.15187E+00   0.12894E+01      11.26
  -79     53.25    0.59831  0.13137E+01  -0.14959E+00   0.12533E+01      11.39
  -78     53.72    0.59174  0.12790E+01  -0.14730E+00   0.12183E+01      11.52
  -77     54.19    0.58514  0.12452E+01  -0.14500E+00   0.11841E+01      11.64
  -76     54.66    0.57849  0.12124E+01  -0.14270E+00   0.11509E+01      11.77
  -75     55.12    0.57181  0.11804E+01  -0.14040E+00   0.11185E+01      11.89
  -74     55.59    0.56509  0.11492E+01  -0.13810E+00   0.10870E+01      12.02
  -73     56.06    0.55833  0.11189E+01  -0.13580E+00   0.10564E+01      12.14
  -72     56.53    0.55153  0.10894E+01  -0.13351E+00   0.10266E+01      12.25
  -71     57.00    0.54470  0.10608E+01  -0.13122E+00   0.99767E+00      12.37
  -70     57.46    0.53783  0.10329E+01  -0.12895E+00   0.96951E+00      12.48
  -69     57.93    0.53092  0.10057E+01  -0.12668E+00   0.94215E+00      12.60
  -68     58.40    0.52398  0.97935E+00  -0.12442E+00   0.91555E+00      12.70
  -67     58.87    0.51700  0.95370E+00  -0.12218E+00   0.88970E+00      12.81
  -66     59.34    0.50999  0.92876E+00  -0.11995E+00   0.86458E+00      12.92
  -65     59.80    0.50294  0.90452E+00  -0.11774E+00   0.84018E+00      13.02
  -64     60.27    0.49587  0.88097E+00  -0.11555E+00   0.81648E+00      13.12
  -63     60.74    0.48875  0.85808E+00  -0.11338E+00   0.79346E+00      13.21
  -62     61.21    0.48161  0.83584E+00  -0.11122E+00   0.77111E+00      13.31
  -61     61.68    0.47443  0.81423E+00  -0.10909E+00   0.74940E+00      13.40
  -60     62.15    0.46723  0.79324E+00  -0.10698E+00   0.72833E+00      13.49
  -59     62.61    0.45999  0.77285E+00  -0.10489E+00   0.70788E+00      13.57
  -58     63.08    0.45272  0.75305E+00  -0.10283E+00   0.68803E+00      13.66
  -57     63.55    0.44542  0.73381E+00  -0.10080E+00   0.66877E+00      13.74
  -56     64.02    0.43809  0.71514E+00  -0.98785E-01   0.65007E+00      13.81
  -55     64.49    0.43073  0.69700E+00  -0.96801E-01   0.63193E+00      13.89
  -54     64.95    0.42334  0.67940E+00  -0.94845E-01   0.61434E+00      13.96
  -53     65.42    0.41592  0.66230E+00  -0.92916E-01   0.59727E+00      14.03
  -52     65.89    0.40848  0.64571E+00  -0.91017E-01   0.58071E+00      14.10
  -51     66.36    0.40101  0.62960E+00  -0.89146E-01   0.56465E+00      14.16
  -50     66.83    0.39351  0.61396E+00  -0.87305E-01   0.54907E+00      14.22
  -49     67.30    0.38598  0.59879E+00  -0.85493E-01   0.53397E+00      14.28
  -48     67.76    0.37843  0.58406E+00  -0.83712E-01   0.51932E+00      14.33
  -47     68.23    0.37086  0.56976E+00  -0.81961E-01   0.50512E+00      14.39
  -46     68.70    0.36326  0.55589E+00  -0.80241E-01   0.49135E+00      14.43
  -45     69.17    0.35563  0.54243E+00  -0.78552E-01   0.47800E+00      14.48
  -44     69.64    0.34798  0.52936E+00  -0.76893E-01   0.46506E+00      14.53
  -43     70.10    0.34031  0.51669E+00  -0.75266E-01   0.45252E+00      14.57
  -42     70.57    0.33262  0.50438E+00  -0.73670E-01   0.44036E+00      14.61
  -41     71.04    0.32490  0.49245E+00  -0.72104E-01   0.42857E+00      14.64
  -40     71.51    0.31716  0.48087E+00  -0.70570E-01   0.41715E+00      14.68
  -39     71.98    0.30941  0.46963E+00  -0.69067E-01   0.40607E+00      14.71
  -38     72.44    0.30163  0.45873E+00  -0.67594E-01   0.39534E+00      14.74
  -37     72.91    0.29383  0.44815E+00  -0.66152E-01   0.38494E+00      14.76
  -36     73.38    0.28601  0.43789E+00  -0.64741E-01   0.37486E+00      14.78
  -35     73.85    0.27817  0.42794E+00  -0.63360E-01   0.36509E+00      14.81
  -34     74.32    0.27031  0.41828E+00  -0.62009E-01   0.35562E+00      14.82
  -33     74.79    0.26243  0.40890E+00  -0.60688E-01   0.34644E+00      14.84
  -32     75.25    0.25454  0.39981E+00  -0.59396E-01   0.33755E+00      14.86
  -31     75.72    0.24663  0.39099E+00  -0.58133E-01   0.32893E+00      14.87
  -30     76.19    0.23871  0.38243E+00  -0.56900E-01   0.32058E+00      14.88
  -29     76.66    0.23076  0.37412E+00  -0.55695E-01   0.31248E+00      14.89
  -28     77.13    0.22281  0.36606E+00  -0.54517E-01   0.30464E+00      14.89
  -27     77.59    0.21483  0.35824E+00  -0.53368E-01   0.29703E+00      14.90
  -26     78.06    0.20685  0.35065E+00  -0.52246E-01   0.28966E+00      14.90
  -25     78.53    0.19885  0.34329E+00  -0.51151E-01   0.28252E+00      14.90
  -24     79.00    0.19083  0.33615E+00  -0.50082E-01   0.27559E+00      14.90
  -23     79.47    0.18280  0.32921E+00  -0.49039E-01   0.26888E+00      14.90
  -22     79.93    0.17477  0.32248E+00  -0.48022E-01   0.26237E+00      14.89
  -21     80.40    0.16671  0.31595E+00  -0.47030E-01   0.25606E+00      14.89
  -20     80.87    0.15865  0.30962E+00  -0.46062E-01   0.24994E+00      14.88
  -19     81.34    0.15058  0.30347E+00  -0.45119E-01   0.24401E+00      14.87
  -18     81.81    0.14250  0.29750E+00  -0.44199E-01   0.23826E+00      14.86
  -17     82.28    0.13441  0.29170E+00  -0.43302E-01   0.23268E+00      14.84
  -16     82.74    0.12631  0.28608E+00  -0.42427E-01   0.22727E+00      14.83
  -15     83.21    0.11820  0.28062E+00  -0.41574E-01   0.22202E+00      14.82
  -14     83.68    0.11008  0.27532E+00  -0.40743E-01   0.21693E+00      14.80
  -13     84.15    0.10195  0.27017E+00  -0.39933E-01   0.21199E+00      14.78
  -12     84.62    0.09382  0.26517E+00  -0.39143E-01   0.20720E+00      14.76
  -11     85.08    0.08569  0.26032E+00  -0.38374E-01   0.20255E+00      14.74
  -10     85.55    0.07754  0.25561E+00  -0.37623E-01   0.19804E+00      14.72
   -9     86.02    0.06939  0.25104E+00  -0.36891E-01   0.19366E+00      14.70
   -8     86.49    0.06124  0.24660E+00  -0.36177E-01   0.18941E+00      14.67
   -7     86.96    0.05308  0.24228E+00  -0.35481E-01   0.18528E+00      14.64
   -6     87.43    0.04492  0.23809E+00  -0.34803E-01   0.18127E+00      14.62
   -5     87.89    0.03676  0.23402E+00  -0.34140E-01   0.17738E+00      14.59
   -4     88.36    0.02859  0.23007E+00  -0.33494E-01   0.17360E+00      14.56
   -3     88.83    0.02043  0.22623E+00  -0.32863E-01   0.16992E+00      14.53
   -2     89.30    0.01226  0.22250E+00  -0.32248E-01   0.16635E+00      14.49
   -1     89.77    0.00409  0.21887E+00  -0.31646E-01   0.16288E+00      14.46
    0     90.00    0.00000  0.21710E+00  -0.31351E-01   0.16119E+00      14.44
    1     90.23   -0.00409  0.21535E+00  -0.31059E-01   0.15951E+00      14.42
    2     90.70   -0.01226  0.21193E+00  -0.30485E-01   0.15623E+00      14.38
    3     91.17   -0.02043  0.20860E+00  -0.29924E-01   0.15304E+00      14.34
    4     91.64   -0.02859  0.20537E+00  -0.29375E-01   0.14994E+00      14.30
    5     92.11   -0.03676  0.20223E+00  -0.28838E-01   0.14692E+00      14.26
    6     92.57   -0.04492  0.19918E+00  -0.28312E-01   0.14398E+00      14.21
    7     93.04   -0.05308  0.19621E+00  -0.27797E-01   0.14112E+00      14.17
    8     93.51   -0.06124  0.19333E+00  -0.27293E-01   0.13834E+00      14.12
    9     93.98   -0.06939  0.19052E+00  -0.26798E-01   0.13563E+00      14.07
   10     94.45   -0.07754  0.18780E+00  -0.26312E-01   0.13298E+00      14.01
   11     94.92   -0.08569  0.18515E+00  -0.25836E-01   0.13041E+00      13.95
   12     95.38   -0.09382  0.18257E+00  -0.25368E-01   0.12790E+00      13.89
   13     95.85   -0.10195  0.18006E+00  -0.24907E-01   0.12545E+00      13.83
   14     96.32   -0.11008  0.17763E+00  -0.24454E-01   0.12306E+00      13.77
   15     96.79   -0.11820  0.17526E+00  -0.24009E-01   0.12073E+00      13.70
   16     97.26   -0.12631  0.17295E+00  -0.23569E-01   0.11846E+00      13.63
   17     97.72   -0.13441  0.17071E+00  -0.23136E-01   0.11624E+00      13.55
   18     98.19   -0.14250  0.16853E+00  -0.22709E-01   0.11407E+00      13.47
   19     98.66   -0.15058  0.16641E+00  -0.22286E-01   0.11195E+00      13.39
   20     99.13   -0.15865  0.16435E+00  -0.21869E-01   0.10987E+00      13.31
   21     99.60   -0.16671  0.16234E+00  -0.21456E-01   0.10784E+00      13.22
   22    100.07   -0.17477  0.16039E+00  -0.21046E-01   0.10586E+00      13.12
   23    100.53   -0.18280  0.15849E+00  -0.20641E-01   0.10392E+00      13.02
   24    101.00   -0.19083  0.15664E+00  -0.20239E-01   0.10202E+00      12.92
   25    101.47   -0.19885  0.15484E+00  -0.19839E-01   0.10015E+00      12.81
   26    101.94   -0.20685  0.15309E+00  -0.19442E-01   0.98325E-01      12.70
   27    102.41   -0.21483  0.15138E+00  -0.19047E-01   0.96533E-01      12.58
   28    102.87   -0.22281  0.14973E+00  -0.18654E-01   0.94775E-01      12.46
   29    103.34   -0.23076  0.14811E+00  -0.18262E-01   0.93049E-01      12.33
   30    103.81   -0.23871  0.14654E+00  -0.17871E-01   0.91354E-01      12.19
   31    104.28   -0.24663  0.14502E+00  -0.17481E-01   0.89687E-01      12.05
   32    104.75   -0.25454  0.14353E+00  -0.17091E-01   0.88049E-01      11.91
   33    105.21   -0.26243  0.14208E+00  -0.16701E-01   0.86436E-01      11.75
   34    105.68   -0.27031  0.14067E+00  -0.16311E-01   0.84849E-01      11.59
   35    106.15   -0.27817  0.13930E+00  -0.15920E-01   0.83285E-01      11.43
   36    106.62   -0.28601  0.13797E+00  -0.15528E-01   0.81744E-01      11.25
   37    107.09   -0.29383  0.13667E+00  -0.15136E-01   0.80224E-01      11.07
   38    107.56   -0.30163  0.13541E+00  -0.14741E-01   0.78724E-01      10.89
   39    108.02   -0.30941  0.13418E+00  -0.14346E-01   0.77243E-01      10.69
   40    108.49   -0.31716  0.13298E+00  -0.13948E-01   0.75779E-01      10.49
   41    108.96   -0.32490  0.13181E+00  -0.13548E-01   0.74332E-01      10.28
   42    109.43   -0.33262  0.13068E+00  -0.13145E-01   0.72900E-01      10.06
   43    109.90   -0.34031  0.12958E+00  -0.12740E-01   0.71482E-01       9.83
   44    110.36   -0.34798  0.12850E+00  -0.12332E-01   0.70077E-01       9.60
   45    110.83   -0.35563  0.12746E+00  -0.11921E-01   0.68684E-01       9.35
   46    111.30   -0.36326  0.12644E+00  -0.11506E-01   0.67303E-01       9.10
   47    111.77   -0.37086  0.12545E+00  -0.11089E-01   0.65931E-01       8.84
   48    112.24   -0.37843  0.12448E+00  -0.10667E-01   0.64569E-01       8.57
   49    112.70   -0.38598  0.12355E+00  -0.10242E-01   0.63214E-01       8.29
   50    113.17   -0.39351  0.12263E+00  -0.98121E-02   0.61867E-01       8.00
   51    113.64   -0.40101  0.12175E+00  -0.93786E-02   0.60526E-01       7.70
   52    114.11   -0.40848  0.12088E+00  -0.89408E-02   0.59190E-01       7.40
   53    114.58   -0.41592  0.12005E+00  -0.84986E-02   0.57859E-01       7.08
   54    115.05   -0.42334  0.11923E+00  -0.80519E-02   0.56531E-01       6.75
   55    115.51   -0.43073  0.11844E+00  -0.76007E-02   0.55205E-01       6.42
   56    115.98   -0.43809  0.11766E+00  -0.71447E-02   0.53881E-01       6.07
   57    116.45   -0.44542  0.11691E+00  -0.66841E-02   0.52559E-01       5.72
   58    116.92   -0.45272  0.11619E+00  -0.62186E-02   0.51236E-01       5.35
   59    117.39   -0.45999  0.11548E+00  -0.57482E-02   0.49912E-01       4.98
   60    117.85   -0.46723  0.11479E+00  -0.52730E-02   0.48587E-01       4.59
   61    118.32   -0.47443  0.11412E+00  -0.47928E-02   0.47260E-01       4.20
   62    118.79   -0.48161  0.11347E+00  -0.43078E-02   0.45930E-01       3.80
   63    119.26   -0.48875  0.11285E+00  -0.38178E-02   0.44595E-01       3.38
   64    119.73   -0.49587  0.11223E+00  -0.33230E-02   0.43256E-01       2.96
   65    120.20   -0.50294  0.11164E+00  -0.28233E-02   0.41912E-01       2.53
   66    120.66   -0.50999  0.11107E+00  -0.23188E-02   0.40562E-01       2.09
   67    121.13   -0.51700  0.11051E+00  -0.18097E-02   0.39206E-01       1.64
   68    121.60   -0.52398  0.10997E+00  -0.12959E-02   0.37842E-01       1.18
   69    122.07   -0.53092  0.10945E+00  -0.77755E-03   0.36469E-01       0.71
   70    122.54   -0.53783  0.10895E+00  -0.25482E-03   0.35089E-01       0.23
   71    123.00   -0.54470  0.10846E+00   0.27218E-03   0.33699E-01      -0.25
   72    123.47   -0.55153  0.10799E+00   0.80331E-03   0.32299E-01      -0.74
   73    123.94   -0.55833  0.10754E+00   0.13384E-02   0.30889E-01      -1.24
   74    124.41   -0.56509  0.10710E+00   0.18772E-02   0.29467E-01      -1.75
   75    124.88   -0.57181  0.10668E+00   0.24197E-02   0.28035E-01      -2.27
   76    125.34   -0.57849  0.10627E+00   0.29654E-02   0.26590E-01      -2.79
   77    125.81   -0.58514  0.10588E+00   0.35143E-02   0.25132E-01      -3.32
   78    126.28   -0.59174  0.10550E+00   0.40660E-02   0.23661E-01      -3.85
   79    126.75   -0.59831  0.10514E+00   0.46203E-02   0.22177E-01      -4.39
   80    127.22   -0.60484  0.10480E+00   0.51768E-02   0.20678E-01      -4.94
   81    127.69   -0.61132  0.10447E+00   0.57353E-02   0.19166E-01      -5.49
   82    128.15   -0.61777  0.10416E+00   0.62955E-02   0.17638E-01      -6.04
   83    128.62   -0.62417  0.10386E+00   0.68569E-02   0.16095E-01      -6.60
   84    129.09   -0.63054  0.10357E+00   0.74193E-02   0.14536E-01      -7.16
   85    129.56   -0.63686  0.10330E+00   0.79822E-02   0.12962E-01      -7.73
   86    130.03   -0.64313  0.10305E+00   0.85452E-02   0.11371E-01      -8.29
   87    130.49   -0.64937  0.10281E+00   0.91079E-02   0.97632E-02      -8.86
   88    130.96   -0.65556  0.10259E+00   0.96699E-02   0.81389E-02      -9.43
   89    131.43   -0.66171  0.10238E+00   0.10231E-01   0.64975E-02      -9.99
   90    131.90   -0.66781  0.10219E+00   0.10790E-01   0.48388E-02     -10.56
   91    132.37   -0.67387  0.10201E+00   0.11347E-01   0.31627E-02     -11.12
   92    132.83   -0.67989  0.10185E+00   0.11901E-01   0.14690E-02     -11.68
   93    133.30   -0.68586  0.10170E+00   0.12452E-01  -0.24237E-03     -12.24
   94    133.77   -0.69178  0.10157E+00   0.12999E-01  -0.19716E-02     -12.80
   95    134.24   -0.69766  0.10146E+00   0.13542E-01  -0.37186E-02     -13.35
   96    134.71   -0.70349  0.10136E+00   0.14080E-01  -0.54835E-02     -13.89
   97    135.18   -0.70927  0.10128E+00   0.14613E-01  -0.72662E-02     -14.43
   98    135.64   -0.71501  0.10121E+00   0.15139E-01  -0.90668E-02     -14.96
   99    136.11   -0.72069  0.10116E+00   0.15659E-01  -0.10885E-01     -15.48
  100    136.58   -0.72633  0.10113E+00   0.16171E-01  -0.12721E-01     -15.99
  101    137.05   -0.73193  0.10111E+00   0.16675E-01  -0.14574E-01     -16.49
  102    137.52   -0.73747  0.10111E+00   0.17171E-01  -0.16445E-01     -16.98
  103    137.98   -0.74296  0.10113E+00   0.17657E-01  -0.18333E-01     -17.46
  104    138.45   -0.74841  0.10116E+00   0.18134E-01  -0.20237E-01     -17.93
  105    138.92   -0.75380  0.10122E+00   0.18599E-01  -0.22158E-01     -18.38
  106    139.39   -0.75914  0.10129E+00   0.19054E-01  -0.24095E-01     -18.81
  107    139.86   -0.76444  0.10137E+00   0.19496E-01  -0.26048E-01     -19.23
  108    140.33   -0.76968  0.10148E+00   0.19926E-01  -0.28016E-01     -19.63
  109    140.79   -0.77487  0.10161E+00   0.20342E-01  -0.29999E-01     -20.02
  110    141.26   -0.78001  0.10175E+00   0.20744E-01  -0.31997E-01     -20.39
  111    141.73   -0.78509  0.10192E+00   0.21131E-01  -0.34008E-01     -20.73
  112    142.20   -0.79013  0.10210E+00   0.21502E-01  -0.36032E-01     -21.06
  113    142.67   -0.79511  0.10230E+00   0.21858E-01  -0.38070E-01     -21.37
  114    143.13   -0.80004  0.10253E+00   0.22196E-01  -0.40119E-01     -21.65
  115    143.60   -0.80491  0.10277E+00   0.22517E-01  -0.42180E-01     -21.91
  116    144.07   -0.80974  0.10303E+00   0.22820E-01  -0.44251E-01     -22.15
  117    144.54   -0.81450  0.10332E+00   0.23103E-01  -0.46333E-01     -22.36
  118    145.01   -0.81922  0.10363E+00   0.23368E-01  -0.48423E-01     -22.55
  119    145.47   -0.82387  0.10395E+00   0.23612E-01  -0.50522E-01     -22.71
  120    145.94   -0.82848  0.10430E+00   0.23835E-01  -0.52628E-01     -22.85
  121    146.41   -0.83303  0.10467E+00   0.24038E-01  -0.54740E-01     -22.96
  122    146.88   -0.83752  0.10506E+00   0.24218E-01  -0.56858E-01     -23.05
  123    147.35   -0.84195  0.10548E+00   0.24376E-01  -0.58981E-01     -23.11
  124    147.82   -0.84634  0.10591E+00   0.24511E-01  -0.61107E-01     -23.14
  125    148.28   -0.85066  0.10637E+00   0.24623E-01  -0.63236E-01     -23.15
  126    148.75   -0.85493  0.10685E+00   0.24711E-01  -0.65367E-01     -23.13
  127    149.22   -0.85914  0.10735E+00   0.24775E-01  -0.67498E-01     -23.08
  128    149.69   -0.86329  0.10788E+00   0.24814E-01  -0.69628E-01     -23.00
  129    150.16   -0.86738  0.10843E+00   0.24828E-01  -0.71756E-01     -22.90
  130    150.62   -0.87142  0.10900E+00   0.24818E-01  -0.73882E-01     -22.77
  131    151.09   -0.87540  0.10959E+00   0.24782E-01  -0.76003E-01     -22.61
  132    151.56   -0.87932  0.11021E+00   0.24720E-01  -0.78120E-01     -22.43
  133    152.03   -0.88318  0.11085E+00   0.24633E-01  -0.80229E-01     -22.22
  134    152.50   -0.88698  0.11150E+00   0.24521E-01  -0.82331E-01     -21.99
  135    152.96   -0.89073  0.11219E+00   0.24382E-01  -0.84424E-01     -21.73
  136    153.43   -0.89441  0.11289E+00   0.24218E-01  -0.86507E-01     -21.45
  137    153.90   -0.89804  0.11361E+00   0.24028E-01  -0.88579E-01     -21.15
  138    154.37   -0.90160  0.11436E+00   0.23813E-01  -0.90638E-01     -20.82
  139    154.84   -0.90510  0.11512E+00   0.23572E-01  -0.92683E-01     -20.48
  140    155.31   -0.90855  0.11591E+00   0.23306E-01  -0.94712E-01     -20.11
  141    155.77   -0.91193  0.11672E+00   0.23016E-01  -0.96726E-01     -19.72
  142    156.24   -0.91525  0.11754E+00   0.22702E-01  -0.98721E-01     -19.31
  143    156.71   -0.91851  0.11838E+00   0.22363E-01  -0.10070E+00     -18.89
  144    157.18   -0.92171  0.11924E+00   0.22001E-01  -0.10266E+00     -18.45
  145    157.65   -0.92485  0.12012E+00   0.21617E-01  -0.10459E+00     -18.00
  146    158.11   -0.92793  0.12101E+00   0.21211E-01  -0.10650E+00     -17.53
  147    158.58   -0.93094  0.12192E+00   0.20783E-01  -0.10839E+00     -17.05
  148    159.05   -0.93390  0.12284E+00   0.20335E-01  -0.11026E+00     -16.55
  149    159.52   -0.93679  0.12378E+00   0.19867E-01  -0.11209E+00     -16.05
  150    159.99   -0.93961  0.12472E+00   0.19380E-01  -0.11391E+00     -15.54
  151    160.46   -0.94238  0.12568E+00   0.18875E-01  -0.11569E+00     -15.02
  152    160.92   -0.94508  0.12665E+00   0.18354E-01  -0.11744E+00     -14.49
  153    161.39   -0.94772  0.12763E+00   0.17817E-01  -0.11916E+00     -13.96
  154    161.86   -0.95030  0.12861E+00   0.17266E-01  -0.12086E+00     -13.43
  155    162.33   -0.95281  0.12960E+00   0.16702E-01  -0.12251E+00     -12.89
  156    162.80   -0.95526  0.13059E+00   0.16125E-01  -0.12414E+00     -12.35
  157    163.26   -0.95764  0.13159E+00   0.15538E-01  -0.12573E+00     -11.81
  158    163.73   -0.95996  0.13259E+00   0.14942E-01  -0.12729E+00     -11.27
  159    164.20   -0.96222  0.13358E+00   0.14338E-01  -0.12881E+00     -10.73
  160    164.67   -0.96441  0.13458E+00   0.13727E-01  -0.13029E+00     -10.20
  161    165.14   -0.96654  0.13557E+00   0.13112E-01  -0.13173E+00      -9.67
  162    165.60   -0.96860  0.13656E+00   0.12493E-01  -0.13314E+00      -9.15
  163    166.07   -0.97060  0.13754E+00   0.11873E-01  -0.13451E+00      -8.63
  164    166.54   -0.97254  0.13851E+00   0.11252E-01  -0.13583E+00      -8.12
  165    167.01   -0.97440  0.13947E+00   0.10633E-01  -0.13712E+00      -7.62
  166    167.48   -0.97621  0.14041E+00   0.10017E-01  -0.13837E+00      -7.13
  167    167.95   -0.97795  0.14135E+00   0.94059E-02  -0.13957E+00      -6.65
  168    168.41   -0.97962  0.14226E+00   0.88010E-02  -0.14073E+00      -6.19
  169    168.88   -0.98123  0.14316E+00   0.82040E-02  -0.14185E+00      -5.73
  170    169.35   -0.98277  0.14404E+00   0.76167E-02  -0.14293E+00      -5.29
  171    169.82   -0.98425  0.14490E+00   0.70406E-02  -0.14396E+00      -4.86
  172    170.29   -0.98566  0.14573E+00   0.64775E-02  -0.14494E+00      -4.44
  173    170.75   -0.98701  0.14654E+00   0.59287E-02  -0.14589E+00      -4.05
  174    171.22   -0.98829  0.14732E+00   0.53960E-02  -0.14679E+00      -3.66
  175    171.69   -0.98950  0.14807E+00   0.48808E-02  -0.14764E+00      -3.30
  176    172.16   -0.99065  0.14879E+00   0.43846E-02  -0.14845E+00      -2.95
  177    172.63   -0.99173  0.14948E+00   0.39089E-02  -0.14921E+00      -2.62
  178    173.09   -0.99275  0.15013E+00   0.34550E-02  -0.14993E+00      -2.30
  179    173.56   -0.99370  0.15075E+00   0.30243E-02  -0.15060E+00      -2.01
  180    174.03   -0.99458  0.15134E+00   0.26181E-02  -0.15122E+00      -1.73
  181    174.50   -0.99539  0.15188E+00   0.22375E-02  -0.15180E+00      -1.47
  182    174.97   -0.99614  0.15239E+00   0.18837E-02  -0.15233E+00      -1.24
  183    175.44   -0.99683  0.15285E+00   0.15577E-02  -0.15281E+00      -1.02
  184    175.90   -0.99744  0.15327E+00   0.12606E-02  -0.15325E+00      -0.82
  185    176.37   -0.99799  0.15365E+00   0.99318E-03  -0.15364E+00      -0.65
  186    176.84   -0.99848  0.15399E+00   0.75630E-03  -0.15398E+00      -0.49
  187    177.31   -0.99890  0.15428E+00   0.55068E-03  -0.15428E+00      -0.36
  188    177.78   -0.99925  0.15453E+00   0.37694E-03  -0.15453E+00      -0.24
  189    178.24   -0.99953  0.15473E+00   0.23560E-03  -0.15473E+00      -0.15
  190    178.71   -0.99975  0.15488E+00   0.12711E-03  -0.15488E+00      -0.08
  191    179.18   -0.99990  0.15499E+00   0.51779E-04  -0.15499E+00      -0.03
  192    179.64   -0.99998  0.15505E+00   0.98335E-05  -0.15505E+00      -0.01
  193    180.00   -1.00000  0.15506E+00   0.00000E+00  -0.15506E+00      -0.00

