 alpha final =    602.00000000000000     

     granulo :  rn =  1.0  rm = 0.15  ln sig =  0.290  pour r <  50. mic.
     ======================================================================

                    longueur d onde :  0.530 microns
                    ================================

     indice reel :   1.45000     indice imaginaire : -0.35000E-02


                    nombre de particules :  0.10000E+01

       Sections d extinction et de diffusion ramenees a une particule :
       ----------------------------------------------------------------
     extinction :  0.14102E+00 mic**2     diffusion :  0.13828E+00 mic**2

            Pizero : 0.980597                 g.assymetrie : 0.68458

 ------------------------------------------------------------------------------
   j      theta       mu         i             q             u         -q/i*100
 ------------------------------------------------------------------------------
 -193      0.00    1.00000  0.83841E+01   0.00000E+00   0.83841E+01      -0.00
 -192      0.36    0.99998  0.83833E+01  -0.59247E-04   0.83833E+01       0.00
 -191      0.82    0.99990  0.83797E+01  -0.31203E-03   0.83797E+01       0.00
 -190      1.29    0.99975  0.83733E+01  -0.76628E-03   0.83733E+01       0.01
 -189      1.76    0.99953  0.83640E+01  -0.14211E-02   0.83640E+01       0.02
 -188      2.22    0.99925  0.83519E+01  -0.22753E-02   0.83519E+01       0.03
 -187      2.69    0.99890  0.83370E+01  -0.33270E-02   0.83370E+01       0.04
 -186      3.16    0.99848  0.83194E+01  -0.45742E-02   0.83193E+01       0.05
 -185      3.63    0.99799  0.82989E+01  -0.60142E-02   0.82989E+01       0.07
 -184      4.10    0.99744  0.82757E+01  -0.76442E-02   0.82756E+01       0.09
 -183      4.56    0.99683  0.82497E+01  -0.94609E-02   0.82497E+01       0.11
 -182      5.03    0.99614  0.82211E+01  -0.11461E-01   0.82210E+01       0.14
 -181      5.50    0.99539  0.81898E+01  -0.13639E-01   0.81897E+01       0.17
 -180      5.97    0.99458  0.81559E+01  -0.15992E-01   0.81558E+01       0.20
 -179      6.44    0.99370  0.81194E+01  -0.18515E-01   0.81193E+01       0.23
 -178      6.91    0.99275  0.80804E+01  -0.21203E-01   0.80803E+01       0.26
 -177      7.37    0.99173  0.80389E+01  -0.24051E-01   0.80387E+01       0.30
 -176      7.84    0.99065  0.79949E+01  -0.27052E-01   0.79948E+01       0.34
 -175      8.31    0.98950  0.79486E+01  -0.30201E-01   0.79484E+01       0.38
 -174      8.78    0.98829  0.78999E+01  -0.33493E-01   0.78997E+01       0.42
 -173      9.25    0.98701  0.78490E+01  -0.36919E-01   0.78487E+01       0.47
 -172      9.71    0.98566  0.77958E+01  -0.40475E-01   0.77954E+01       0.52
 -171     10.18    0.98425  0.77405E+01  -0.44152E-01   0.77400E+01       0.57
 -170     10.65    0.98277  0.76831E+01  -0.47944E-01   0.76825E+01       0.62
 -169     11.12    0.98123  0.76236E+01  -0.51844E-01   0.76230E+01       0.68
 -168     11.59    0.97962  0.75622E+01  -0.55845E-01   0.75615E+01       0.74
 -167     12.05    0.97795  0.74989E+01  -0.59938E-01   0.74980E+01       0.80
 -166     12.52    0.97621  0.74337E+01  -0.64117E-01   0.74327E+01       0.86
 -165     12.99    0.97440  0.73668E+01  -0.68373E-01   0.73657E+01       0.93
 -164     13.46    0.97254  0.72982E+01  -0.72699E-01   0.72969E+01       1.00
 -163     13.93    0.97060  0.72280E+01  -0.77087E-01   0.72265E+01       1.07
 -162     14.40    0.96860  0.71562E+01  -0.81530E-01   0.71546E+01       1.14
 -161     14.86    0.96654  0.70830E+01  -0.86019E-01   0.70811E+01       1.21
 -160     15.33    0.96441  0.70084E+01  -0.90546E-01   0.70063E+01       1.29
 -159     15.80    0.96222  0.69324E+01  -0.95104E-01   0.69301E+01       1.37
 -158     16.27    0.95996  0.68552E+01  -0.99685E-01   0.68526E+01       1.45
 -157     16.74    0.95764  0.67769E+01  -0.10428E+00   0.67740E+01       1.54
 -156     17.20    0.95526  0.66974E+01  -0.10888E+00   0.66942E+01       1.63
 -155     17.67    0.95281  0.66169E+01  -0.11349E+00   0.66134E+01       1.72
 -154     18.14    0.95030  0.65355E+01  -0.11808E+00   0.65317E+01       1.81
 -153     18.61    0.94772  0.64531E+01  -0.12266E+00   0.64490E+01       1.90
 -152     19.08    0.94508  0.63700E+01  -0.12722E+00   0.63655E+01       2.00
 -151     19.54    0.94238  0.62862E+01  -0.13175E+00   0.62813E+01       2.10
 -150     20.01    0.93961  0.62017E+01  -0.13624E+00   0.61963E+01       2.20
 -149     20.48    0.93679  0.61166E+01  -0.14069E+00   0.61108E+01       2.30
 -148     20.95    0.93390  0.60310E+01  -0.14509E+00   0.60248E+01       2.41
 -147     21.42    0.93094  0.59450E+01  -0.14944E+00   0.59383E+01       2.51
 -146     21.89    0.92793  0.58586E+01  -0.15372E+00   0.58514E+01       2.62
 -145     22.35    0.92485  0.57719E+01  -0.15793E+00   0.57642E+01       2.74
 -144     22.82    0.92171  0.56850E+01  -0.16207E+00   0.56767E+01       2.85
 -143     23.29    0.91851  0.55979E+01  -0.16613E+00   0.55890E+01       2.97
 -142     23.76    0.91525  0.55107E+01  -0.17011E+00   0.55012E+01       3.09
 -141     24.23    0.91193  0.54234E+01  -0.17400E+00   0.54133E+01       3.21
 -140     24.69    0.90855  0.53362E+01  -0.17779E+00   0.53254E+01       3.33
 -139     25.16    0.90510  0.52490E+01  -0.18149E+00   0.52376E+01       3.46
 -138     25.63    0.90160  0.51619E+01  -0.18508E+00   0.51499E+01       3.59
 -137     26.10    0.89804  0.50751E+01  -0.18856E+00   0.50623E+01       3.72
 -136     26.57    0.89441  0.49885E+01  -0.19194E+00   0.49750E+01       3.85
 -135     27.04    0.89073  0.49021E+01  -0.19520E+00   0.48880E+01       3.98
 -134     27.50    0.88698  0.48162E+01  -0.19834E+00   0.48012E+01       4.12
 -133     27.97    0.88318  0.47306E+01  -0.20136E+00   0.47149E+01       4.26
 -132     28.44    0.87932  0.46455E+01  -0.20426E+00   0.46290E+01       4.40
 -131     28.91    0.87540  0.45608E+01  -0.20704E+00   0.45435E+01       4.54
 -130     29.38    0.87142  0.44767E+01  -0.20969E+00   0.44586E+01       4.68
 -129     29.84    0.86738  0.43932E+01  -0.21221E+00   0.43742E+01       4.83
 -128     30.31    0.86329  0.43103E+01  -0.21460E+00   0.42905E+01       4.98
 -127     30.78    0.85914  0.42280E+01  -0.21686E+00   0.42073E+01       5.13
 -126     31.25    0.85493  0.41464E+01  -0.21898E+00   0.41249E+01       5.28
 -125     31.72    0.85066  0.40655E+01  -0.22097E+00   0.40431E+01       5.44
 -124     32.18    0.84634  0.39854E+01  -0.22283E+00   0.39621E+01       5.59
 -123     32.65    0.84195  0.39061E+01  -0.22455E+00   0.38819E+01       5.75
 -122     33.12    0.83752  0.38276E+01  -0.22614E+00   0.38025E+01       5.91
 -121     33.59    0.83303  0.37500E+01  -0.22760E+00   0.37239E+01       6.07
 -120     34.06    0.82848  0.36732E+01  -0.22892E+00   0.36462E+01       6.23
 -119     34.53    0.82387  0.35973E+01  -0.23010E+00   0.35693E+01       6.40
 -118     34.99    0.81922  0.35223E+01  -0.23116E+00   0.34934E+01       6.56
 -117     35.46    0.81450  0.34483E+01  -0.23208E+00   0.34184E+01       6.73
 -116     35.93    0.80974  0.33752E+01  -0.23287E+00   0.33444E+01       6.90
 -115     36.40    0.80491  0.33031E+01  -0.23353E+00   0.32713E+01       7.07
 -114     36.87    0.80004  0.32319E+01  -0.23406E+00   0.31992E+01       7.24
 -113     37.33    0.79511  0.31618E+01  -0.23447E+00   0.31281E+01       7.42
 -112     37.80    0.79013  0.30927E+01  -0.23475E+00   0.30581E+01       7.59
 -111     38.27    0.78509  0.30246E+01  -0.23491E+00   0.29890E+01       7.77
 -110     38.74    0.78001  0.29576E+01  -0.23495E+00   0.29210E+01       7.94
 -109     39.21    0.77487  0.28916E+01  -0.23487E+00   0.28540E+01       8.12
 -108     39.67    0.76968  0.28266E+01  -0.23468E+00   0.27881E+01       8.30
 -107     40.14    0.76444  0.27627E+01  -0.23437E+00   0.27233E+01       8.48
 -106     40.61    0.75914  0.26999E+01  -0.23395E+00   0.26595E+01       8.67
 -105     41.08    0.75380  0.26381E+01  -0.23343E+00   0.25968E+01       8.85
 -104     41.55    0.74841  0.25774E+01  -0.23279E+00   0.25351E+01       9.03
 -103     42.02    0.74296  0.25178E+01  -0.23206E+00   0.24746E+01       9.22
 -102     42.48    0.73747  0.24592E+01  -0.23122E+00   0.24151E+01       9.40
 -101     42.95    0.73193  0.24017E+01  -0.23029E+00   0.23567E+01       9.59
 -100     43.42    0.72633  0.23453E+01  -0.22926E+00   0.22993E+01       9.78
  -99     43.89    0.72069  0.22899E+01  -0.22814E+00   0.22431E+01       9.96
  -98     44.36    0.71501  0.22356E+01  -0.22694E+00   0.21879E+01      10.15
  -97     44.82    0.70927  0.21824E+01  -0.22565E+00   0.21338E+01      10.34
  -96     45.29    0.70349  0.21302E+01  -0.22428E+00   0.20807E+01      10.53
  -95     45.76    0.69766  0.20790E+01  -0.22282E+00   0.20287E+01      10.72
  -94     46.23    0.69178  0.20289E+01  -0.22130E+00   0.19777E+01      10.91
  -93     46.70    0.68586  0.19798E+01  -0.21970E+00   0.19278E+01      11.10
  -92     47.17    0.67989  0.19317E+01  -0.21804E+00   0.18789E+01      11.29
  -91     47.63    0.67387  0.18846E+01  -0.21630E+00   0.18311E+01      11.48
  -90     48.10    0.66781  0.18386E+01  -0.21451E+00   0.17842E+01      11.67
  -89     48.57    0.66171  0.17935E+01  -0.21266E+00   0.17384E+01      11.86
  -88     49.04    0.65556  0.17494E+01  -0.21075E+00   0.16936E+01      12.05
  -87     49.51    0.64937  0.17063E+01  -0.20878E+00   0.16497E+01      12.24
  -86     49.97    0.64313  0.16641E+01  -0.20677E+00   0.16068E+01      12.43
  -85     50.44    0.63686  0.16229E+01  -0.20471E+00   0.15649E+01      12.61
  -84     50.91    0.63054  0.15826E+01  -0.20261E+00   0.15240E+01      12.80
  -83     51.38    0.62417  0.15432E+01  -0.20046E+00   0.14840E+01      12.99
  -82     51.85    0.61777  0.15048E+01  -0.19828E+00   0.14449E+01      13.18
  -81     52.31    0.61132  0.14672E+01  -0.19606E+00   0.14067E+01      13.36
  -80     52.78    0.60484  0.14305E+01  -0.19381E+00   0.13694E+01      13.55
  -79     53.25    0.59831  0.13947E+01  -0.19154E+00   0.13330E+01      13.73
  -78     53.72    0.59174  0.13598E+01  -0.18923E+00   0.12975E+01      13.92
  -77     54.19    0.58514  0.13257E+01  -0.18690E+00   0.12629E+01      14.10
  -76     54.66    0.57849  0.12924E+01  -0.18455E+00   0.12291E+01      14.28
  -75     55.12    0.57181  0.12599E+01  -0.18218E+00   0.11961E+01      14.46
  -74     55.59    0.56509  0.12283E+01  -0.17980E+00   0.11640E+01      14.64
  -73     56.06    0.55833  0.11974E+01  -0.17740E+00   0.11326E+01      14.82
  -72     56.53    0.55153  0.11673E+01  -0.17499E+00   0.11021E+01      14.99
  -71     57.00    0.54470  0.11379E+01  -0.17257E+00   0.10723E+01      15.17
  -70     57.46    0.53783  0.11093E+01  -0.17014E+00   0.10433E+01      15.34
  -69     57.93    0.53092  0.10814E+01  -0.16771E+00   0.10150E+01      15.51
  -68     58.40    0.52398  0.10542E+01  -0.16527E+00   0.98745E+00      15.68
  -67     58.87    0.51700  0.10278E+01  -0.16284E+00   0.96063E+00      15.84
  -66     59.34    0.50999  0.10020E+01  -0.16040E+00   0.93451E+00      16.01
  -65     59.80    0.50294  0.97687E+00  -0.15797E+00   0.90908E+00      16.17
  -64     60.27    0.49587  0.95241E+00  -0.15555E+00   0.88433E+00      16.33
  -63     60.74    0.48875  0.92859E+00  -0.15313E+00   0.86023E+00      16.49
  -62     61.21    0.48161  0.90540E+00  -0.15072E+00   0.83678E+00      16.65
  -61     61.68    0.47443  0.88282E+00  -0.14832E+00   0.81397E+00      16.80
  -60     62.15    0.46723  0.86085E+00  -0.14593E+00   0.79177E+00      16.95
  -59     62.61    0.45999  0.83947E+00  -0.14355E+00   0.77018E+00      17.10
  -58     63.08    0.45272  0.81865E+00  -0.14118E+00   0.74918E+00      17.25
  -57     63.55    0.44542  0.79840E+00  -0.13884E+00   0.72875E+00      17.39
  -56     64.02    0.43809  0.77870E+00  -0.13651E+00   0.70889E+00      17.53
  -55     64.49    0.43073  0.75953E+00  -0.13419E+00   0.68959E+00      17.67
  -54     64.95    0.42334  0.74089E+00  -0.13190E+00   0.67082E+00      17.80
  -53     65.42    0.41592  0.72275E+00  -0.12963E+00   0.65257E+00      17.93
  -52     65.89    0.40848  0.70511E+00  -0.12737E+00   0.63484E+00      18.06
  -51     66.36    0.40101  0.68796E+00  -0.12514E+00   0.61760E+00      18.19
  -50     66.83    0.39351  0.67128E+00  -0.12293E+00   0.60086E+00      18.31
  -49     67.30    0.38598  0.65506E+00  -0.12075E+00   0.58459E+00      18.43
  -48     67.76    0.37843  0.63929E+00  -0.11859E+00   0.56878E+00      18.55
  -47     68.23    0.37086  0.62396E+00  -0.11645E+00   0.55342E+00      18.66
  -46     68.70    0.36326  0.60906E+00  -0.11434E+00   0.53850E+00      18.77
  -45     69.17    0.35563  0.59457E+00  -0.11226E+00   0.52402E+00      18.88
  -44     69.64    0.34798  0.58049E+00  -0.11020E+00   0.50995E+00      18.98
  -43     70.10    0.34031  0.56680E+00  -0.10817E+00   0.49628E+00      19.08
  -42     70.57    0.33262  0.55350E+00  -0.10617E+00   0.48301E+00      19.18
  -41     71.04    0.32490  0.54057E+00  -0.10419E+00   0.47013E+00      19.27
  -40     71.51    0.31716  0.52801E+00  -0.10225E+00   0.45761E+00      19.36
  -39     71.98    0.30941  0.51580E+00  -0.10033E+00   0.44547E+00      19.45
  -38     72.44    0.30163  0.50393E+00  -0.98438E-01   0.43368E+00      19.53
  -37     72.91    0.29383  0.49240E+00  -0.96578E-01   0.42223E+00      19.61
  -36     73.38    0.28601  0.48120E+00  -0.94746E-01   0.41112E+00      19.69
  -35     73.85    0.27817  0.47032E+00  -0.92944E-01   0.40033E+00      19.76
  -34     74.32    0.27031  0.45974E+00  -0.91171E-01   0.38986E+00      19.83
  -33     74.79    0.26243  0.44946E+00  -0.89427E-01   0.37969E+00      19.90
  -32     75.25    0.25454  0.43948E+00  -0.87713E-01   0.36983E+00      19.96
  -31     75.72    0.24663  0.42978E+00  -0.86028E-01   0.36025E+00      20.02
  -30     76.19    0.23871  0.42035E+00  -0.84371E-01   0.35096E+00      20.07
  -29     76.66    0.23076  0.41119E+00  -0.82744E-01   0.34194E+00      20.12
  -28     77.13    0.22281  0.40230E+00  -0.81146E-01   0.33319E+00      20.17
  -27     77.59    0.21483  0.39365E+00  -0.79577E-01   0.32469E+00      20.21
  -26     78.06    0.20685  0.38526E+00  -0.78036E-01   0.31644E+00      20.26
  -25     78.53    0.19885  0.37710E+00  -0.76524E-01   0.30844E+00      20.29
  -24     79.00    0.19083  0.36917E+00  -0.75040E-01   0.30067E+00      20.33
  -23     79.47    0.18280  0.36147E+00  -0.73584E-01   0.29313E+00      20.36
  -22     79.93    0.17477  0.35399E+00  -0.72156E-01   0.28581E+00      20.38
  -21     80.40    0.16671  0.34671E+00  -0.70754E-01   0.27871E+00      20.41
  -20     80.87    0.15865  0.33965E+00  -0.69380E-01   0.27182E+00      20.43
  -19     81.34    0.15058  0.33279E+00  -0.68033E-01   0.26512E+00      20.44
  -18     81.81    0.14250  0.32612E+00  -0.66712E-01   0.25862E+00      20.46
  -17     82.28    0.13441  0.31964E+00  -0.65417E-01   0.25231E+00      20.47
  -16     82.74    0.12631  0.31334E+00  -0.64148E-01   0.24619E+00      20.47
  -15     83.21    0.11820  0.30722E+00  -0.62904E-01   0.24024E+00      20.48
  -14     83.68    0.11008  0.30127E+00  -0.61685E-01   0.23447E+00      20.47
  -13     84.15    0.10195  0.29549E+00  -0.60490E-01   0.22886E+00      20.47
  -12     84.62    0.09382  0.28988E+00  -0.59319E-01   0.22342E+00      20.46
  -11     85.08    0.08569  0.28442E+00  -0.58172E-01   0.21813E+00      20.45
  -10     85.55    0.07754  0.27911E+00  -0.57048E-01   0.21299E+00      20.44
   -9     86.02    0.06939  0.27396E+00  -0.55947E-01   0.20800E+00      20.42
   -8     86.49    0.06124  0.26895E+00  -0.54868E-01   0.20315E+00      20.40
   -7     86.96    0.05308  0.26407E+00  -0.53810E-01   0.19843E+00      20.38
   -6     87.43    0.04492  0.25934E+00  -0.52774E-01   0.19386E+00      20.35
   -5     87.89    0.03676  0.25473E+00  -0.51759E-01   0.18940E+00      20.32
   -4     88.36    0.02859  0.25026E+00  -0.50764E-01   0.18508E+00      20.28
   -3     88.83    0.02043  0.24591E+00  -0.49789E-01   0.18087E+00      20.25
   -2     89.30    0.01226  0.24168E+00  -0.48834E-01   0.17678E+00      20.21
   -1     89.77    0.00409  0.23756E+00  -0.47897E-01   0.17280E+00      20.16
    0     90.00    0.00000  0.23555E+00  -0.47435E-01   0.17085E+00      20.14
    1     90.23   -0.00409  0.23356E+00  -0.46979E-01   0.16893E+00      20.11
    2     90.70   -0.01226  0.22967E+00  -0.46078E-01   0.16517E+00      20.06
    3     91.17   -0.02043  0.22589E+00  -0.45195E-01   0.16150E+00      20.01
    4     91.64   -0.02859  0.22221E+00  -0.44329E-01   0.15794E+00      19.95
    5     92.11   -0.03676  0.21863E+00  -0.43479E-01   0.15447E+00      19.89
    6     92.57   -0.04492  0.21515E+00  -0.42646E-01   0.15109E+00      19.82
    7     93.04   -0.05308  0.21176E+00  -0.41827E-01   0.14779E+00      19.75
    8     93.51   -0.06124  0.20847E+00  -0.41024E-01   0.14459E+00      19.68
    9     93.98   -0.06939  0.20527E+00  -0.40235E-01   0.14146E+00      19.60
   10     94.45   -0.07754  0.20215E+00  -0.39460E-01   0.13841E+00      19.52
   11     94.92   -0.08569  0.19912E+00  -0.38699E-01   0.13544E+00      19.44
   12     95.38   -0.09382  0.19617E+00  -0.37951E-01   0.13255E+00      19.35
   13     95.85   -0.10195  0.19329E+00  -0.37215E-01   0.12972E+00      19.25
   14     96.32   -0.11008  0.19050E+00  -0.36491E-01   0.12696E+00      19.16
   15     96.79   -0.11820  0.18778E+00  -0.35780E-01   0.12427E+00      19.05
   16     97.26   -0.12631  0.18513E+00  -0.35079E-01   0.12164E+00      18.95
   17     97.72   -0.13441  0.18256E+00  -0.34389E-01   0.11907E+00      18.84
   18     98.19   -0.14250  0.18005E+00  -0.33709E-01   0.11656E+00      18.72
   19     98.66   -0.15058  0.17761E+00  -0.33039E-01   0.11411E+00      18.60
   20     99.13   -0.15865  0.17523E+00  -0.32378E-01   0.11171E+00      18.48
   21     99.60   -0.16671  0.17292E+00  -0.31727E-01   0.10936E+00      18.35
   22    100.07   -0.17477  0.17067E+00  -0.31084E-01   0.10706E+00      18.21
   23    100.53   -0.18280  0.16848E+00  -0.30449E-01   0.10481E+00      18.07
   24    101.00   -0.19083  0.16634E+00  -0.29822E-01   0.10261E+00      17.93
   25    101.47   -0.19885  0.16426E+00  -0.29202E-01   0.10045E+00      17.78
   26    101.94   -0.20685  0.16224E+00  -0.28589E-01   0.98331E-01      17.62
   27    102.41   -0.21483  0.16027E+00  -0.27982E-01   0.96254E-01      17.46
   28    102.87   -0.22281  0.15835E+00  -0.27382E-01   0.94215E-01      17.29
   29    103.34   -0.23076  0.15648E+00  -0.26787E-01   0.92214E-01      17.12
   30    103.81   -0.23871  0.15466E+00  -0.26198E-01   0.90247E-01      16.94
   31    104.28   -0.24663  0.15289E+00  -0.25614E-01   0.88315E-01      16.75
   32    104.75   -0.25454  0.15117E+00  -0.25034E-01   0.86414E-01      16.56
   33    105.21   -0.26243  0.14949E+00  -0.24459E-01   0.84544E-01      16.36
   34    105.68   -0.27031  0.14785E+00  -0.23888E-01   0.82703E-01      16.16
   35    106.15   -0.27817  0.14625E+00  -0.23321E-01   0.80889E-01      15.95
   36    106.62   -0.28601  0.14470E+00  -0.22757E-01   0.79102E-01      15.73
   37    107.09   -0.29383  0.14319E+00  -0.22196E-01   0.77340E-01      15.50
   38    107.56   -0.30163  0.14172E+00  -0.21637E-01   0.75601E-01      15.27
   39    108.02   -0.30941  0.14028E+00  -0.21082E-01   0.73884E-01      15.03
   40    108.49   -0.31716  0.13889E+00  -0.20528E-01   0.72188E-01      14.78
   41    108.96   -0.32490  0.13752E+00  -0.19977E-01   0.70512E-01      14.53
   42    109.43   -0.33262  0.13620E+00  -0.19427E-01   0.68854E-01      14.26
   43    109.90   -0.34031  0.13491E+00  -0.18878E-01   0.67214E-01      13.99
   44    110.36   -0.34798  0.13365E+00  -0.18331E-01   0.65589E-01      13.72
   45    110.83   -0.35563  0.13243E+00  -0.17785E-01   0.63980E-01      13.43
   46    111.30   -0.36326  0.13124E+00  -0.17239E-01   0.62384E-01      13.14
   47    111.77   -0.37086  0.13008E+00  -0.16694E-01   0.60802E-01      12.83
   48    112.24   -0.37843  0.12895E+00  -0.16150E-01   0.59231E-01      12.52
   49    112.70   -0.38598  0.12786E+00  -0.15605E-01   0.57670E-01      12.21
   50    113.17   -0.39351  0.12679E+00  -0.15061E-01   0.56120E-01      11.88
   51    113.64   -0.40101  0.12575E+00  -0.14517E-01   0.54578E-01      11.54
   52    114.11   -0.40848  0.12474E+00  -0.13972E-01   0.53044E-01      11.20
   53    114.58   -0.41592  0.12375E+00  -0.13427E-01   0.51517E-01      10.85
   54    115.05   -0.42334  0.12280E+00  -0.12881E-01   0.49995E-01      10.49
   55    115.51   -0.43073  0.12187E+00  -0.12334E-01   0.48479E-01      10.12
   56    115.98   -0.43809  0.12096E+00  -0.11787E-01   0.46968E-01       9.74
   57    116.45   -0.44542  0.12008E+00  -0.11239E-01   0.45459E-01       9.36
   58    116.92   -0.45272  0.11923E+00  -0.10691E-01   0.43953E-01       8.97
   59    117.39   -0.45999  0.11840E+00  -0.10141E-01   0.42449E-01       8.56
   60    117.85   -0.46723  0.11759E+00  -0.95900E-02   0.40946E-01       8.16
   61    118.32   -0.47443  0.11681E+00  -0.90382E-02   0.39443E-01       7.74
   62    118.79   -0.48161  0.11605E+00  -0.84853E-02   0.37940E-01       7.31
   63    119.26   -0.48875  0.11532E+00  -0.79314E-02   0.36436E-01       6.88
   64    119.73   -0.49587  0.11460E+00  -0.73765E-02   0.34930E-01       6.44
   65    120.20   -0.50294  0.11391E+00  -0.68205E-02   0.33421E-01       5.99
   66    120.66   -0.50999  0.11324E+00  -0.62636E-02   0.31909E-01       5.53
   67    121.13   -0.51700  0.11260E+00  -0.57058E-02   0.30393E-01       5.07
   68    121.60   -0.52398  0.11197E+00  -0.51471E-02   0.28873E-01       4.60
   69    122.07   -0.53092  0.11137E+00  -0.45876E-02   0.27348E-01       4.12
   70    122.54   -0.53783  0.11078E+00  -0.40275E-02   0.25817E-01       3.64
   71    123.00   -0.54470  0.11022E+00  -0.34668E-02   0.24280E-01       3.15
   72    123.47   -0.55153  0.10967E+00  -0.29057E-02   0.22737E-01       2.65
   73    123.94   -0.55833  0.10915E+00  -0.23443E-02   0.21186E-01       2.15
   74    124.41   -0.56509  0.10865E+00  -0.17827E-02   0.19628E-01       1.64
   75    124.88   -0.57181  0.10816E+00  -0.12212E-02   0.18062E-01       1.13
   76    125.34   -0.57849  0.10770E+00  -0.65996E-03   0.16487E-01       0.61
   77    125.81   -0.58514  0.10725E+00  -0.99125E-04   0.14903E-01       0.09
   78    126.28   -0.59174  0.10683E+00   0.46106E-03   0.13310E-01      -0.43
   79    126.75   -0.59831  0.10642E+00   0.10204E-02   0.11707E-01      -0.96
   80    127.22   -0.60484  0.10603E+00   0.15785E-02   0.10094E-01      -1.49
   81    127.69   -0.61132  0.10567E+00   0.21353E-02   0.84713E-02      -2.02
   82    128.15   -0.61777  0.10532E+00   0.26905E-02   0.68376E-02      -2.55
   83    128.62   -0.62417  0.10499E+00   0.32436E-02   0.51929E-02      -3.09
   84    129.09   -0.63054  0.10468E+00   0.37945E-02   0.35370E-02      -3.63
   85    129.56   -0.63686  0.10438E+00   0.43428E-02   0.18697E-02      -4.16
   86    130.03   -0.64313  0.10411E+00   0.48882E-02   0.19089E-03      -4.70
   87    130.49   -0.64937  0.10385E+00   0.54303E-02  -0.14997E-02      -5.23
   88    130.96   -0.65556  0.10362E+00   0.59688E-02  -0.32023E-02      -5.76
   89    131.43   -0.66171  0.10340E+00   0.65033E-02  -0.49169E-02      -6.29
   90    131.90   -0.66781  0.10320E+00   0.70334E-02  -0.66436E-02      -6.82
   91    132.37   -0.67387  0.10302E+00   0.75587E-02  -0.83825E-02      -7.34
   92    132.83   -0.67989  0.10286E+00   0.80788E-02  -0.10134E-01      -7.85
   93    133.30   -0.68586  0.10272E+00   0.85932E-02  -0.11897E-01      -8.37
   94    133.77   -0.69178  0.10260E+00   0.91016E-02  -0.13673E-01      -8.87
   95    134.24   -0.69766  0.10249E+00   0.96035E-02  -0.15460E-01      -9.37
   96    134.71   -0.70349  0.10241E+00   0.10098E-01  -0.17260E-01      -9.86
   97    135.18   -0.70927  0.10235E+00   0.10586E-01  -0.19072E-01     -10.34
   98    135.64   -0.71501  0.10230E+00   0.11066E-01  -0.20896E-01     -10.82
   99    136.11   -0.72069  0.10227E+00   0.11537E-01  -0.22732E-01     -11.28
  100    136.58   -0.72633  0.10227E+00   0.11999E-01  -0.24579E-01     -11.73
  101    137.05   -0.73193  0.10228E+00   0.12452E-01  -0.26437E-01     -12.17
  102    137.52   -0.73747  0.10232E+00   0.12895E-01  -0.28306E-01     -12.60
  103    137.98   -0.74296  0.10237E+00   0.13328E-01  -0.30186E-01     -13.02
  104    138.45   -0.74841  0.10244E+00   0.13750E-01  -0.32077E-01     -13.42
  105    138.92   -0.75380  0.10254E+00   0.14161E-01  -0.33977E-01     -13.81
  106    139.39   -0.75914  0.10265E+00   0.14560E-01  -0.35888E-01     -14.18
  107    139.86   -0.76444  0.10279E+00   0.14946E-01  -0.37807E-01     -14.54
  108    140.33   -0.76968  0.10294E+00   0.15320E-01  -0.39736E-01     -14.88
  109    140.79   -0.77487  0.10312E+00   0.15680E-01  -0.41673E-01     -15.21
  110    141.26   -0.78001  0.10332E+00   0.16026E-01  -0.43618E-01     -15.51
  111    141.73   -0.78509  0.10353E+00   0.16358E-01  -0.45570E-01     -15.80
  112    142.20   -0.79013  0.10377E+00   0.16675E-01  -0.47529E-01     -16.07
  113    142.67   -0.79511  0.10403E+00   0.16977E-01  -0.49495E-01     -16.32
  114    143.13   -0.80004  0.10431E+00   0.17263E-01  -0.51466E-01     -16.55
  115    143.60   -0.80491  0.10462E+00   0.17533E-01  -0.53442E-01     -16.76
  116    144.07   -0.80974  0.10494E+00   0.17786E-01  -0.55422E-01     -16.95
  117    144.54   -0.81450  0.10529E+00   0.18022E-01  -0.57406E-01     -17.12
  118    145.01   -0.81922  0.10565E+00   0.18240E-01  -0.59394E-01     -17.26
  119    145.47   -0.82387  0.10604E+00   0.18441E-01  -0.61383E-01     -17.39
  120    145.94   -0.82848  0.10645E+00   0.18623E-01  -0.63374E-01     -17.49
  121    146.41   -0.83303  0.10688E+00   0.18787E-01  -0.65365E-01     -17.58
  122    146.88   -0.83752  0.10734E+00   0.18931E-01  -0.67357E-01     -17.64
  123    147.35   -0.84195  0.10781E+00   0.19056E-01  -0.69347E-01     -17.68
  124    147.82   -0.84634  0.10831E+00   0.19162E-01  -0.71336E-01     -17.69
  125    148.28   -0.85066  0.10883E+00   0.19248E-01  -0.73322E-01     -17.69
  126    148.75   -0.85493  0.10937E+00   0.19313E-01  -0.75304E-01     -17.66
  127    149.22   -0.85914  0.10992E+00   0.19359E-01  -0.77282E-01     -17.61
  128    149.69   -0.86329  0.11051E+00   0.19384E-01  -0.79255E-01     -17.54
  129    150.16   -0.86738  0.11111E+00   0.19388E-01  -0.81221E-01     -17.45
  130    150.62   -0.87142  0.11173E+00   0.19372E-01  -0.83180E-01     -17.34
  131    151.09   -0.87540  0.11237E+00   0.19335E-01  -0.85131E-01     -17.21
  132    151.56   -0.87932  0.11303E+00   0.19277E-01  -0.87072E-01     -17.05
  133    152.03   -0.88318  0.11371E+00   0.19198E-01  -0.89004E-01     -16.88
  134    152.50   -0.88698  0.11441E+00   0.19099E-01  -0.90925E-01     -16.69
  135    152.96   -0.89073  0.11513E+00   0.18979E-01  -0.92833E-01     -16.48
  136    153.43   -0.89441  0.11587E+00   0.18838E-01  -0.94728E-01     -16.26
  137    153.90   -0.89804  0.11662E+00   0.18678E-01  -0.96610E-01     -16.02
  138    154.37   -0.90160  0.11740E+00   0.18497E-01  -0.98476E-01     -15.76
  139    154.84   -0.90510  0.11819E+00   0.18296E-01  -0.10033E+00     -15.48
  140    155.31   -0.90855  0.11899E+00   0.18076E-01  -0.10216E+00     -15.19
  141    155.77   -0.91193  0.11981E+00   0.17837E-01  -0.10397E+00     -14.89
  142    156.24   -0.91525  0.12065E+00   0.17579E-01  -0.10577E+00     -14.57
  143    156.71   -0.91851  0.12150E+00   0.17303E-01  -0.10755E+00     -14.24
  144    157.18   -0.92171  0.12236E+00   0.17008E-01  -0.10930E+00     -13.90
  145    157.65   -0.92485  0.12323E+00   0.16697E-01  -0.11104E+00     -13.55
  146    158.11   -0.92793  0.12412E+00   0.16369E-01  -0.11275E+00     -13.19
  147    158.58   -0.93094  0.12502E+00   0.16025E-01  -0.11444E+00     -12.82
  148    159.05   -0.93390  0.12592E+00   0.15666E-01  -0.11610E+00     -12.44
  149    159.52   -0.93679  0.12684E+00   0.15292E-01  -0.11774E+00     -12.06
  150    159.99   -0.93961  0.12776E+00   0.14905E-01  -0.11935E+00     -11.67
  151    160.46   -0.94238  0.12869E+00   0.14504E-01  -0.12093E+00     -11.27
  152    160.92   -0.94508  0.12962E+00   0.14092E-01  -0.12249E+00     -10.87
  153    161.39   -0.94772  0.13056E+00   0.13668E-01  -0.12402E+00     -10.47
  154    161.86   -0.95030  0.13150E+00   0.13233E-01  -0.12552E+00     -10.06
  155    162.33   -0.95281  0.13244E+00   0.12790E-01  -0.12699E+00      -9.66
  156    162.80   -0.95526  0.13338E+00   0.12338E-01  -0.12842E+00      -9.25
  157    163.26   -0.95764  0.13432E+00   0.11879E-01  -0.12983E+00      -8.84
  158    163.73   -0.95996  0.13526E+00   0.11414E-01  -0.13120E+00      -8.44
  159    164.20   -0.96222  0.13620E+00   0.10943E-01  -0.13254E+00      -8.03
  160    164.67   -0.96441  0.13713E+00   0.10469E-01  -0.13385E+00      -7.63
  161    165.14   -0.96654  0.13805E+00   0.99919E-02  -0.13512E+00      -7.24
  162    165.60   -0.96860  0.13896E+00   0.95131E-02  -0.13636E+00      -6.85
  163    166.07   -0.97060  0.13987E+00   0.90338E-02  -0.13756E+00      -6.46
  164    166.54   -0.97254  0.14076E+00   0.85553E-02  -0.13873E+00      -6.08
  165    167.01   -0.97440  0.14164E+00   0.80787E-02  -0.13986E+00      -5.70
  166    167.48   -0.97621  0.14251E+00   0.76053E-02  -0.14096E+00      -5.34
  167    167.95   -0.97795  0.14336E+00   0.71363E-02  -0.14202E+00      -4.98
  168    168.41   -0.97962  0.14419E+00   0.66729E-02  -0.14304E+00      -4.63
  169    168.88   -0.98123  0.14501E+00   0.62162E-02  -0.14402E+00      -4.29
  170    169.35   -0.98277  0.14580E+00   0.57676E-02  -0.14496E+00      -3.96
  171    169.82   -0.98425  0.14657E+00   0.53282E-02  -0.14587E+00      -3.64
  172    170.29   -0.98566  0.14732E+00   0.48991E-02  -0.14673E+00      -3.33
  173    170.75   -0.98701  0.14805E+00   0.44816E-02  -0.14756E+00      -3.03
  174    171.22   -0.98829  0.14875E+00   0.40767E-02  -0.14835E+00      -2.74
  175    171.69   -0.98950  0.14942E+00   0.36856E-02  -0.14909E+00      -2.47
  176    172.16   -0.99065  0.15006E+00   0.33093E-02  -0.14980E+00      -2.21
  177    172.63   -0.99173  0.15067E+00   0.29489E-02  -0.15047E+00      -1.96
  178    173.09   -0.99275  0.15125E+00   0.26053E-02  -0.15110E+00      -1.72
  179    173.56   -0.99370  0.15180E+00   0.22796E-02  -0.15169E+00      -1.50
  180    174.03   -0.99458  0.15232E+00   0.19727E-02  -0.15223E+00      -1.30
  181    174.50   -0.99539  0.15280E+00   0.16853E-02  -0.15274E+00      -1.10
  182    174.97   -0.99614  0.15325E+00   0.14183E-02  -0.15320E+00      -0.93
  183    175.44   -0.99683  0.15366E+00   0.11726E-02  -0.15363E+00      -0.76
  184    175.90   -0.99744  0.15403E+00   0.94863E-03  -0.15401E+00      -0.62
  185    176.37   -0.99799  0.15436E+00   0.74722E-03  -0.15435E+00      -0.48
  186    176.84   -0.99848  0.15466E+00   0.56889E-03  -0.15465E+00      -0.37
  187    177.31   -0.99890  0.15491E+00   0.41414E-03  -0.15491E+00      -0.27
  188    177.78   -0.99925  0.15513E+00   0.28343E-03  -0.15513E+00      -0.18
  189    178.24   -0.99953  0.15530E+00   0.17714E-03  -0.15530E+00      -0.11
  190    178.71   -0.99975  0.15544E+00   0.95555E-04  -0.15544E+00      -0.06
  191    179.18   -0.99990  0.15553E+00   0.38923E-04  -0.15553E+00      -0.03
  192    179.64   -0.99998  0.15558E+00   0.73917E-05  -0.15558E+00      -0.00
  193    180.00   -1.00000  0.15560E+00   0.00000E+00  -0.15560E+00      -0.00

