 alpha final =    614.00000000000000     

     granulo :  rn =  1.0  rm = 0.15  ln sig =  0.290  pour r <  50. mic.
     ======================================================================

                    longueur d onde :  0.520 microns
                    ================================

     indice reel :   1.45000     indice imaginaire : -0.35000E-02


                    nombre de particules :  0.10000E+01

       Sections d extinction et de diffusion ramenees a une particule :
       ----------------------------------------------------------------
     extinction :  0.14598E+00 mic**2     diffusion :  0.14317E+00 mic**2

            Pizero : 0.980791                 g.assymetrie : 0.68900

 ------------------------------------------------------------------------------
   j      theta       mu         i             q             u         -q/i*100
 ------------------------------------------------------------------------------
 -193      0.00    1.00000  0.86058E+01   0.00000E+00   0.86058E+01      -0.00
 -192      0.36    0.99998  0.86049E+01  -0.58819E-04   0.86049E+01       0.00
 -191      0.82    0.99990  0.86012E+01  -0.30978E-03   0.86012E+01       0.00
 -190      1.29    0.99975  0.85944E+01  -0.76071E-03   0.85944E+01       0.01
 -189      1.76    0.99953  0.85846E+01  -0.14108E-02   0.85846E+01       0.02
 -188      2.22    0.99925  0.85718E+01  -0.22586E-02   0.85718E+01       0.03
 -187      2.69    0.99890  0.85560E+01  -0.33024E-02   0.85560E+01       0.04
 -186      3.16    0.99848  0.85373E+01  -0.45399E-02   0.85373E+01       0.05
 -185      3.63    0.99799  0.85156E+01  -0.59687E-02   0.85156E+01       0.07
 -184      4.10    0.99744  0.84911E+01  -0.75855E-02   0.84911E+01       0.09
 -183      4.56    0.99683  0.84636E+01  -0.93872E-02   0.84636E+01       0.11
 -182      5.03    0.99614  0.84333E+01  -0.11370E-01   0.84333E+01       0.13
 -181      5.50    0.99539  0.84003E+01  -0.13529E-01   0.84002E+01       0.16
 -180      5.97    0.99458  0.83644E+01  -0.15861E-01   0.83644E+01       0.19
 -179      6.44    0.99370  0.83258E+01  -0.18361E-01   0.83258E+01       0.22
 -178      6.91    0.99275  0.82846E+01  -0.21022E-01   0.82845E+01       0.25
 -177      7.37    0.99173  0.82407E+01  -0.23841E-01   0.82406E+01       0.29
 -176      7.84    0.99065  0.81943E+01  -0.26811E-01   0.81941E+01       0.33
 -175      8.31    0.98950  0.81454E+01  -0.29926E-01   0.81452E+01       0.37
 -174      8.78    0.98829  0.80940E+01  -0.33180E-01   0.80937E+01       0.41
 -173      9.25    0.98701  0.80402E+01  -0.36566E-01   0.80399E+01       0.45
 -172      9.71    0.98566  0.79841E+01  -0.40077E-01   0.79837E+01       0.50
 -171     10.18    0.98425  0.79257E+01  -0.43707E-01   0.79252E+01       0.55
 -170     10.65    0.98277  0.78651E+01  -0.47449E-01   0.78646E+01       0.60
 -169     11.12    0.98123  0.78024E+01  -0.51294E-01   0.78018E+01       0.66
 -168     11.59    0.97962  0.77377E+01  -0.55236E-01   0.77369E+01       0.71
 -167     12.05    0.97795  0.76709E+01  -0.59267E-01   0.76700E+01       0.77
 -166     12.52    0.97621  0.76023E+01  -0.63378E-01   0.76013E+01       0.83
 -165     12.99    0.97440  0.75318E+01  -0.67564E-01   0.75306E+01       0.90
 -164     13.46    0.97254  0.74596E+01  -0.71814E-01   0.74582E+01       0.96
 -163     13.93    0.97060  0.73856E+01  -0.76123E-01   0.73841E+01       1.03
 -162     14.40    0.96860  0.73101E+01  -0.80480E-01   0.73084E+01       1.10
 -161     14.86    0.96654  0.72331E+01  -0.84880E-01   0.72312E+01       1.17
 -160     15.33    0.96441  0.71546E+01  -0.89313E-01   0.71525E+01       1.25
 -159     15.80    0.96222  0.70748E+01  -0.93772E-01   0.70724E+01       1.33
 -158     16.27    0.95996  0.69937E+01  -0.98249E-01   0.69910E+01       1.40
 -157     16.74    0.95764  0.69114E+01  -0.10274E+00   0.69084E+01       1.49
 -156     17.20    0.95526  0.68280E+01  -0.10722E+00   0.68247E+01       1.57
 -155     17.67    0.95281  0.67435E+01  -0.11171E+00   0.67399E+01       1.66
 -154     18.14    0.95030  0.66581E+01  -0.11618E+00   0.66541E+01       1.74
 -153     18.61    0.94772  0.65718E+01  -0.12063E+00   0.65674E+01       1.84
 -152     19.08    0.94508  0.64847E+01  -0.12505E+00   0.64799E+01       1.93
 -151     19.54    0.94238  0.63968E+01  -0.12944E+00   0.63917E+01       2.02
 -150     20.01    0.93961  0.63084E+01  -0.13379E+00   0.63028E+01       2.12
 -149     20.48    0.93679  0.62194E+01  -0.13809E+00   0.62133E+01       2.22
 -148     20.95    0.93390  0.61298E+01  -0.14234E+00   0.61233E+01       2.32
 -147     21.42    0.93094  0.60399E+01  -0.14652E+00   0.60329E+01       2.43
 -146     21.89    0.92793  0.59496E+01  -0.15064E+00   0.59421E+01       2.53
 -145     22.35    0.92485  0.58591E+01  -0.15469E+00   0.58510E+01       2.64
 -144     22.82    0.92171  0.57683E+01  -0.15865E+00   0.57597E+01       2.75
 -143     23.29    0.91851  0.56774E+01  -0.16254E+00   0.56682E+01       2.86
 -142     23.76    0.91525  0.55865E+01  -0.16633E+00   0.55767E+01       2.98
 -141     24.23    0.91193  0.54955E+01  -0.17003E+00   0.54851E+01       3.09
 -140     24.69    0.90855  0.54047E+01  -0.17364E+00   0.53936E+01       3.21
 -139     25.16    0.90510  0.53139E+01  -0.17714E+00   0.53021E+01       3.33
 -138     25.63    0.90160  0.52233E+01  -0.18053E+00   0.52109E+01       3.46
 -137     26.10    0.89804  0.51330E+01  -0.18382E+00   0.51199E+01       3.58
 -136     26.57    0.89441  0.50430E+01  -0.18699E+00   0.50291E+01       3.71
 -135     27.04    0.89073  0.49534E+01  -0.19004E+00   0.49387E+01       3.84
 -134     27.50    0.88698  0.48641E+01  -0.19298E+00   0.48487E+01       3.97
 -133     27.97    0.88318  0.47753E+01  -0.19579E+00   0.47592E+01       4.10
 -132     28.44    0.87932  0.46871E+01  -0.19848E+00   0.46701E+01       4.23
 -131     28.91    0.87540  0.45994E+01  -0.20104E+00   0.45816E+01       4.37
 -130     29.38    0.87142  0.45123E+01  -0.20347E+00   0.44937E+01       4.51
 -129     29.84    0.86738  0.44258E+01  -0.20577E+00   0.44064E+01       4.65
 -128     30.31    0.86329  0.43401E+01  -0.20794E+00   0.43197E+01       4.79
 -127     30.78    0.85914  0.42550E+01  -0.20998E+00   0.42338E+01       4.93
 -126     31.25    0.85493  0.41708E+01  -0.21188E+00   0.41487E+01       5.08
 -125     31.72    0.85066  0.40873E+01  -0.21366E+00   0.40643E+01       5.23
 -124     32.18    0.84634  0.40047E+01  -0.21529E+00   0.39808E+01       5.38
 -123     32.65    0.84195  0.39229E+01  -0.21679E+00   0.38981E+01       5.53
 -122     33.12    0.83752  0.38420E+01  -0.21816E+00   0.38163E+01       5.68
 -121     33.59    0.83303  0.37621E+01  -0.21940E+00   0.37354E+01       5.83
 -120     34.06    0.82848  0.36831E+01  -0.22050E+00   0.36555E+01       5.99
 -119     34.53    0.82387  0.36050E+01  -0.22147E+00   0.35765E+01       6.14
 -118     34.99    0.81922  0.35280E+01  -0.22231E+00   0.34985E+01       6.30
 -117     35.46    0.81450  0.34520E+01  -0.22302E+00   0.34216E+01       6.46
 -116     35.93    0.80974  0.33770E+01  -0.22360E+00   0.33456E+01       6.62
 -115     36.40    0.80491  0.33030E+01  -0.22405E+00   0.32707E+01       6.78
 -114     36.87    0.80004  0.32301E+01  -0.22438E+00   0.31969E+01       6.95
 -113     37.33    0.79511  0.31583E+01  -0.22458E+00   0.31241E+01       7.11
 -112     37.80    0.79013  0.30876E+01  -0.22467E+00   0.30524E+01       7.28
 -111     38.27    0.78509  0.30180E+01  -0.22463E+00   0.29818E+01       7.44
 -110     38.74    0.78001  0.29495E+01  -0.22448E+00   0.29124E+01       7.61
 -109     39.21    0.77487  0.28821E+01  -0.22421E+00   0.28440E+01       7.78
 -108     39.67    0.76968  0.28158E+01  -0.22383E+00   0.27768E+01       7.95
 -107     40.14    0.76444  0.27507E+01  -0.22334E+00   0.27107E+01       8.12
 -106     40.61    0.75914  0.26866E+01  -0.22275E+00   0.26458E+01       8.29
 -105     41.08    0.75380  0.26237E+01  -0.22205E+00   0.25819E+01       8.46
 -104     41.55    0.74841  0.25620E+01  -0.22125E+00   0.25193E+01       8.64
 -103     42.02    0.74296  0.25013E+01  -0.22036E+00   0.24577E+01       8.81
 -102     42.48    0.73747  0.24418E+01  -0.21936E+00   0.23973E+01       8.98
 -101     42.95    0.73193  0.23834E+01  -0.21828E+00   0.23380E+01       9.16
 -100     43.42    0.72633  0.23262E+01  -0.21711E+00   0.22799E+01       9.33
  -99     43.89    0.72069  0.22701E+01  -0.21585E+00   0.22229E+01       9.51
  -98     44.36    0.71501  0.22150E+01  -0.21451E+00   0.21670E+01       9.68
  -97     44.82    0.70927  0.21611E+01  -0.21309E+00   0.21123E+01       9.86
  -96     45.29    0.70349  0.21083E+01  -0.21160E+00   0.20586E+01      10.04
  -95     45.76    0.69766  0.20566E+01  -0.21003E+00   0.20061E+01      10.21
  -94     46.23    0.69178  0.20059E+01  -0.20840E+00   0.19546E+01      10.39
  -93     46.70    0.68586  0.19564E+01  -0.20670E+00   0.19043E+01      10.57
  -92     47.17    0.67989  0.19079E+01  -0.20493E+00   0.18550E+01      10.74
  -91     47.63    0.67387  0.18604E+01  -0.20311E+00   0.18068E+01      10.92
  -90     48.10    0.66781  0.18140E+01  -0.20123E+00   0.17597E+01      11.09
  -89     48.57    0.66171  0.17686E+01  -0.19930E+00   0.17136E+01      11.27
  -88     49.04    0.65556  0.17243E+01  -0.19732E+00   0.16685E+01      11.44
  -87     49.51    0.64937  0.16809E+01  -0.19529E+00   0.16245E+01      11.62
  -86     49.97    0.64313  0.16386E+01  -0.19321E+00   0.15815E+01      11.79
  -85     50.44    0.63686  0.15972E+01  -0.19110E+00   0.15395E+01      11.96
  -84     50.91    0.63054  0.15568E+01  -0.18895E+00   0.14985E+01      12.14
  -83     51.38    0.62417  0.15174E+01  -0.18677E+00   0.14584E+01      12.31
  -82     51.85    0.61777  0.14789E+01  -0.18455E+00   0.14193E+01      12.48
  -81     52.31    0.61132  0.14413E+01  -0.18230E+00   0.13811E+01      12.65
  -80     52.78    0.60484  0.14046E+01  -0.18003E+00   0.13439E+01      12.82
  -79     53.25    0.59831  0.13688E+01  -0.17774E+00   0.13076E+01      12.98
  -78     53.72    0.59174  0.13339E+01  -0.17542E+00   0.12722E+01      13.15
  -77     54.19    0.58514  0.12999E+01  -0.17309E+00   0.12376E+01      13.32
  -76     54.66    0.57849  0.12667E+01  -0.17074E+00   0.12040E+01      13.48
  -75     55.12    0.57181  0.12343E+01  -0.16837E+00   0.11712E+01      13.64
  -74     55.59    0.56509  0.12028E+01  -0.16600E+00   0.11392E+01      13.80
  -73     56.06    0.55833  0.11720E+01  -0.16362E+00   0.11080E+01      13.96
  -72     56.53    0.55153  0.11421E+01  -0.16123E+00   0.10777E+01      14.12
  -71     57.00    0.54470  0.11129E+01  -0.15884E+00   0.10482E+01      14.27
  -70     57.46    0.53783  0.10845E+01  -0.15645E+00   0.10194E+01      14.43
  -69     57.93    0.53092  0.10568E+01  -0.15406E+00   0.99137E+00      14.58
  -68     58.40    0.52398  0.10299E+01  -0.15167E+00   0.96411E+00      14.73
  -67     58.87    0.51700  0.10036E+01  -0.14928E+00   0.93757E+00      14.87
  -66     59.34    0.50999  0.97810E+00  -0.14690E+00   0.91175E+00      15.02
  -65     59.80    0.50294  0.95324E+00  -0.14453E+00   0.88663E+00      15.16
  -64     60.27    0.49587  0.92905E+00  -0.14216E+00   0.86219E+00      15.30
  -63     60.74    0.48875  0.90550E+00  -0.13981E+00   0.83842E+00      15.44
  -62     61.21    0.48161  0.88260E+00  -0.13747E+00   0.81530E+00      15.58
  -61     61.68    0.47443  0.86031E+00  -0.13515E+00   0.79283E+00      15.71
  -60     62.15    0.46723  0.83863E+00  -0.13284E+00   0.77098E+00      15.84
  -59     62.61    0.45999  0.81755E+00  -0.13054E+00   0.74974E+00      15.97
  -58     63.08    0.45272  0.79705E+00  -0.12827E+00   0.72909E+00      16.09
  -57     63.55    0.44542  0.77711E+00  -0.12601E+00   0.70903E+00      16.22
  -56     64.02    0.43809  0.75772E+00  -0.12377E+00   0.68953E+00      16.34
  -55     64.49    0.43073  0.73887E+00  -0.12156E+00   0.67059E+00      16.45
  -54     64.95    0.42334  0.72054E+00  -0.11937E+00   0.65218E+00      16.57
  -53     65.42    0.41592  0.70273E+00  -0.11719E+00   0.63431E+00      16.68
  -52     65.89    0.40848  0.68542E+00  -0.11505E+00   0.61694E+00      16.79
  -51     66.36    0.40101  0.66859E+00  -0.11293E+00   0.60008E+00      16.89
  -50     66.83    0.39351  0.65224E+00  -0.11083E+00   0.58371E+00      16.99
  -49     67.30    0.38598  0.63635E+00  -0.10876E+00   0.56781E+00      17.09
  -48     67.76    0.37843  0.62090E+00  -0.10671E+00   0.55237E+00      17.19
  -47     68.23    0.37086  0.60590E+00  -0.10470E+00   0.53738E+00      17.28
  -46     68.70    0.36326  0.59132E+00  -0.10271E+00   0.52283E+00      17.37
  -45     69.17    0.35563  0.57716E+00  -0.10075E+00   0.50871E+00      17.46
  -44     69.64    0.34798  0.56340E+00  -0.98812E-01   0.49500E+00      17.54
  -43     70.10    0.34031  0.55004E+00  -0.96908E-01   0.48170E+00      17.62
  -42     70.57    0.33262  0.53706E+00  -0.95032E-01   0.46879E+00      17.70
  -41     71.04    0.32490  0.52445E+00  -0.93186E-01   0.45626E+00      17.77
  -40     71.51    0.31716  0.51220E+00  -0.91369E-01   0.44410E+00      17.84
  -39     71.98    0.30941  0.50030E+00  -0.89583E-01   0.43230E+00      17.91
  -38     72.44    0.30163  0.48875E+00  -0.87825E-01   0.42085E+00      17.97
  -37     72.91    0.29383  0.47752E+00  -0.86098E-01   0.40975E+00      18.03
  -36     73.38    0.28601  0.46662E+00  -0.84400E-01   0.39897E+00      18.09
  -35     73.85    0.27817  0.45604E+00  -0.82733E-01   0.38852E+00      18.14
  -34     74.32    0.27031  0.44576E+00  -0.81095E-01   0.37837E+00      18.19
  -33     74.79    0.26243  0.43578E+00  -0.79487E-01   0.36854E+00      18.24
  -32     75.25    0.25454  0.42608E+00  -0.77908E-01   0.35899E+00      18.28
  -31     75.72    0.24663  0.41667E+00  -0.76359E-01   0.34973E+00      18.33
  -30     76.19    0.23871  0.40753E+00  -0.74840E-01   0.34075E+00      18.36
  -29     76.66    0.23076  0.39865E+00  -0.73350E-01   0.33203E+00      18.40
  -28     77.13    0.22281  0.39002E+00  -0.71888E-01   0.32358E+00      18.43
  -27     77.59    0.21483  0.38165E+00  -0.70456E-01   0.31538E+00      18.46
  -26     78.06    0.20685  0.37352E+00  -0.69051E-01   0.30742E+00      18.49
  -25     78.53    0.19885  0.36562E+00  -0.67676E-01   0.29971E+00      18.51
  -24     79.00    0.19083  0.35795E+00  -0.66327E-01   0.29222E+00      18.53
  -23     79.47    0.18280  0.35050E+00  -0.65007E-01   0.28496E+00      18.55
  -22     79.93    0.17477  0.34327E+00  -0.63714E-01   0.27791E+00      18.56
  -21     80.40    0.16671  0.33624E+00  -0.62447E-01   0.27107E+00      18.57
  -20     80.87    0.15865  0.32942E+00  -0.61207E-01   0.26444E+00      18.58
  -19     81.34    0.15058  0.32279E+00  -0.59993E-01   0.25800E+00      18.59
  -18     81.81    0.14250  0.31636E+00  -0.58805E-01   0.25175E+00      18.59
  -17     82.28    0.13441  0.31010E+00  -0.57642E-01   0.24569E+00      18.59
  -16     82.74    0.12631  0.30403E+00  -0.56504E-01   0.23981E+00      18.58
  -15     83.21    0.11820  0.29813E+00  -0.55390E-01   0.23409E+00      18.58
  -14     83.68    0.11008  0.29240E+00  -0.54300E-01   0.22855E+00      18.57
  -13     84.15    0.10195  0.28683E+00  -0.53234E-01   0.22317E+00      18.56
  -12     84.62    0.09382  0.28142E+00  -0.52190E-01   0.21795E+00      18.55
  -11     85.08    0.08569  0.27617E+00  -0.51169E-01   0.21287E+00      18.53
  -10     85.55    0.07754  0.27106E+00  -0.50171E-01   0.20795E+00      18.51
   -9     86.02    0.06939  0.26610E+00  -0.49193E-01   0.20317E+00      18.49
   -8     86.49    0.06124  0.26128E+00  -0.48237E-01   0.19852E+00      18.46
   -7     86.96    0.05308  0.25660E+00  -0.47302E-01   0.19401E+00      18.43
   -6     87.43    0.04492  0.25204E+00  -0.46386E-01   0.18962E+00      18.40
   -5     87.89    0.03676  0.24762E+00  -0.45490E-01   0.18536E+00      18.37
   -4     88.36    0.02859  0.24332E+00  -0.44613E-01   0.18122E+00      18.34
   -3     88.83    0.02043  0.23914E+00  -0.43755E-01   0.17720E+00      18.30
   -2     89.30    0.01226  0.23508E+00  -0.42914E-01   0.17329E+00      18.26
   -1     89.77    0.00409  0.23113E+00  -0.42091E-01   0.16948E+00      18.21
    0     90.00    0.00000  0.22920E+00  -0.41686E-01   0.16762E+00      18.19
    1     90.23   -0.00409  0.22729E+00  -0.41286E-01   0.16578E+00      18.16
    2     90.70   -0.01226  0.22356E+00  -0.40496E-01   0.16219E+00      18.11
    3     91.17   -0.02043  0.21993E+00  -0.39723E-01   0.15869E+00      18.06
    4     91.64   -0.02859  0.21640E+00  -0.38965E-01   0.15528E+00      18.01
    5     92.11   -0.03676  0.21297E+00  -0.38222E-01   0.15196E+00      17.95
    6     92.57   -0.04492  0.20964E+00  -0.37494E-01   0.14874E+00      17.89
    7     93.04   -0.05308  0.20640E+00  -0.36780E-01   0.14559E+00      17.82
    8     93.51   -0.06124  0.20324E+00  -0.36079E-01   0.14253E+00      17.75
    9     93.98   -0.06939  0.20017E+00  -0.35391E-01   0.13955E+00      17.68
   10     94.45   -0.07754  0.19719E+00  -0.34715E-01   0.13664E+00      17.61
   11     94.92   -0.08569  0.19429E+00  -0.34052E-01   0.13381E+00      17.53
   12     95.38   -0.09382  0.19146E+00  -0.33400E-01   0.13104E+00      17.44
   13     95.85   -0.10195  0.18871E+00  -0.32759E-01   0.12835E+00      17.36
   14     96.32   -0.11008  0.18604E+00  -0.32129E-01   0.12572E+00      17.27
   15     96.79   -0.11820  0.18344E+00  -0.31509E-01   0.12315E+00      17.18
   16     97.26   -0.12631  0.18091E+00  -0.30899E-01   0.12065E+00      17.08
   17     97.72   -0.13441  0.17845E+00  -0.30298E-01   0.11820E+00      16.98
   18     98.19   -0.14250  0.17605E+00  -0.29705E-01   0.11581E+00      16.87
   19     98.66   -0.15058  0.17372E+00  -0.29121E-01   0.11347E+00      16.76
   20     99.13   -0.15865  0.17145E+00  -0.28545E-01   0.11118E+00      16.65
   21     99.60   -0.16671  0.16924E+00  -0.27976E-01   0.10894E+00      16.53
   22    100.07   -0.17477  0.16709E+00  -0.27414E-01   0.10675E+00      16.41
   23    100.53   -0.18280  0.16500E+00  -0.26859E-01   0.10461E+00      16.28
   24    101.00   -0.19083  0.16296E+00  -0.26310E-01   0.10251E+00      16.14
   25    101.47   -0.19885  0.16098E+00  -0.25767E-01   0.10045E+00      16.01
   26    101.94   -0.20685  0.15905E+00  -0.25229E-01   0.98437E-01      15.86
   27    102.41   -0.21483  0.15717E+00  -0.24697E-01   0.96458E-01      15.71
   28    102.87   -0.22281  0.15534E+00  -0.24169E-01   0.94516E-01      15.56
   29    103.34   -0.23076  0.15356E+00  -0.23645E-01   0.92609E-01      15.40
   30    103.81   -0.23871  0.15183E+00  -0.23125E-01   0.90736E-01      15.23
   31    104.28   -0.24663  0.15014E+00  -0.22609E-01   0.88895E-01      15.06
   32    104.75   -0.25454  0.14849E+00  -0.22096E-01   0.87084E-01      14.88
   33    105.21   -0.26243  0.14689E+00  -0.21586E-01   0.85303E-01      14.70
   34    105.68   -0.27031  0.14533E+00  -0.21078E-01   0.83549E-01      14.50
   35    106.15   -0.27817  0.14381E+00  -0.20573E-01   0.81821E-01      14.31
   36    106.62   -0.28601  0.14233E+00  -0.20069E-01   0.80117E-01      14.10
   37    107.09   -0.29383  0.14089E+00  -0.19567E-01   0.78438E-01      13.89
   38    107.56   -0.30163  0.13949E+00  -0.19067E-01   0.76780E-01      13.67
   39    108.02   -0.30941  0.13813E+00  -0.18567E-01   0.75143E-01      13.44
   40    108.49   -0.31716  0.13680E+00  -0.18069E-01   0.73526E-01      13.21
   41    108.96   -0.32490  0.13550E+00  -0.17571E-01   0.71928E-01      12.97
   42    109.43   -0.33262  0.13424E+00  -0.17073E-01   0.70346E-01      12.72
   43    109.90   -0.34031  0.13301E+00  -0.16575E-01   0.68781E-01      12.46
   44    110.36   -0.34798  0.13182E+00  -0.16077E-01   0.67230E-01      12.20
   45    110.83   -0.35563  0.13065E+00  -0.15579E-01   0.65694E-01      11.92
   46    111.30   -0.36326  0.12952E+00  -0.15079E-01   0.64170E-01      11.64
   47    111.77   -0.37086  0.12842E+00  -0.14580E-01   0.62658E-01      11.35
   48    112.24   -0.37843  0.12735E+00  -0.14079E-01   0.61157E-01      11.06
   49    112.70   -0.38598  0.12630E+00  -0.13577E-01   0.59665E-01      10.75
   50    113.17   -0.39351  0.12528E+00  -0.13073E-01   0.58182E-01      10.43
   51    113.64   -0.40101  0.12430E+00  -0.12568E-01   0.56706E-01      10.11
   52    114.11   -0.40848  0.12333E+00  -0.12062E-01   0.55238E-01       9.78
   53    114.58   -0.41592  0.12240E+00  -0.11553E-01   0.53775E-01       9.44
   54    115.05   -0.42334  0.12149E+00  -0.11043E-01   0.52318E-01       9.09
   55    115.51   -0.43073  0.12060E+00  -0.10531E-01   0.50864E-01       8.73
   56    115.98   -0.43809  0.11974E+00  -0.10017E-01   0.49414E-01       8.37
   57    116.45   -0.44542  0.11890E+00  -0.95003E-02   0.47966E-01       7.99
   58    116.92   -0.45272  0.11809E+00  -0.89817E-02   0.46520E-01       7.61
   59    117.39   -0.45999  0.11730E+00  -0.84607E-02   0.45074E-01       7.21
   60    117.85   -0.46723  0.11653E+00  -0.79375E-02   0.43629E-01       6.81
   61    118.32   -0.47443  0.11579E+00  -0.74119E-02   0.42182E-01       6.40
   62    118.79   -0.48161  0.11507E+00  -0.68840E-02   0.40735E-01       5.98
   63    119.26   -0.48875  0.11437E+00  -0.63538E-02   0.39285E-01       5.56
   64    119.73   -0.49587  0.11369E+00  -0.58212E-02   0.37832E-01       5.12
   65    120.20   -0.50294  0.11303E+00  -0.52863E-02   0.36376E-01       4.68
   66    120.66   -0.50999  0.11239E+00  -0.47492E-02   0.34915E-01       4.23
   67    121.13   -0.51700  0.11177E+00  -0.42099E-02   0.33450E-01       3.77
   68    121.60   -0.52398  0.11117E+00  -0.36685E-02   0.31979E-01       3.30
   69    122.07   -0.53092  0.11059E+00  -0.31251E-02   0.30501E-01       2.83
   70    122.54   -0.53783  0.11003E+00  -0.25797E-02   0.29018E-01       2.34
   71    123.00   -0.54470  0.10949E+00  -0.20326E-02   0.27526E-01       1.86
   72    123.47   -0.55153  0.10897E+00  -0.14839E-02   0.26028E-01       1.36
   73    123.94   -0.55833  0.10847E+00  -0.93364E-03   0.24520E-01       0.86
   74    124.41   -0.56509  0.10799E+00  -0.38207E-03   0.23004E-01       0.35
   75    124.88   -0.57181  0.10752E+00   0.17063E-03   0.21479E-01      -0.16
   76    125.34   -0.57849  0.10707E+00   0.72426E-03   0.19944E-01      -0.68
   77    125.81   -0.58514  0.10665E+00   0.12786E-02   0.18398E-01      -1.20
   78    126.28   -0.59174  0.10624E+00   0.18334E-02   0.16842E-01      -1.73
   79    126.75   -0.59831  0.10584E+00   0.23885E-02   0.15275E-01      -2.26
   80    127.22   -0.60484  0.10547E+00   0.29435E-02   0.13696E-01      -2.79
   81    127.69   -0.61132  0.10511E+00   0.34982E-02   0.12106E-01      -3.33
   82    128.15   -0.61777  0.10477E+00   0.40523E-02   0.10503E-01      -3.87
   83    128.62   -0.62417  0.10445E+00   0.46055E-02   0.88883E-02      -4.41
   84    129.09   -0.63054  0.10415E+00   0.51574E-02   0.72607E-02      -4.95
   85    129.56   -0.63686  0.10386E+00   0.57077E-02   0.56201E-02      -5.50
   86    130.03   -0.64313  0.10359E+00   0.62561E-02   0.39663E-02      -6.04
   87    130.49   -0.64937  0.10334E+00   0.68021E-02   0.22992E-02      -6.58
   88    130.96   -0.65556  0.10311E+00   0.73454E-02   0.61844E-03      -7.12
   89    131.43   -0.66171  0.10289E+00   0.78855E-02  -0.10760E-02      -7.66
   90    131.90   -0.66781  0.10270E+00   0.84221E-02  -0.27843E-02      -8.20
   91    132.37   -0.67387  0.10252E+00   0.89547E-02  -0.45065E-02      -8.73
   92    132.83   -0.67989  0.10235E+00   0.94829E-02  -0.62426E-02      -9.26
   93    133.30   -0.68586  0.10221E+00   0.10006E-01  -0.79929E-02      -9.79
   94    133.77   -0.69178  0.10208E+00   0.10524E-01  -0.97572E-02     -10.31
   95    134.24   -0.69766  0.10197E+00   0.11036E-01  -0.11535E-01     -10.82
   96    134.71   -0.70349  0.10189E+00   0.11542E-01  -0.13328E-01     -11.33
   97    135.18   -0.70927  0.10181E+00   0.12041E-01  -0.15134E-01     -11.83
   98    135.64   -0.71501  0.10176E+00   0.12532E-01  -0.16954E-01     -12.32
   99    136.11   -0.72069  0.10173E+00   0.13016E-01  -0.18787E-01     -12.79
  100    136.58   -0.72633  0.10171E+00   0.13491E-01  -0.20634E-01     -13.26
  101    137.05   -0.73193  0.10171E+00   0.13957E-01  -0.22495E-01     -13.72
  102    137.52   -0.73747  0.10174E+00   0.14414E-01  -0.24368E-01     -14.17
  103    137.98   -0.74296  0.10178E+00   0.14860E-01  -0.26254E-01     -14.60
  104    138.45   -0.74841  0.10184E+00   0.15296E-01  -0.28152E-01     -15.02
  105    138.92   -0.75380  0.10192E+00   0.15721E-01  -0.30063E-01     -15.43
  106    139.39   -0.75914  0.10202E+00   0.16134E-01  -0.31985E-01     -15.82
  107    139.86   -0.76444  0.10214E+00   0.16535E-01  -0.33919E-01     -16.19
  108    140.33   -0.76968  0.10228E+00   0.16923E-01  -0.35864E-01     -16.55
  109    140.79   -0.77487  0.10244E+00   0.17297E-01  -0.37818E-01     -16.89
  110    141.26   -0.78001  0.10262E+00   0.17658E-01  -0.39783E-01     -17.21
  111    141.73   -0.78509  0.10282E+00   0.18003E-01  -0.41758E-01     -17.51
  112    142.20   -0.79013  0.10304E+00   0.18334E-01  -0.43741E-01     -17.79
  113    142.67   -0.79511  0.10328E+00   0.18649E-01  -0.45732E-01     -18.06
  114    143.13   -0.80004  0.10355E+00   0.18948E-01  -0.47731E-01     -18.30
  115    143.60   -0.80491  0.10383E+00   0.19230E-01  -0.49737E-01     -18.52
  116    144.07   -0.80974  0.10414E+00   0.19495E-01  -0.51749E-01     -18.72
  117    144.54   -0.81450  0.10446E+00   0.19743E-01  -0.53767E-01     -18.90
  118    145.01   -0.81922  0.10481E+00   0.19972E-01  -0.55789E-01     -19.05
  119    145.47   -0.82387  0.10518E+00   0.20182E-01  -0.57816E-01     -19.19
  120    145.94   -0.82848  0.10557E+00   0.20374E-01  -0.59846E-01     -19.30
  121    146.41   -0.83303  0.10599E+00   0.20545E-01  -0.61878E-01     -19.39
  122    146.88   -0.83752  0.10642E+00   0.20697E-01  -0.63912E-01     -19.45
  123    147.35   -0.84195  0.10688E+00   0.20829E-01  -0.65947E-01     -19.49
  124    147.82   -0.84634  0.10736E+00   0.20940E-01  -0.67981E-01     -19.51
  125    148.28   -0.85066  0.10786E+00   0.21030E-01  -0.70014E-01     -19.50
  126    148.75   -0.85493  0.10838E+00   0.21099E-01  -0.72045E-01     -19.47
  127    149.22   -0.85914  0.10892E+00   0.21146E-01  -0.74073E-01     -19.41
  128    149.69   -0.86329  0.10949E+00   0.21172E-01  -0.76097E-01     -19.34
  129    150.16   -0.86738  0.11007E+00   0.21175E-01  -0.78117E-01     -19.24
  130    150.62   -0.87142  0.11068E+00   0.21157E-01  -0.80130E-01     -19.12
  131    151.09   -0.87540  0.11131E+00   0.21117E-01  -0.82136E-01     -18.97
  132    151.56   -0.87932  0.11196E+00   0.21054E-01  -0.84134E-01     -18.81
  133    152.03   -0.88318  0.11262E+00   0.20969E-01  -0.86123E-01     -18.62
  134    152.50   -0.88698  0.11331E+00   0.20862E-01  -0.88102E-01     -18.41
  135    152.96   -0.89073  0.11402E+00   0.20732E-01  -0.90069E-01     -18.18
  136    153.43   -0.89441  0.11475E+00   0.20581E-01  -0.92025E-01     -17.93
  137    153.90   -0.89804  0.11550E+00   0.20407E-01  -0.93967E-01     -17.67
  138    154.37   -0.90160  0.11626E+00   0.20212E-01  -0.95894E-01     -17.38
  139    154.84   -0.90510  0.11705E+00   0.19996E-01  -0.97807E-01     -17.08
  140    155.31   -0.90855  0.11785E+00   0.19758E-01  -0.99702E-01     -16.77
  141    155.77   -0.91193  0.11867E+00   0.19499E-01  -0.10158E+00     -16.43
  142    156.24   -0.91525  0.11950E+00   0.19221E-01  -0.10344E+00     -16.08
  143    156.71   -0.91851  0.12035E+00   0.18922E-01  -0.10528E+00     -15.72
  144    157.18   -0.92171  0.12121E+00   0.18604E-01  -0.10710E+00     -15.35
  145    157.65   -0.92485  0.12209E+00   0.18267E-01  -0.10890E+00     -14.96
  146    158.11   -0.92793  0.12298E+00   0.17911E-01  -0.11067E+00     -14.56
  147    158.58   -0.93094  0.12388E+00   0.17538E-01  -0.11242E+00     -14.16
  148    159.05   -0.93390  0.12480E+00   0.17149E-01  -0.11415E+00     -13.74
  149    159.52   -0.93679  0.12572E+00   0.16743E-01  -0.11585E+00     -13.32
  150    159.99   -0.93961  0.12665E+00   0.16322E-01  -0.11752E+00     -12.89
  151    160.46   -0.94238  0.12759E+00   0.15887E-01  -0.11917E+00     -12.45
  152    160.92   -0.94508  0.12854E+00   0.15438E-01  -0.12079E+00     -12.01
  153    161.39   -0.94772  0.12949E+00   0.14977E-01  -0.12238E+00     -11.57
  154    161.86   -0.95030  0.13044E+00   0.14504E-01  -0.12393E+00     -11.12
  155    162.33   -0.95281  0.13140E+00   0.14021E-01  -0.12546E+00     -10.67
  156    162.80   -0.95526  0.13236E+00   0.13529E-01  -0.12696E+00     -10.22
  157    163.26   -0.95764  0.13332E+00   0.13028E-01  -0.12842E+00      -9.77
  158    163.73   -0.95996  0.13428E+00   0.12521E-01  -0.12985E+00      -9.32
  159    164.20   -0.96222  0.13524E+00   0.12007E-01  -0.13125E+00      -8.88
  160    164.67   -0.96441  0.13619E+00   0.11489E-01  -0.13261E+00      -8.44
  161    165.14   -0.96654  0.13713E+00   0.10968E-01  -0.13394E+00      -8.00
  162    165.60   -0.96860  0.13807E+00   0.10444E-01  -0.13523E+00      -7.56
  163    166.07   -0.97060  0.13900E+00   0.99202E-02  -0.13648E+00      -7.14
  164    166.54   -0.97254  0.13992E+00   0.93966E-02  -0.13770E+00      -6.72
  165    167.01   -0.97440  0.14082E+00   0.88749E-02  -0.13888E+00      -6.30
  166    167.48   -0.97621  0.14171E+00   0.83564E-02  -0.14002E+00      -5.90
  167    167.95   -0.97795  0.14259E+00   0.78425E-02  -0.14112E+00      -5.50
  168    168.41   -0.97962  0.14345E+00   0.73346E-02  -0.14218E+00      -5.11
  169    168.88   -0.98123  0.14429E+00   0.68339E-02  -0.14321E+00      -4.74
  170    169.35   -0.98277  0.14511E+00   0.63417E-02  -0.14419E+00      -4.37
  171    169.82   -0.98425  0.14591E+00   0.58595E-02  -0.14514E+00      -4.02
  172    170.29   -0.98566  0.14669E+00   0.53885E-02  -0.14604E+00      -3.67
  173    170.75   -0.98701  0.14744E+00   0.49300E-02  -0.14690E+00      -3.34
  174    171.22   -0.98829  0.14816E+00   0.44853E-02  -0.14773E+00      -3.03
  175    171.69   -0.98950  0.14886E+00   0.40556E-02  -0.14851E+00      -2.72
  176    172.16   -0.99065  0.14953E+00   0.36420E-02  -0.14924E+00      -2.44
  177    172.63   -0.99173  0.15016E+00   0.32458E-02  -0.14994E+00      -2.16
  178    173.09   -0.99275  0.15077E+00   0.28680E-02  -0.15060E+00      -1.90
  179    173.56   -0.99370  0.15134E+00   0.25097E-02  -0.15121E+00      -1.66
  180    174.03   -0.99458  0.15188E+00   0.21720E-02  -0.15178E+00      -1.43
  181    174.50   -0.99539  0.15238E+00   0.18558E-02  -0.15231E+00      -1.22
  182    174.97   -0.99614  0.15284E+00   0.15620E-02  -0.15279E+00      -1.02
  183    175.44   -0.99683  0.15327E+00   0.12914E-02  -0.15323E+00      -0.84
  184    175.90   -0.99744  0.15366E+00   0.10449E-02  -0.15363E+00      -0.68
  185    176.37   -0.99799  0.15400E+00   0.82307E-03  -0.15399E+00      -0.53
  186    176.84   -0.99848  0.15431E+00   0.62667E-03  -0.15430E+00      -0.41
  187    177.31   -0.99890  0.15458E+00   0.45624E-03  -0.15457E+00      -0.30
  188    177.78   -0.99925  0.15480E+00   0.31226E-03  -0.15480E+00      -0.20
  189    178.24   -0.99953  0.15499E+00   0.19516E-03  -0.15499E+00      -0.13
  190    178.71   -0.99975  0.15513E+00   0.10528E-03  -0.15513E+00      -0.07
  191    179.18   -0.99990  0.15522E+00   0.42885E-04  -0.15522E+00      -0.03
  192    179.64   -0.99998  0.15528E+00   0.81441E-05  -0.15528E+00      -0.01
  193    180.00   -1.00000  0.15529E+00   0.00000E+00  -0.15529E+00      -0.00

