 alpha final =    516.00000000000000     

     granulo :  rn =  1.0  rm = 0.15  ln sig =  0.290  pour r <  50. mic.
     ======================================================================

                    longueur d onde :  0.620 microns
                    ================================

     indice reel :   1.45000     indice imaginaire : -0.35000E-02


                    nombre de particules :  0.10000E+01

       Sections d extinction et de diffusion ramenees a une particule :
       ----------------------------------------------------------------
     extinction :  0.10322E+00 mic**2     diffusion :  0.10100E+00 mic**2

            Pizero : 0.978480                 g.assymetrie : 0.64263

 ------------------------------------------------------------------------------
   j      theta       mu         i             q             u         -q/i*100
 ------------------------------------------------------------------------------
 -193      0.00    1.00000  0.67877E+01   0.00000E+00   0.67877E+01      -0.00
 -192      0.36    0.99998  0.67871E+01  -0.59925E-04   0.67871E+01       0.00
 -191      0.82    0.99990  0.67849E+01  -0.31564E-03   0.67849E+01       0.00
 -190      1.29    0.99975  0.67808E+01  -0.77528E-03   0.67808E+01       0.01
 -189      1.76    0.99953  0.67750E+01  -0.14382E-02   0.67750E+01       0.02
 -188      2.22    0.99925  0.67673E+01  -0.23035E-02   0.67673E+01       0.03
 -187      2.69    0.99890  0.67579E+01  -0.33697E-02   0.67579E+01       0.05
 -186      3.16    0.99848  0.67467E+01  -0.46353E-02   0.67467E+01       0.07
 -185      3.63    0.99799  0.67337E+01  -0.60982E-02   0.67337E+01       0.09
 -184      4.10    0.99744  0.67190E+01  -0.77563E-02   0.67190E+01       0.12
 -183      4.56    0.99683  0.67025E+01  -0.96070E-02   0.67025E+01       0.14
 -182      5.03    0.99614  0.66843E+01  -0.11648E-01   0.66843E+01       0.17
 -181      5.50    0.99539  0.66644E+01  -0.13875E-01   0.66644E+01       0.21
 -180      5.97    0.99458  0.66428E+01  -0.16285E-01   0.66428E+01       0.25
 -179      6.44    0.99370  0.66196E+01  -0.18875E-01   0.66195E+01       0.29
 -178      6.91    0.99275  0.65947E+01  -0.21641E-01   0.65946E+01       0.33
 -177      7.37    0.99173  0.65681E+01  -0.24578E-01   0.65681E+01       0.37
 -176      7.84    0.99065  0.65400E+01  -0.27683E-01   0.65399E+01       0.42
 -175      8.31    0.98950  0.65103E+01  -0.30949E-01   0.65102E+01       0.48
 -174      8.78    0.98829  0.64791E+01  -0.34374E-01   0.64789E+01       0.53
 -173      9.25    0.98701  0.64463E+01  -0.37951E-01   0.64461E+01       0.59
 -172      9.71    0.98566  0.64121E+01  -0.41675E-01   0.64118E+01       0.65
 -171     10.18    0.98425  0.63764E+01  -0.45541E-01   0.63761E+01       0.71
 -170     10.65    0.98277  0.63393E+01  -0.49543E-01   0.63389E+01       0.78
 -169     11.12    0.98123  0.63008E+01  -0.53676E-01   0.63003E+01       0.85
 -168     11.59    0.97962  0.62609E+01  -0.57933E-01   0.62604E+01       0.93
 -167     12.05    0.97795  0.62198E+01  -0.62308E-01   0.62191E+01       1.00
 -166     12.52    0.97621  0.61773E+01  -0.66795E-01   0.61766E+01       1.08
 -165     12.99    0.97440  0.61336E+01  -0.71387E-01   0.61328E+01       1.16
 -164     13.46    0.97254  0.60887E+01  -0.76079E-01   0.60877E+01       1.25
 -163     13.93    0.97060  0.60426E+01  -0.80864E-01   0.60415E+01       1.34
 -162     14.40    0.96860  0.59953E+01  -0.85734E-01   0.59941E+01       1.43
 -161     14.86    0.96654  0.59470E+01  -0.90683E-01   0.59456E+01       1.52
 -160     15.33    0.96441  0.58977E+01  -0.95705E-01   0.58961E+01       1.62
 -159     15.80    0.96222  0.58473E+01  -0.10079E+00   0.58455E+01       1.72
 -158     16.27    0.95996  0.57959E+01  -0.10594E+00   0.57940E+01       1.83
 -157     16.74    0.95764  0.57436E+01  -0.11114E+00   0.57414E+01       1.93
 -156     17.20    0.95526  0.56904E+01  -0.11638E+00   0.56880E+01       2.05
 -155     17.67    0.95281  0.56364E+01  -0.12166E+00   0.56338E+01       2.16
 -154     18.14    0.95030  0.55816E+01  -0.12698E+00   0.55787E+01       2.27
 -153     18.61    0.94772  0.55260E+01  -0.13231E+00   0.55228E+01       2.39
 -152     19.08    0.94508  0.54696E+01  -0.13767E+00   0.54662E+01       2.52
 -151     19.54    0.94238  0.54126E+01  -0.14304E+00   0.54088E+01       2.64
 -150     20.01    0.93961  0.53550E+01  -0.14841E+00   0.53508E+01       2.77
 -149     20.48    0.93679  0.52968E+01  -0.15378E+00   0.52923E+01       2.90
 -148     20.95    0.93390  0.52380E+01  -0.15914E+00   0.52331E+01       3.04
 -147     21.42    0.93094  0.51787E+01  -0.16449E+00   0.51734E+01       3.18
 -146     21.89    0.92793  0.51189E+01  -0.16981E+00   0.51132E+01       3.32
 -145     22.35    0.92485  0.50587E+01  -0.17511E+00   0.50525E+01       3.46
 -144     22.82    0.92171  0.49981E+01  -0.18037E+00   0.49915E+01       3.61
 -143     23.29    0.91851  0.49371E+01  -0.18560E+00   0.49300E+01       3.76
 -142     23.76    0.91525  0.48759E+01  -0.19078E+00   0.48683E+01       3.91
 -141     24.23    0.91193  0.48143E+01  -0.19591E+00   0.48062E+01       4.07
 -140     24.69    0.90855  0.47525E+01  -0.20099E+00   0.47439E+01       4.23
 -139     25.16    0.90510  0.46906E+01  -0.20600E+00   0.46814E+01       4.39
 -138     25.63    0.90160  0.46284E+01  -0.21095E+00   0.46187E+01       4.56
 -137     26.10    0.89804  0.45662E+01  -0.21582E+00   0.45558E+01       4.73
 -136     26.57    0.89441  0.45038E+01  -0.22062E+00   0.44928E+01       4.90
 -135     27.04    0.89073  0.44415E+01  -0.22534E+00   0.44298E+01       5.07
 -134     27.50    0.88698  0.43791E+01  -0.22997E+00   0.43667E+01       5.25
 -133     27.97    0.88318  0.43167E+01  -0.23452E+00   0.43036E+01       5.43
 -132     28.44    0.87932  0.42543E+01  -0.23897E+00   0.42406E+01       5.62
 -131     28.91    0.87540  0.41921E+01  -0.24333E+00   0.41776E+01       5.80
 -130     29.38    0.87142  0.41299E+01  -0.24758E+00   0.41147E+01       5.99
 -129     29.84    0.86738  0.40679E+01  -0.25173E+00   0.40520E+01       6.19
 -128     30.31    0.86329  0.40061E+01  -0.25577E+00   0.39894E+01       6.38
 -127     30.78    0.85914  0.39445E+01  -0.25970E+00   0.39269E+01       6.58
 -126     31.25    0.85493  0.38831E+01  -0.26352E+00   0.38647E+01       6.79
 -125     31.72    0.85066  0.38220E+01  -0.26722E+00   0.38027E+01       6.99
 -124     32.18    0.84634  0.37611E+01  -0.27081E+00   0.37410E+01       7.20
 -123     32.65    0.84195  0.37006E+01  -0.27427E+00   0.36796E+01       7.41
 -122     33.12    0.83752  0.36404E+01  -0.27761E+00   0.36185E+01       7.63
 -121     33.59    0.83303  0.35806E+01  -0.28083E+00   0.35578E+01       7.84
 -120     34.06    0.82848  0.35211E+01  -0.28392E+00   0.34974E+01       8.06
 -119     34.53    0.82387  0.34621E+01  -0.28688E+00   0.34374E+01       8.29
 -118     34.99    0.81922  0.34035E+01  -0.28971E+00   0.33778E+01       8.51
 -117     35.46    0.81450  0.33453E+01  -0.29242E+00   0.33187E+01       8.74
 -116     35.93    0.80974  0.32876E+01  -0.29499E+00   0.32600E+01       8.97
 -115     36.40    0.80491  0.32303E+01  -0.29743E+00   0.32017E+01       9.21
 -114     36.87    0.80004  0.31736E+01  -0.29974E+00   0.31440E+01       9.44
 -113     37.33    0.79511  0.31174E+01  -0.30192E+00   0.30867E+01       9.69
 -112     37.80    0.79013  0.30617E+01  -0.30396E+00   0.30300E+01       9.93
 -111     38.27    0.78509  0.30065E+01  -0.30587E+00   0.29738E+01      10.17
 -110     38.74    0.78001  0.29519E+01  -0.30765E+00   0.29182E+01      10.42
 -109     39.21    0.77487  0.28979E+01  -0.30930E+00   0.28631E+01      10.67
 -108     39.67    0.76968  0.28445E+01  -0.31082E+00   0.28086E+01      10.93
 -107     40.14    0.76444  0.27916E+01  -0.31220E+00   0.27546E+01      11.18
 -106     40.61    0.75914  0.27394E+01  -0.31345E+00   0.27013E+01      11.44
 -105     41.08    0.75380  0.26878E+01  -0.31458E+00   0.26486E+01      11.70
 -104     41.55    0.74841  0.26368E+01  -0.31557E+00   0.25965E+01      11.97
 -103     42.02    0.74296  0.25864E+01  -0.31644E+00   0.25451E+01      12.23
 -102     42.48    0.73747  0.25367E+01  -0.31719E+00   0.24942E+01      12.50
 -101     42.95    0.73193  0.24876E+01  -0.31780E+00   0.24440E+01      12.78
 -100     43.42    0.72633  0.24392E+01  -0.31830E+00   0.23945E+01      13.05
  -99     43.89    0.72069  0.23914E+01  -0.31867E+00   0.23456E+01      13.33
  -98     44.36    0.71501  0.23443E+01  -0.31893E+00   0.22974E+01      13.60
  -97     44.82    0.70927  0.22979E+01  -0.31906E+00   0.22499E+01      13.89
  -96     45.29    0.70349  0.22521E+01  -0.31908E+00   0.22030E+01      14.17
  -95     45.76    0.69766  0.22070E+01  -0.31899E+00   0.21568E+01      14.45
  -94     46.23    0.69178  0.21626E+01  -0.31878E+00   0.21112E+01      14.74
  -93     46.70    0.68586  0.21188E+01  -0.31846E+00   0.20664E+01      15.03
  -92     47.17    0.67989  0.20757E+01  -0.31804E+00   0.20222E+01      15.32
  -91     47.63    0.67387  0.20333E+01  -0.31750E+00   0.19787E+01      15.62
  -90     48.10    0.66781  0.19916E+01  -0.31687E+00   0.19359E+01      15.91
  -89     48.57    0.66171  0.19505E+01  -0.31614E+00   0.18937E+01      16.21
  -88     49.04    0.65556  0.19102E+01  -0.31530E+00   0.18523E+01      16.51
  -87     49.51    0.64937  0.18705E+01  -0.31437E+00   0.18115E+01      16.81
  -86     49.97    0.64313  0.18314E+01  -0.31335E+00   0.17714E+01      17.11
  -85     50.44    0.63686  0.17931E+01  -0.31224E+00   0.17320E+01      17.41
  -84     50.91    0.63054  0.17554E+01  -0.31103E+00   0.16933E+01      17.72
  -83     51.38    0.62417  0.17183E+01  -0.30974E+00   0.16552E+01      18.03
  -82     51.85    0.61777  0.16820E+01  -0.30837E+00   0.16178E+01      18.33
  -81     52.31    0.61132  0.16462E+01  -0.30692E+00   0.15810E+01      18.64
  -80     52.78    0.60484  0.16111E+01  -0.30539E+00   0.15449E+01      18.95
  -79     53.25    0.59831  0.15767E+01  -0.30378E+00   0.15095E+01      19.27
  -78     53.72    0.59174  0.15429E+01  -0.30210E+00   0.14747E+01      19.58
  -77     54.19    0.58514  0.15098E+01  -0.30036E+00   0.14406E+01      19.89
  -76     54.66    0.57849  0.14772E+01  -0.29854E+00   0.14071E+01      20.21
  -75     55.12    0.57181  0.14453E+01  -0.29666E+00   0.13743E+01      20.53
  -74     55.59    0.56509  0.14141E+01  -0.29471E+00   0.13421E+01      20.84
  -73     56.06    0.55833  0.13834E+01  -0.29271E+00   0.13105E+01      21.16
  -72     56.53    0.55153  0.13533E+01  -0.29065E+00   0.12795E+01      21.48
  -71     57.00    0.54470  0.13238E+01  -0.28854E+00   0.12491E+01      21.80
  -70     57.46    0.53783  0.12950E+01  -0.28637E+00   0.12194E+01      22.11
  -69     57.93    0.53092  0.12667E+01  -0.28415E+00   0.11902E+01      22.43
  -68     58.40    0.52398  0.12389E+01  -0.28189E+00   0.11617E+01      22.75
  -67     58.87    0.51700  0.12118E+01  -0.27958E+00   0.11337E+01      23.07
  -66     59.34    0.50999  0.11852E+01  -0.27724E+00   0.11063E+01      23.39
  -65     59.80    0.50294  0.11592E+01  -0.27485E+00   0.10795E+01      23.71
  -64     60.27    0.49587  0.11337E+01  -0.27242E+00   0.10532E+01      24.03
  -63     60.74    0.48875  0.11087E+01  -0.26996E+00   0.10275E+01      24.35
  -62     61.21    0.48161  0.10843E+01  -0.26747E+00   0.10023E+01      24.67
  -61     61.68    0.47443  0.10604E+01  -0.26494E+00   0.97771E+00      24.98
  -60     62.15    0.46723  0.10371E+01  -0.26239E+00   0.95362E+00      25.30
  -59     62.61    0.45999  0.10142E+01  -0.25982E+00   0.93005E+00      25.62
  -58     63.08    0.45272  0.99183E+00  -0.25721E+00   0.90701E+00      25.93
  -57     63.55    0.44542  0.96995E+00  -0.25459E+00   0.88447E+00      26.25
  -56     64.02    0.43809  0.94856E+00  -0.25195E+00   0.86243E+00      26.56
  -55     64.49    0.43073  0.92765E+00  -0.24929E+00   0.84089E+00      26.87
  -54     64.95    0.42334  0.90720E+00  -0.24662E+00   0.81982E+00      27.18
  -53     65.42    0.41592  0.88722E+00  -0.24393E+00   0.79924E+00      27.49
  -52     65.89    0.40848  0.86768E+00  -0.24123E+00   0.77913E+00      27.80
  -51     66.36    0.40101  0.84859E+00  -0.23851E+00   0.75947E+00      28.11
  -50     66.83    0.39351  0.82994E+00  -0.23579E+00   0.74027E+00      28.41
  -49     67.30    0.38598  0.81171E+00  -0.23307E+00   0.72151E+00      28.71
  -48     67.76    0.37843  0.79390E+00  -0.23034E+00   0.70319E+00      29.01
  -47     68.23    0.37086  0.77651E+00  -0.22760E+00   0.68529E+00      29.31
  -46     68.70    0.36326  0.75951E+00  -0.22487E+00   0.66782E+00      29.61
  -45     69.17    0.35563  0.74292E+00  -0.22213E+00   0.65075E+00      29.90
  -44     69.64    0.34798  0.72671E+00  -0.21940E+00   0.63410E+00      30.19
  -43     70.10    0.34031  0.71089E+00  -0.21666E+00   0.61783E+00      30.48
  -42     70.57    0.33262  0.69544E+00  -0.21393E+00   0.60196E+00      30.76
  -41     71.04    0.32490  0.68035E+00  -0.21121E+00   0.58647E+00      31.04
  -40     71.51    0.31716  0.66563E+00  -0.20849E+00   0.57135E+00      31.32
  -39     71.98    0.30941  0.65125E+00  -0.20578E+00   0.55660E+00      31.60
  -38     72.44    0.30163  0.63722E+00  -0.20308E+00   0.54220E+00      31.87
  -37     72.91    0.29383  0.62352E+00  -0.20039E+00   0.52815E+00      32.14
  -36     73.38    0.28601  0.61016E+00  -0.19771E+00   0.51445E+00      32.40
  -35     73.85    0.27817  0.59711E+00  -0.19504E+00   0.50109E+00      32.66
  -34     74.32    0.27031  0.58439E+00  -0.19239E+00   0.48805E+00      32.92
  -33     74.79    0.26243  0.57197E+00  -0.18975E+00   0.47533E+00      33.17
  -32     75.25    0.25454  0.55985E+00  -0.18712E+00   0.46293E+00      33.42
  -31     75.72    0.24663  0.54803E+00  -0.18451E+00   0.45084E+00      33.67
  -30     76.19    0.23871  0.53650E+00  -0.18192E+00   0.43904E+00      33.91
  -29     76.66    0.23076  0.52525E+00  -0.17934E+00   0.42754E+00      34.14
  -28     77.13    0.22281  0.51427E+00  -0.17678E+00   0.41633E+00      34.37
  -27     77.59    0.21483  0.50357E+00  -0.17424E+00   0.40539E+00      34.60
  -26     78.06    0.20685  0.49313E+00  -0.17172E+00   0.39473E+00      34.82
  -25     78.53    0.19885  0.48294E+00  -0.16921E+00   0.38434E+00      35.04
  -24     79.00    0.19083  0.47301E+00  -0.16673E+00   0.37421E+00      35.25
  -23     79.47    0.18280  0.46333E+00  -0.16427E+00   0.36434E+00      35.45
  -22     79.93    0.17477  0.45388E+00  -0.16183E+00   0.35471E+00      35.65
  -21     80.40    0.16671  0.44467E+00  -0.15941E+00   0.34532E+00      35.85
  -20     80.87    0.15865  0.43569E+00  -0.15701E+00   0.33618E+00      36.04
  -19     81.34    0.15058  0.42693E+00  -0.15464E+00   0.32726E+00      36.22
  -18     81.81    0.14250  0.41839E+00  -0.15229E+00   0.31857E+00      36.40
  -17     82.28    0.13441  0.41006E+00  -0.14996E+00   0.31010E+00      36.57
  -16     82.74    0.12631  0.40194E+00  -0.14765E+00   0.30184E+00      36.74
  -15     83.21    0.11820  0.39403E+00  -0.14537E+00   0.29379E+00      36.89
  -14     83.68    0.11008  0.38631E+00  -0.14311E+00   0.28595E+00      37.05
  -13     84.15    0.10195  0.37878E+00  -0.14088E+00   0.27830E+00      37.19
  -12     84.62    0.09382  0.37145E+00  -0.13867E+00   0.27084E+00      37.33
  -11     85.08    0.08569  0.36429E+00  -0.13648E+00   0.26358E+00      37.47
  -10     85.55    0.07754  0.35732E+00  -0.13432E+00   0.25649E+00      37.59
   -9     86.02    0.06939  0.35052E+00  -0.13218E+00   0.24959E+00      37.71
   -8     86.49    0.06124  0.34389E+00  -0.13007E+00   0.24286E+00      37.82
   -7     86.96    0.05308  0.33743E+00  -0.12798E+00   0.23629E+00      37.93
   -6     87.43    0.04492  0.33113E+00  -0.12592E+00   0.22990E+00      38.03
   -5     87.89    0.03676  0.32499E+00  -0.12388E+00   0.22366E+00      38.12
   -4     88.36    0.02859  0.31900E+00  -0.12186E+00   0.21757E+00      38.20
   -3     88.83    0.02043  0.31317E+00  -0.11987E+00   0.21164E+00      38.28
   -2     89.30    0.01226  0.30748E+00  -0.11791E+00   0.20585E+00      38.35
   -1     89.77    0.00409  0.30193E+00  -0.11596E+00   0.20021E+00      38.41
    0     90.00    0.00000  0.29921E+00  -0.11500E+00   0.19744E+00      38.43
    1     90.23   -0.00409  0.29653E+00  -0.11404E+00   0.19470E+00      38.46
    2     90.70   -0.01226  0.29125E+00  -0.11215E+00   0.18934E+00      38.51
    3     91.17   -0.02043  0.28612E+00  -0.11028E+00   0.18410E+00      38.54
    4     91.64   -0.02859  0.28111E+00  -0.10843E+00   0.17898E+00      38.57
    5     92.11   -0.03676  0.27622E+00  -0.10661E+00   0.17400E+00      38.60
    6     92.57   -0.04492  0.27146E+00  -0.10481E+00   0.16913E+00      38.61
    7     93.04   -0.05308  0.26682E+00  -0.10303E+00   0.16438E+00      38.61
    8     93.51   -0.06124  0.26230E+00  -0.10128E+00   0.15974E+00      38.61
    9     93.98   -0.06939  0.25789E+00  -0.99545E-01   0.15521E+00      38.60
   10     94.45   -0.07754  0.25359E+00  -0.97836E-01   0.15078E+00      38.58
   11     94.92   -0.08569  0.24940E+00  -0.96149E-01   0.14646E+00      38.55
   12     95.38   -0.09382  0.24531E+00  -0.94484E-01   0.14224E+00      38.52
   13     95.85   -0.10195  0.24133E+00  -0.92841E-01   0.13812E+00      38.47
   14     96.32   -0.11008  0.23745E+00  -0.91219E-01   0.13409E+00      38.42
   15     96.79   -0.11820  0.23366E+00  -0.89619E-01   0.13015E+00      38.35
   16     97.26   -0.12631  0.22997E+00  -0.88039E-01   0.12630E+00      38.28
   17     97.72   -0.13441  0.22637E+00  -0.86480E-01   0.12253E+00      38.20
   18     98.19   -0.14250  0.22287E+00  -0.84942E-01   0.11885E+00      38.11
   19     98.66   -0.15058  0.21945E+00  -0.83424E-01   0.11525E+00      38.01
   20     99.13   -0.15865  0.21612E+00  -0.81925E-01   0.11172E+00      37.91
   21     99.60   -0.16671  0.21287E+00  -0.80446E-01   0.10827E+00      37.79
   22    100.07   -0.17477  0.20971E+00  -0.78987E-01   0.10489E+00      37.67
   23    100.53   -0.18280  0.20662E+00  -0.77546E-01   0.10158E+00      37.53
   24    101.00   -0.19083  0.20361E+00  -0.76124E-01   0.98342E-01      37.39
   25    101.47   -0.19885  0.20068E+00  -0.74720E-01   0.95165E-01      37.23
   26    101.94   -0.20685  0.19783E+00  -0.73335E-01   0.92052E-01      37.07
   27    102.41   -0.21483  0.19504E+00  -0.71967E-01   0.89000E-01      36.90
   28    102.87   -0.22281  0.19233E+00  -0.70617E-01   0.86007E-01      36.72
   29    103.34   -0.23076  0.18969E+00  -0.69284E-01   0.83070E-01      36.53
   30    103.81   -0.23871  0.18711E+00  -0.67967E-01   0.80188E-01      36.32
   31    104.28   -0.24663  0.18460E+00  -0.66668E-01   0.77358E-01      36.11
   32    104.75   -0.25454  0.18215E+00  -0.65384E-01   0.74580E-01      35.90
   33    105.21   -0.26243  0.17977E+00  -0.64117E-01   0.71850E-01      35.67
   34    105.68   -0.27031  0.17745E+00  -0.62865E-01   0.69167E-01      35.43
   35    106.15   -0.27817  0.17519E+00  -0.61629E-01   0.66530E-01      35.18
   36    106.62   -0.28601  0.17299E+00  -0.60408E-01   0.63937E-01      34.92
   37    107.09   -0.29383  0.17084E+00  -0.59201E-01   0.61385E-01      34.65
   38    107.56   -0.30163  0.16875E+00  -0.58010E-01   0.58874E-01      34.38
   39    108.02   -0.30941  0.16672E+00  -0.56832E-01   0.56401E-01      34.09
   40    108.49   -0.31716  0.16474E+00  -0.55669E-01   0.53966E-01      33.79
   41    108.96   -0.32490  0.16281E+00  -0.54519E-01   0.51566E-01      33.49
   42    109.43   -0.33262  0.16094E+00  -0.53383E-01   0.49200E-01      33.17
   43    109.90   -0.34031  0.15911E+00  -0.52261E-01   0.46868E-01      32.85
   44    110.36   -0.34798  0.15734E+00  -0.51151E-01   0.44567E-01      32.51
   45    110.83   -0.35563  0.15561E+00  -0.50054E-01   0.42296E-01      32.17
   46    111.30   -0.36326  0.15393E+00  -0.48970E-01   0.40053E-01      31.81
   47    111.77   -0.37086  0.15230E+00  -0.47898E-01   0.37839E-01      31.45
   48    112.24   -0.37843  0.15071E+00  -0.46838E-01   0.35650E-01      31.08
   49    112.70   -0.38598  0.14916E+00  -0.45790E-01   0.33487E-01      30.70
   50    113.17   -0.39351  0.14766E+00  -0.44754E-01   0.31348E-01      30.31
   51    113.64   -0.40101  0.14621E+00  -0.43729E-01   0.29232E-01      29.91
   52    114.11   -0.40848  0.14479E+00  -0.42716E-01   0.27137E-01      29.50
   53    114.58   -0.41592  0.14342E+00  -0.41714E-01   0.25063E-01      29.08
   54    115.05   -0.42334  0.14209E+00  -0.40723E-01   0.23009E-01      28.66
   55    115.51   -0.43073  0.14080E+00  -0.39742E-01   0.20974E-01      28.23
   56    115.98   -0.43809  0.13955E+00  -0.38773E-01   0.18957E-01      27.78
   57    116.45   -0.44542  0.13833E+00  -0.37814E-01   0.16956E-01      27.34
   58    116.92   -0.45272  0.13716E+00  -0.36865E-01   0.14972E-01      26.88
   59    117.39   -0.45999  0.13602E+00  -0.35926E-01   0.13002E-01      26.41
   60    117.85   -0.46723  0.13492E+00  -0.34998E-01   0.11047E-01      25.94
   61    118.32   -0.47443  0.13385E+00  -0.34079E-01   0.91055E-02      25.46
   62    118.79   -0.48161  0.13282E+00  -0.33171E-01   0.71766E-02      24.97
   63    119.26   -0.48875  0.13183E+00  -0.32272E-01   0.52598E-02      24.48
   64    119.73   -0.49587  0.13087E+00  -0.31383E-01   0.33543E-02      23.98
   65    120.20   -0.50294  0.12994E+00  -0.30503E-01   0.14595E-02      23.47
   66    120.66   -0.50999  0.12905E+00  -0.29633E-01  -0.42544E-03      22.96
   67    121.13   -0.51700  0.12819E+00  -0.28773E-01  -0.23010E-02      22.45
   68    121.60   -0.52398  0.12736E+00  -0.27922E-01  -0.41678E-02      21.92
   69    122.07   -0.53092  0.12657E+00  -0.27080E-01  -0.60264E-02      21.40
   70    122.54   -0.53783  0.12581E+00  -0.26248E-01  -0.78774E-02      20.86
   71    123.00   -0.54470  0.12508E+00  -0.25425E-01  -0.97212E-02      20.33
   72    123.47   -0.55153  0.12438E+00  -0.24612E-01  -0.11558E-01      19.79
   73    123.94   -0.55833  0.12371E+00  -0.23807E-01  -0.13390E-01      19.24
   74    124.41   -0.56509  0.12308E+00  -0.23012E-01  -0.15215E-01      18.70
   75    124.88   -0.57181  0.12247E+00  -0.22227E-01  -0.17035E-01      18.15
   76    125.34   -0.57849  0.12189E+00  -0.21450E-01  -0.18850E-01      17.60
   77    125.81   -0.58514  0.12134E+00  -0.20683E-01  -0.20661E-01      17.05
   78    126.28   -0.59174  0.12082E+00  -0.19925E-01  -0.22467E-01      16.49
   79    126.75   -0.59831  0.12034E+00  -0.19177E-01  -0.24269E-01      15.94
   80    127.22   -0.60484  0.11987E+00  -0.18438E-01  -0.26068E-01      15.38
   81    127.69   -0.61132  0.11944E+00  -0.17709E-01  -0.27864E-01      14.83
   82    128.15   -0.61777  0.11904E+00  -0.16990E-01  -0.29656E-01      14.27
   83    128.62   -0.62417  0.11866E+00  -0.16279E-01  -0.31446E-01      13.72
   84    129.09   -0.63054  0.11831E+00  -0.15579E-01  -0.33233E-01      13.17
   85    129.56   -0.63686  0.11799E+00  -0.14889E-01  -0.35017E-01      12.62
   86    130.03   -0.64313  0.11770E+00  -0.14208E-01  -0.36799E-01      12.07
   87    130.49   -0.64937  0.11743E+00  -0.13537E-01  -0.38579E-01      11.53
   88    130.96   -0.65556  0.11719E+00  -0.12877E-01  -0.40357E-01      10.99
   89    131.43   -0.66171  0.11698E+00  -0.12226E-01  -0.42133E-01      10.45
   90    131.90   -0.66781  0.11679E+00  -0.11586E-01  -0.43907E-01       9.92
   91    132.37   -0.67387  0.11663E+00  -0.10956E-01  -0.45679E-01       9.39
   92    132.83   -0.67989  0.11649E+00  -0.10337E-01  -0.47449E-01       8.87
   93    133.30   -0.68586  0.11638E+00  -0.97287E-02  -0.49217E-01       8.36
   94    133.77   -0.69178  0.11630E+00  -0.91309E-02  -0.50984E-01       7.85
   95    134.24   -0.69766  0.11624E+00  -0.85441E-02  -0.52748E-01       7.35
   96    134.71   -0.70349  0.11621E+00  -0.79682E-02  -0.54511E-01       6.86
   97    135.18   -0.70927  0.11620E+00  -0.74035E-02  -0.56271E-01       6.37
   98    135.64   -0.71501  0.11621E+00  -0.68501E-02  -0.58029E-01       5.89
   99    136.11   -0.72069  0.11625E+00  -0.63081E-02  -0.59785E-01       5.43
  100    136.58   -0.72633  0.11632E+00  -0.57777E-02  -0.61539E-01       4.97
  101    137.05   -0.73193  0.11641E+00  -0.52590E-02  -0.63290E-01       4.52
  102    137.52   -0.73747  0.11652E+00  -0.47522E-02  -0.65038E-01       4.08
  103    137.98   -0.74296  0.11666E+00  -0.42573E-02  -0.66783E-01       3.65
  104    138.45   -0.74841  0.11682E+00  -0.37745E-02  -0.68526E-01       3.23
  105    138.92   -0.75380  0.11700E+00  -0.33040E-02  -0.70264E-01       2.82
  106    139.39   -0.75914  0.11720E+00  -0.28458E-02  -0.72000E-01       2.43
  107    139.86   -0.76444  0.11743E+00  -0.24002E-02  -0.73731E-01       2.04
  108    140.33   -0.76968  0.11768E+00  -0.19672E-02  -0.75458E-01       1.67
  109    140.79   -0.77487  0.11796E+00  -0.15469E-02  -0.77181E-01       1.31
  110    141.26   -0.78001  0.11825E+00  -0.11395E-02  -0.78899E-01       0.96
  111    141.73   -0.78509  0.11857E+00  -0.74501E-03  -0.80612E-01       0.63
  112    142.20   -0.79013  0.11891E+00  -0.36363E-03  -0.82320E-01       0.31
  113    142.67   -0.79511  0.11927E+00   0.45837E-05  -0.84022E-01      -0.00
  114    143.13   -0.80004  0.11965E+00   0.35954E-03  -0.85718E-01      -0.30
  115    143.60   -0.80491  0.12005E+00   0.70116E-03  -0.87407E-01      -0.58
  116    144.07   -0.80974  0.12047E+00   0.10294E-02  -0.89090E-01      -0.85
  117    144.54   -0.81450  0.12091E+00   0.13441E-02  -0.90765E-01      -1.11
  118    145.01   -0.81922  0.12137E+00   0.16453E-02  -0.92433E-01      -1.36
  119    145.47   -0.82387  0.12185E+00   0.19329E-02  -0.94093E-01      -1.59
  120    145.94   -0.82848  0.12235E+00   0.22069E-02  -0.95744E-01      -1.80
  121    146.41   -0.83303  0.12287E+00   0.24672E-02  -0.97387E-01      -2.01
  122    146.88   -0.83752  0.12340E+00   0.27139E-02  -0.99020E-01      -2.20
  123    147.35   -0.84195  0.12395E+00   0.29469E-02  -0.10064E+00      -2.38
  124    147.82   -0.84634  0.12452E+00   0.31663E-02  -0.10226E+00      -2.54
  125    148.28   -0.85066  0.12511E+00   0.33721E-02  -0.10386E+00      -2.70
  126    148.75   -0.85493  0.12571E+00   0.35643E-02  -0.10545E+00      -2.84
  127    149.22   -0.85914  0.12633E+00   0.37430E-02  -0.10703E+00      -2.96
  128    149.69   -0.86329  0.12696E+00   0.39082E-02  -0.10860E+00      -3.08
  129    150.16   -0.86738  0.12761E+00   0.40600E-02  -0.11015E+00      -3.18
  130    150.62   -0.87142  0.12827E+00   0.41986E-02  -0.11170E+00      -3.27
  131    151.09   -0.87540  0.12895E+00   0.43240E-02  -0.11322E+00      -3.35
  132    151.56   -0.87932  0.12963E+00   0.44363E-02  -0.11474E+00      -3.42
  133    152.03   -0.88318  0.13033E+00   0.45358E-02  -0.11624E+00      -3.48
  134    152.50   -0.88698  0.13105E+00   0.46225E-02  -0.11772E+00      -3.53
  135    152.96   -0.89073  0.13177E+00   0.46966E-02  -0.11919E+00      -3.56
  136    153.43   -0.89441  0.13250E+00   0.47584E-02  -0.12065E+00      -3.59
  137    153.90   -0.89804  0.13325E+00   0.48080E-02  -0.12209E+00      -3.61
  138    154.37   -0.90160  0.13400E+00   0.48457E-02  -0.12351E+00      -3.62
  139    154.84   -0.90510  0.13476E+00   0.48717E-02  -0.12491E+00      -3.62
  140    155.31   -0.90855  0.13553E+00   0.48863E-02  -0.12630E+00      -3.61
  141    155.77   -0.91193  0.13630E+00   0.48897E-02  -0.12766E+00      -3.59
  142    156.24   -0.91525  0.13709E+00   0.48823E-02  -0.12901E+00      -3.56
  143    156.71   -0.91851  0.13787E+00   0.48643E-02  -0.13034E+00      -3.53
  144    157.18   -0.92171  0.13866E+00   0.48360E-02  -0.13165E+00      -3.49
  145    157.65   -0.92485  0.13946E+00   0.47979E-02  -0.13294E+00      -3.44
  146    158.11   -0.92793  0.14026E+00   0.47502E-02  -0.13421E+00      -3.39
  147    158.58   -0.93094  0.14106E+00   0.46934E-02  -0.13546E+00      -3.33
  148    159.05   -0.93390  0.14186E+00   0.46278E-02  -0.13669E+00      -3.26
  149    159.52   -0.93679  0.14266E+00   0.45538E-02  -0.13789E+00      -3.19
  150    159.99   -0.93961  0.14346E+00   0.44718E-02  -0.13908E+00      -3.12
  151    160.46   -0.94238  0.14426E+00   0.43823E-02  -0.14024E+00      -3.04
  152    160.92   -0.94508  0.14506E+00   0.42856E-02  -0.14138E+00      -2.95
  153    161.39   -0.94772  0.14586E+00   0.41823E-02  -0.14249E+00      -2.87
  154    161.86   -0.95030  0.14665E+00   0.40728E-02  -0.14358E+00      -2.78
  155    162.33   -0.95281  0.14743E+00   0.39575E-02  -0.14465E+00      -2.68
  156    162.80   -0.95526  0.14821E+00   0.38370E-02  -0.14569E+00      -2.59
  157    163.26   -0.95764  0.14899E+00   0.37117E-02  -0.14671E+00      -2.49
  158    163.73   -0.95996  0.14975E+00   0.35821E-02  -0.14771E+00      -2.39
  159    164.20   -0.96222  0.15051E+00   0.34486E-02  -0.14867E+00      -2.29
  160    164.67   -0.96441  0.15126E+00   0.33119E-02  -0.14962E+00      -2.19
  161    165.14   -0.96654  0.15199E+00   0.31724E-02  -0.15054E+00      -2.09
  162    165.60   -0.96860  0.15272E+00   0.30306E-02  -0.15143E+00      -1.98
  163    166.07   -0.97060  0.15343E+00   0.28870E-02  -0.15229E+00      -1.88
  164    166.54   -0.97254  0.15413E+00   0.27422E-02  -0.15313E+00      -1.78
  165    167.01   -0.97440  0.15482E+00   0.25966E-02  -0.15394E+00      -1.68
  166    167.48   -0.97621  0.15549E+00   0.24507E-02  -0.15473E+00      -1.58
  167    167.95   -0.97795  0.15614E+00   0.23051E-02  -0.15549E+00      -1.48
  168    168.41   -0.97962  0.15678E+00   0.21602E-02  -0.15622E+00      -1.38
  169    168.88   -0.98123  0.15740E+00   0.20166E-02  -0.15692E+00      -1.28
  170    169.35   -0.98277  0.15800E+00   0.18747E-02  -0.15759E+00      -1.19
  171    169.82   -0.98425  0.15858E+00   0.17350E-02  -0.15824E+00      -1.09
  172    170.29   -0.98566  0.15914E+00   0.15980E-02  -0.15886E+00      -1.00
  173    170.75   -0.98701  0.15968E+00   0.14640E-02  -0.15945E+00      -0.92
  174    171.22   -0.98829  0.16020E+00   0.13337E-02  -0.16001E+00      -0.83
  175    171.69   -0.98950  0.16070E+00   0.12074E-02  -0.16055E+00      -0.75
  176    172.16   -0.99065  0.16118E+00   0.10854E-02  -0.16105E+00      -0.67
  177    172.63   -0.99173  0.16163E+00   0.96831E-03  -0.16153E+00      -0.60
  178    173.09   -0.99275  0.16205E+00   0.85640E-03  -0.16198E+00      -0.53
  179    173.56   -0.99370  0.16245E+00   0.75005E-03  -0.16240E+00      -0.46
  180    174.03   -0.99458  0.16283E+00   0.64961E-03  -0.16279E+00      -0.40
  181    174.50   -0.99539  0.16318E+00   0.55542E-03  -0.16315E+00      -0.34
  182    174.97   -0.99614  0.16350E+00   0.46777E-03  -0.16348E+00      -0.29
  183    175.44   -0.99683  0.16379E+00   0.38696E-03  -0.16378E+00      -0.24
  184    175.90   -0.99744  0.16406E+00   0.31324E-03  -0.16405E+00      -0.19
  185    176.37   -0.99799  0.16430E+00   0.24686E-03  -0.16430E+00      -0.15
  186    176.84   -0.99848  0.16451E+00   0.18802E-03  -0.16451E+00      -0.11
  187    177.31   -0.99890  0.16470E+00   0.13693E-03  -0.16470E+00      -0.08
  188    177.78   -0.99925  0.16485E+00   0.93742E-04  -0.16485E+00      -0.06
  189    178.24   -0.99953  0.16498E+00   0.58600E-04  -0.16498E+00      -0.04
  190    178.71   -0.99975  0.16507E+00   0.31617E-04  -0.16507E+00      -0.02
  191    179.18   -0.99990  0.16514E+00   0.12881E-04  -0.16514E+00      -0.01
  192    179.64   -0.99998  0.16518E+00   0.24463E-05  -0.16518E+00      -0.00
  193    180.00   -1.00000  0.16518E+00   0.00000E+00  -0.16518E+00      -0.00

