 alpha final =    458.00000000000000     

     granulo :  rn =  1.0  rm = 0.15  ln sig =  0.290  pour r <  50. mic.
     ======================================================================

                    longueur d onde :  0.700 microns
                    ================================

     indice reel :   1.45000     indice imaginaire : -0.35000E-02


                    nombre de particules :  0.10000E+01

       Sections d extinction et de diffusion ramenees a une particule :
       ----------------------------------------------------------------
     extinction :  0.78495E-01 mic**2     diffusion :  0.76623E-01 mic**2

            Pizero : 0.976142                 g.assymetrie : 0.60185

 ------------------------------------------------------------------------------
   j      theta       mu         i             q             u         -q/i*100
 ------------------------------------------------------------------------------
 -193      0.00    1.00000  0.57979E+01   0.00000E+00   0.57979E+01      -0.00
 -192      0.36    0.99998  0.57975E+01  -0.58286E-04   0.57975E+01       0.00
 -191      0.82    0.99990  0.57959E+01  -0.30702E-03   0.57959E+01       0.01
 -190      1.29    0.99975  0.57930E+01  -0.75420E-03   0.57930E+01       0.01
 -189      1.76    0.99953  0.57888E+01  -0.13993E-02   0.57888E+01       0.02
 -188      2.22    0.99925  0.57834E+01  -0.22417E-02   0.57834E+01       0.04
 -187      2.69    0.99890  0.57767E+01  -0.32801E-02   0.57767E+01       0.06
 -186      3.16    0.99848  0.57687E+01  -0.45134E-02   0.57687E+01       0.08
 -185      3.63    0.99799  0.57594E+01  -0.59399E-02   0.57594E+01       0.10
 -184      4.10    0.99744  0.57490E+01  -0.75580E-02   0.57489E+01       0.13
 -183      4.56    0.99683  0.57372E+01  -0.93656E-02   0.57372E+01       0.16
 -182      5.03    0.99614  0.57242E+01  -0.11360E-01   0.57242E+01       0.20
 -181      5.50    0.99539  0.57100E+01  -0.13540E-01   0.57100E+01       0.24
 -180      5.97    0.99458  0.56946E+01  -0.15902E-01   0.56946E+01       0.28
 -179      6.44    0.99370  0.56780E+01  -0.18442E-01   0.56780E+01       0.32
 -178      6.91    0.99275  0.56602E+01  -0.21159E-01   0.56601E+01       0.37
 -177      7.37    0.99173  0.56412E+01  -0.24049E-01   0.56411E+01       0.43
 -176      7.84    0.99065  0.56211E+01  -0.27107E-01   0.56210E+01       0.48
 -175      8.31    0.98950  0.55998E+01  -0.30331E-01   0.55997E+01       0.54
 -174      8.78    0.98829  0.55774E+01  -0.33717E-01   0.55772E+01       0.60
 -173      9.25    0.98701  0.55539E+01  -0.37260E-01   0.55537E+01       0.67
 -172      9.71    0.98566  0.55292E+01  -0.40956E-01   0.55290E+01       0.74
 -171     10.18    0.98425  0.55036E+01  -0.44800E-01   0.55033E+01       0.81
 -170     10.65    0.98277  0.54768E+01  -0.48789E-01   0.54765E+01       0.89
 -169     11.12    0.98123  0.54490E+01  -0.52917E-01   0.54486E+01       0.97
 -168     11.59    0.97962  0.54202E+01  -0.57179E-01   0.54198E+01       1.05
 -167     12.05    0.97795  0.53904E+01  -0.61571E-01   0.53899E+01       1.14
 -166     12.52    0.97621  0.53597E+01  -0.66087E-01   0.53591E+01       1.23
 -165     12.99    0.97440  0.53280E+01  -0.70721E-01   0.53273E+01       1.33
 -164     13.46    0.97254  0.52954E+01  -0.75470E-01   0.52945E+01       1.43
 -163     13.93    0.97060  0.52618E+01  -0.80326E-01   0.52609E+01       1.53
 -162     14.40    0.96860  0.52274E+01  -0.85285E-01   0.52264E+01       1.63
 -161     14.86    0.96654  0.51922E+01  -0.90340E-01   0.51910E+01       1.74
 -160     15.33    0.96441  0.51561E+01  -0.95487E-01   0.51547E+01       1.85
 -159     15.80    0.96222  0.51192E+01  -0.10072E+00   0.51177E+01       1.97
 -158     16.27    0.95996  0.50815E+01  -0.10603E+00   0.50798E+01       2.09
 -157     16.74    0.95764  0.50431E+01  -0.11142E+00   0.50412E+01       2.21
 -156     17.20    0.95526  0.50040E+01  -0.11687E+00   0.50019E+01       2.34
 -155     17.67    0.95281  0.49641E+01  -0.12238E+00   0.49618E+01       2.47
 -154     18.14    0.95030  0.49236E+01  -0.12795E+00   0.49210E+01       2.60
 -153     18.61    0.94772  0.48824E+01  -0.13357E+00   0.48796E+01       2.74
 -152     19.08    0.94508  0.48407E+01  -0.13923E+00   0.48376E+01       2.88
 -151     19.54    0.94238  0.47983E+01  -0.14494E+00   0.47949E+01       3.02
 -150     20.01    0.93961  0.47554E+01  -0.15067E+00   0.47517E+01       3.17
 -149     20.48    0.93679  0.47119E+01  -0.15643E+00   0.47079E+01       3.32
 -148     20.95    0.93390  0.46679E+01  -0.16221E+00   0.46636E+01       3.47
 -147     21.42    0.93094  0.46235E+01  -0.16800E+00   0.46188E+01       3.63
 -146     21.89    0.92793  0.45786E+01  -0.17380E+00   0.45735E+01       3.80
 -145     22.35    0.92485  0.45332E+01  -0.17960E+00   0.45277E+01       3.96
 -144     22.82    0.92171  0.44875E+01  -0.18540E+00   0.44816E+01       4.13
 -143     23.29    0.91851  0.44414E+01  -0.19119E+00   0.44350E+01       4.30
 -142     23.76    0.91525  0.43949E+01  -0.19697E+00   0.43881E+01       4.48
 -141     24.23    0.91193  0.43482E+01  -0.20273E+00   0.43409E+01       4.66
 -140     24.69    0.90855  0.43011E+01  -0.20846E+00   0.42933E+01       4.85
 -139     25.16    0.90510  0.42537E+01  -0.21416E+00   0.42454E+01       5.03
 -138     25.63    0.90160  0.42062E+01  -0.21983E+00   0.41973E+01       5.23
 -137     26.10    0.89804  0.41584E+01  -0.22546E+00   0.41489E+01       5.42
 -136     26.57    0.89441  0.41104E+01  -0.23104E+00   0.41003E+01       5.62
 -135     27.04    0.89073  0.40622E+01  -0.23657E+00   0.40516E+01       5.82
 -134     27.50    0.88698  0.40139E+01  -0.24205E+00   0.40026E+01       6.03
 -133     27.97    0.88318  0.39655E+01  -0.24746E+00   0.39536E+01       6.24
 -132     28.44    0.87932  0.39170E+01  -0.25281E+00   0.39044E+01       6.45
 -131     28.91    0.87540  0.38685E+01  -0.25810E+00   0.38551E+01       6.67
 -130     29.38    0.87142  0.38198E+01  -0.26331E+00   0.38057E+01       6.89
 -129     29.84    0.86738  0.37712E+01  -0.26844E+00   0.37563E+01       7.12
 -128     30.31    0.86329  0.37226E+01  -0.27350E+00   0.37069E+01       7.35
 -127     30.78    0.85914  0.36739E+01  -0.27847E+00   0.36575E+01       7.58
 -126     31.25    0.85493  0.36254E+01  -0.28335E+00   0.36081E+01       7.82
 -125     31.72    0.85066  0.35768E+01  -0.28814E+00   0.35587E+01       8.06
 -124     32.18    0.84634  0.35284E+01  -0.29284E+00   0.35094E+01       8.30
 -123     32.65    0.84195  0.34801E+01  -0.29744E+00   0.34602E+01       8.55
 -122     33.12    0.83752  0.34319E+01  -0.30194E+00   0.34111E+01       8.80
 -121     33.59    0.83303  0.33838E+01  -0.30634E+00   0.33621E+01       9.05
 -120     34.06    0.82848  0.33359E+01  -0.31063E+00   0.33133E+01       9.31
 -119     34.53    0.82387  0.32882E+01  -0.31481E+00   0.32646E+01       9.57
 -118     34.99    0.81922  0.32407E+01  -0.31889E+00   0.32160E+01       9.84
 -117     35.46    0.81450  0.31934E+01  -0.32285E+00   0.31677E+01      10.11
 -116     35.93    0.80974  0.31463E+01  -0.32669E+00   0.31196E+01      10.38
 -115     36.40    0.80491  0.30994E+01  -0.33042E+00   0.30717E+01      10.66
 -114     36.87    0.80004  0.30528E+01  -0.33403E+00   0.30240E+01      10.94
 -113     37.33    0.79511  0.30065E+01  -0.33752E+00   0.29766E+01      11.23
 -112     37.80    0.79013  0.29605E+01  -0.34089E+00   0.29295E+01      11.51
 -111     38.27    0.78509  0.29148E+01  -0.34413E+00   0.28827E+01      11.81
 -110     38.74    0.78001  0.28694E+01  -0.34725E+00   0.28361E+01      12.10
 -109     39.21    0.77487  0.28243E+01  -0.35025E+00   0.27899E+01      12.40
 -108     39.67    0.76968  0.27796E+01  -0.35312E+00   0.27440E+01      12.70
 -107     40.14    0.76444  0.27352E+01  -0.35587E+00   0.26984E+01      13.01
 -106     40.61    0.75914  0.26912E+01  -0.35849E+00   0.26532E+01      13.32
 -105     41.08    0.75380  0.26475E+01  -0.36098E+00   0.26083E+01      13.63
 -104     41.55    0.74841  0.26042E+01  -0.36334E+00   0.25638E+01      13.95
 -103     42.02    0.74296  0.25613E+01  -0.36558E+00   0.25196E+01      14.27
 -102     42.48    0.73747  0.25189E+01  -0.36769E+00   0.24759E+01      14.60
 -101     42.95    0.73193  0.24768E+01  -0.36967E+00   0.24326E+01      14.93
 -100     43.42    0.72633  0.24351E+01  -0.37153E+00   0.23896E+01      15.26
  -99     43.89    0.72069  0.23939E+01  -0.37326E+00   0.23471E+01      15.59
  -98     44.36    0.71501  0.23531E+01  -0.37486E+00   0.23050E+01      15.93
  -97     44.82    0.70927  0.23127E+01  -0.37634E+00   0.22633E+01      16.27
  -96     45.29    0.70349  0.22728E+01  -0.37769E+00   0.22221E+01      16.62
  -95     45.76    0.69766  0.22333E+01  -0.37892E+00   0.21813E+01      16.97
  -94     46.23    0.69178  0.21943E+01  -0.38002E+00   0.21409E+01      17.32
  -93     46.70    0.68586  0.21558E+01  -0.38100E+00   0.21010E+01      17.67
  -92     47.17    0.67989  0.21177E+01  -0.38187E+00   0.20616E+01      18.03
  -91     47.63    0.67387  0.20800E+01  -0.38261E+00   0.20226E+01      18.39
  -90     48.10    0.66781  0.20429E+01  -0.38323E+00   0.19841E+01      18.76
  -89     48.57    0.66171  0.20062E+01  -0.38373E+00   0.19460E+01      19.13
  -88     49.04    0.65556  0.19700E+01  -0.38412E+00   0.19084E+01      19.50
  -87     49.51    0.64937  0.19342E+01  -0.38440E+00   0.18713E+01      19.87
  -86     49.97    0.64313  0.18989E+01  -0.38456E+00   0.18347E+01      20.25
  -85     50.44    0.63686  0.18642E+01  -0.38461E+00   0.17985E+01      20.63
  -84     50.91    0.63054  0.18299E+01  -0.38455E+00   0.17629E+01      21.02
  -83     51.38    0.62417  0.17960E+01  -0.38438E+00   0.17277E+01      21.40
  -82     51.85    0.61777  0.17627E+01  -0.38411E+00   0.16930E+01      21.79
  -81     52.31    0.61132  0.17298E+01  -0.38373E+00   0.16588E+01      22.18
  -80     52.78    0.60484  0.16975E+01  -0.38325E+00   0.16250E+01      22.58
  -79     53.25    0.59831  0.16656E+01  -0.38268E+00   0.15918E+01      22.98
  -78     53.72    0.59174  0.16342E+01  -0.38200E+00   0.15590E+01      23.38
  -77     54.19    0.58514  0.16032E+01  -0.38122E+00   0.15267E+01      23.78
  -76     54.66    0.57849  0.15728E+01  -0.38036E+00   0.14949E+01      24.18
  -75     55.12    0.57181  0.15428E+01  -0.37939E+00   0.14636E+01      24.59
  -74     55.59    0.56509  0.15133E+01  -0.37834E+00   0.14327E+01      25.00
  -73     56.06    0.55833  0.14843E+01  -0.37721E+00   0.14024E+01      25.41
  -72     56.53    0.55153  0.14557E+01  -0.37598E+00   0.13725E+01      25.83
  -71     57.00    0.54470  0.14276E+01  -0.37468E+00   0.13431E+01      26.24
  -70     57.46    0.53783  0.14000E+01  -0.37329E+00   0.13142E+01      26.66
  -69     57.93    0.53092  0.13728E+01  -0.37182E+00   0.12857E+01      27.08
  -68     58.40    0.52398  0.13461E+01  -0.37028E+00   0.12577E+01      27.51
  -67     58.87    0.51700  0.13199E+01  -0.36866E+00   0.12301E+01      27.93
  -66     59.34    0.50999  0.12941E+01  -0.36697E+00   0.12031E+01      28.36
  -65     59.80    0.50294  0.12687E+01  -0.36521E+00   0.11765E+01      28.79
  -64     60.27    0.49587  0.12438E+01  -0.36338E+00   0.11503E+01      29.21
  -63     60.74    0.48875  0.12194E+01  -0.36148E+00   0.11246E+01      29.65
  -62     61.21    0.48161  0.11953E+01  -0.35953E+00   0.10993E+01      30.08
  -61     61.68    0.47443  0.11718E+01  -0.35751E+00   0.10745E+01      30.51
  -60     62.15    0.46723  0.11486E+01  -0.35543E+00   0.10501E+01      30.94
  -59     62.61    0.45999  0.11259E+01  -0.35330E+00   0.10262E+01      31.38
  -58     63.08    0.45272  0.11035E+01  -0.35111E+00   0.10027E+01      31.82
  -57     63.55    0.44542  0.10816E+01  -0.34887E+00   0.97961E+00      32.25
  -56     64.02    0.43809  0.10601E+01  -0.34657E+00   0.95695E+00      32.69
  -55     64.49    0.43073  0.10391E+01  -0.34424E+00   0.93471E+00      33.13
  -54     64.95    0.42334  0.10184E+01  -0.34185E+00   0.91289E+00      33.57
  -53     65.42    0.41592  0.99808E+00  -0.33942E+00   0.89147E+00      34.01
  -52     65.89    0.40848  0.97818E+00  -0.33695E+00   0.87046E+00      34.45
  -51     66.36    0.40101  0.95867E+00  -0.33444E+00   0.84985E+00      34.89
  -50     66.83    0.39351  0.93953E+00  -0.33189E+00   0.82963E+00      35.32
  -49     67.30    0.38598  0.92078E+00  -0.32931E+00   0.80981E+00      35.76
  -48     67.76    0.37843  0.90239E+00  -0.32669E+00   0.79036E+00      36.20
  -47     68.23    0.37086  0.88437E+00  -0.32404E+00   0.77130E+00      36.64
  -46     68.70    0.36326  0.86671E+00  -0.32136E+00   0.75261E+00      37.08
  -45     69.17    0.35563  0.84941E+00  -0.31865E+00   0.73429E+00      37.51
  -44     69.64    0.34798  0.83245E+00  -0.31591E+00   0.71634E+00      37.95
  -43     70.10    0.34031  0.81584E+00  -0.31315E+00   0.69874E+00      38.38
  -42     70.57    0.33262  0.79957E+00  -0.31037E+00   0.68150E+00      38.82
  -41     71.04    0.32490  0.78364E+00  -0.30757E+00   0.66461E+00      39.25
  -40     71.51    0.31716  0.76803E+00  -0.30475E+00   0.64806E+00      39.68
  -39     71.98    0.30941  0.75275E+00  -0.30191E+00   0.63184E+00      40.11
  -38     72.44    0.30163  0.73778E+00  -0.29905E+00   0.61596E+00      40.53
  -37     72.91    0.29383  0.72313E+00  -0.29618E+00   0.60041E+00      40.96
  -36     73.38    0.28601  0.70879E+00  -0.29330E+00   0.58518E+00      41.38
  -35     73.85    0.27817  0.69475E+00  -0.29040E+00   0.57027E+00      41.80
  -34     74.32    0.27031  0.68101E+00  -0.28750E+00   0.55567E+00      42.22
  -33     74.79    0.26243  0.66756E+00  -0.28458E+00   0.54137E+00      42.63
  -32     75.25    0.25454  0.65440E+00  -0.28166E+00   0.52738E+00      43.04
  -31     75.72    0.24663  0.64152E+00  -0.27874E+00   0.51368E+00      43.45
  -30     76.19    0.23871  0.62892E+00  -0.27581E+00   0.50027E+00      43.85
  -29     76.66    0.23076  0.61659E+00  -0.27287E+00   0.48715E+00      44.26
  -28     77.13    0.22281  0.60453E+00  -0.26994E+00   0.47431E+00      44.65
  -27     77.59    0.21483  0.59273E+00  -0.26700E+00   0.46174E+00      45.05
  -26     78.06    0.20685  0.58119E+00  -0.26407E+00   0.44945E+00      45.44
  -25     78.53    0.19885  0.56991E+00  -0.26113E+00   0.43742E+00      45.82
  -24     79.00    0.19083  0.55887E+00  -0.25820E+00   0.42565E+00      46.20
  -23     79.47    0.18280  0.54807E+00  -0.25527E+00   0.41414E+00      46.58
  -22     79.93    0.17477  0.53752E+00  -0.25235E+00   0.40287E+00      46.95
  -21     80.40    0.16671  0.52720E+00  -0.24943E+00   0.39185E+00      47.31
  -20     80.87    0.15865  0.51711E+00  -0.24652E+00   0.38108E+00      47.67
  -19     81.34    0.15058  0.50725E+00  -0.24362E+00   0.37054E+00      48.03
  -18     81.81    0.14250  0.49760E+00  -0.24072E+00   0.36023E+00      48.38
  -17     82.28    0.13441  0.48818E+00  -0.23784E+00   0.35015E+00      48.72
  -16     82.74    0.12631  0.47897E+00  -0.23496E+00   0.34029E+00      49.06
  -15     83.21    0.11820  0.46996E+00  -0.23210E+00   0.33064E+00      49.39
  -14     83.68    0.11008  0.46116E+00  -0.22925E+00   0.32122E+00      49.71
  -13     84.15    0.10195  0.45256E+00  -0.22641E+00   0.31199E+00      50.03
  -12     84.62    0.09382  0.44415E+00  -0.22358E+00   0.30298E+00      50.34
  -11     85.08    0.08569  0.43594E+00  -0.22077E+00   0.29416E+00      50.64
  -10     85.55    0.07754  0.42792E+00  -0.21797E+00   0.28554E+00      50.94
   -9     86.02    0.06939  0.42008E+00  -0.21518E+00   0.27711E+00      51.22
   -8     86.49    0.06124  0.41242E+00  -0.21241E+00   0.26887E+00      51.50
   -7     86.96    0.05308  0.40494E+00  -0.20966E+00   0.26081E+00      51.78
   -6     87.43    0.04492  0.39763E+00  -0.20693E+00   0.25293E+00      52.04
   -5     87.89    0.03676  0.39048E+00  -0.20421E+00   0.24522E+00      52.30
   -4     88.36    0.02859  0.38351E+00  -0.20150E+00   0.23769E+00      52.54
   -3     88.83    0.02043  0.37670E+00  -0.19882E+00   0.23032E+00      52.78
   -2     89.30    0.01226  0.37004E+00  -0.19615E+00   0.22312E+00      53.01
   -1     89.77    0.00409  0.36355E+00  -0.19351E+00   0.21607E+00      53.23
    0     90.00    0.00000  0.36036E+00  -0.19219E+00   0.21261E+00      53.33
    1     90.23   -0.00409  0.35720E+00  -0.19088E+00   0.20918E+00      53.44
    2     90.70   -0.01226  0.35100E+00  -0.18827E+00   0.20245E+00      53.64
    3     91.17   -0.02043  0.34495E+00  -0.18568E+00   0.19586E+00      53.83
    4     91.64   -0.02859  0.33905E+00  -0.18311E+00   0.18942E+00      54.01
    5     92.11   -0.03676  0.33328E+00  -0.18056E+00   0.18311E+00      54.18
    6     92.57   -0.04492  0.32765E+00  -0.17803E+00   0.17695E+00      54.34
    7     93.04   -0.05308  0.32215E+00  -0.17553E+00   0.17092E+00      54.49
    8     93.51   -0.06124  0.31678E+00  -0.17304E+00   0.16503E+00      54.62
    9     93.98   -0.06939  0.31154E+00  -0.17057E+00   0.15926E+00      54.75
   10     94.45   -0.07754  0.30643E+00  -0.16813E+00   0.15361E+00      54.87
   11     94.92   -0.08569  0.30144E+00  -0.16570E+00   0.14809E+00      54.97
   12     95.38   -0.09382  0.29657E+00  -0.16330E+00   0.14269E+00      55.06
   13     95.85   -0.10195  0.29181E+00  -0.16092E+00   0.13740E+00      55.14
   14     96.32   -0.11008  0.28718E+00  -0.15856E+00   0.13223E+00      55.21
   15     96.79   -0.11820  0.28265E+00  -0.15622E+00   0.12717E+00      55.27
   16     97.26   -0.12631  0.27823E+00  -0.15390E+00   0.12221E+00      55.31
   17     97.72   -0.13441  0.27392E+00  -0.15160E+00   0.11736E+00      55.35
   18     98.19   -0.14250  0.26972E+00  -0.14933E+00   0.11261E+00      55.36
   19     98.66   -0.15058  0.26562E+00  -0.14708E+00   0.10795E+00      55.37
   20     99.13   -0.15865  0.26162E+00  -0.14485E+00   0.10340E+00      55.37
   21     99.60   -0.16671  0.25772E+00  -0.14264E+00   0.98937E-01      55.35
   22    100.07   -0.17477  0.25392E+00  -0.14045E+00   0.94567E-01      55.31
   23    100.53   -0.18280  0.25021E+00  -0.13829E+00   0.90285E-01      55.27
   24    101.00   -0.19083  0.24659E+00  -0.13614E+00   0.86090E-01      55.21
   25    101.47   -0.19885  0.24306E+00  -0.13402E+00   0.81978E-01      55.14
   26    101.94   -0.20685  0.23963E+00  -0.13192E+00   0.77949E-01      55.05
   27    102.41   -0.21483  0.23627E+00  -0.12984E+00   0.73999E-01      54.95
   28    102.87   -0.22281  0.23301E+00  -0.12778E+00   0.70126E-01      54.84
   29    103.34   -0.23076  0.22983E+00  -0.12574E+00   0.66328E-01      54.71
   30    103.81   -0.23871  0.22672E+00  -0.12373E+00   0.62603E-01      54.57
   31    104.28   -0.24663  0.22370E+00  -0.12173E+00   0.58948E-01      54.42
   32    104.75   -0.25454  0.22076E+00  -0.11976E+00   0.55363E-01      54.25
   33    105.21   -0.26243  0.21789E+00  -0.11781E+00   0.51844E-01      54.07
   34    105.68   -0.27031  0.21510E+00  -0.11587E+00   0.48390E-01      53.87
   35    106.15   -0.27817  0.21238E+00  -0.11396E+00   0.44999E-01      53.66
   36    106.62   -0.28601  0.20973E+00  -0.11207E+00   0.41670E-01      53.43
   37    107.09   -0.29383  0.20716E+00  -0.11020E+00   0.38399E-01      53.20
   38    107.56   -0.30163  0.20465E+00  -0.10835E+00   0.35187E-01      52.94
   39    108.02   -0.30941  0.20221E+00  -0.10652E+00   0.32030E-01      52.68
   40    108.49   -0.31716  0.19984E+00  -0.10470E+00   0.28927E-01      52.39
   41    108.96   -0.32490  0.19753E+00  -0.10291E+00   0.25876E-01      52.10
   42    109.43   -0.33262  0.19529E+00  -0.10114E+00   0.22877E-01      51.79
   43    109.90   -0.34031  0.19310E+00  -0.99388E-01   0.19927E-01      51.47
   44    110.36   -0.34798  0.19098E+00  -0.97655E-01   0.17025E-01      51.13
   45    110.83   -0.35563  0.18892E+00  -0.95941E-01   0.14169E-01      50.78
   46    111.30   -0.36326  0.18692E+00  -0.94245E-01   0.11359E-01      50.42
   47    111.77   -0.37086  0.18498E+00  -0.92569E-01   0.85913E-02      50.04
   48    112.24   -0.37843  0.18309E+00  -0.90911E-01   0.58663E-02      49.65
   49    112.70   -0.38598  0.18126E+00  -0.89272E-01   0.31821E-02      49.25
   50    113.17   -0.39351  0.17949E+00  -0.87652E-01   0.53756E-03      48.83
   51    113.64   -0.40101  0.17777E+00  -0.86049E-01  -0.20687E-02      48.41
   52    114.11   -0.40848  0.17610E+00  -0.84465E-01  -0.46378E-02      47.96
   53    114.58   -0.41592  0.17448E+00  -0.82899E-01  -0.71710E-02      47.51
   54    115.05   -0.42334  0.17292E+00  -0.81350E-01  -0.96695E-02      47.05
   55    115.51   -0.43073  0.17140E+00  -0.79819E-01  -0.12134E-01      46.57
   56    115.98   -0.43809  0.16994E+00  -0.78306E-01  -0.14567E-01      46.08
   57    116.45   -0.44542  0.16852E+00  -0.76810E-01  -0.16967E-01      45.58
   58    116.92   -0.45272  0.16715E+00  -0.75331E-01  -0.19337E-01      45.07
   59    117.39   -0.45999  0.16582E+00  -0.73869E-01  -0.21678E-01      44.55
   60    117.85   -0.46723  0.16455E+00  -0.72425E-01  -0.23990E-01      44.01
   61    118.32   -0.47443  0.16331E+00  -0.70997E-01  -0.26275E-01      43.47
   62    118.79   -0.48161  0.16213E+00  -0.69586E-01  -0.28532E-01      42.92
   63    119.26   -0.48875  0.16098E+00  -0.68191E-01  -0.30764E-01      42.36
   64    119.73   -0.49587  0.15988E+00  -0.66813E-01  -0.32971E-01      41.79
   65    120.20   -0.50294  0.15882E+00  -0.65451E-01  -0.35154E-01      41.21
   66    120.66   -0.50999  0.15781E+00  -0.64106E-01  -0.37313E-01      40.62
   67    121.13   -0.51700  0.15683E+00  -0.62777E-01  -0.39449E-01      40.03
   68    121.60   -0.52398  0.15590E+00  -0.61463E-01  -0.41563E-01      39.43
   69    122.07   -0.53092  0.15500E+00  -0.60166E-01  -0.43657E-01      38.82
   70    122.54   -0.53783  0.15414E+00  -0.58884E-01  -0.45729E-01      38.20
   71    123.00   -0.54470  0.15333E+00  -0.57619E-01  -0.47782E-01      37.58
   72    123.47   -0.55153  0.15255E+00  -0.56369E-01  -0.49815E-01      36.95
   73    123.94   -0.55833  0.15181E+00  -0.55134E-01  -0.51829E-01      36.32
   74    124.41   -0.56509  0.15110E+00  -0.53915E-01  -0.53825E-01      35.68
   75    124.88   -0.57181  0.15043E+00  -0.52711E-01  -0.55804E-01      35.04
   76    125.34   -0.57849  0.14980E+00  -0.51523E-01  -0.57765E-01      34.39
   77    125.81   -0.58514  0.14920E+00  -0.50350E-01  -0.59710E-01      33.75
   78    126.28   -0.59174  0.14864E+00  -0.49192E-01  -0.61638E-01      33.09
   79    126.75   -0.59831  0.14811E+00  -0.48049E-01  -0.63551E-01      32.44
   80    127.22   -0.60484  0.14762E+00  -0.46921E-01  -0.65448E-01      31.79
   81    127.69   -0.61132  0.14716E+00  -0.45808E-01  -0.67330E-01      31.13
   82    128.15   -0.61777  0.14673E+00  -0.44710E-01  -0.69198E-01      30.47
   83    128.62   -0.62417  0.14633E+00  -0.43627E-01  -0.71052E-01      29.81
   84    129.09   -0.63054  0.14597E+00  -0.42559E-01  -0.72892E-01      29.16
   85    129.56   -0.63686  0.14564E+00  -0.41505E-01  -0.74718E-01      28.50
   86    130.03   -0.64313  0.14534E+00  -0.40467E-01  -0.76531E-01      27.84
   87    130.49   -0.64937  0.14507E+00  -0.39443E-01  -0.78331E-01      27.19
   88    130.96   -0.65556  0.14482E+00  -0.38433E-01  -0.80119E-01      26.54
   89    131.43   -0.66171  0.14461E+00  -0.37439E-01  -0.81893E-01      25.89
   90    131.90   -0.66781  0.14443E+00  -0.36459E-01  -0.83656E-01      25.24
   91    132.37   -0.67387  0.14428E+00  -0.35493E-01  -0.85407E-01      24.60
   92    132.83   -0.67989  0.14416E+00  -0.34542E-01  -0.87145E-01      23.96
   93    133.30   -0.68586  0.14406E+00  -0.33606E-01  -0.88872E-01      23.33
   94    133.77   -0.69178  0.14399E+00  -0.32684E-01  -0.90587E-01      22.70
   95    134.24   -0.69766  0.14395E+00  -0.31776E-01  -0.92291E-01      22.07
   96    134.71   -0.70349  0.14394E+00  -0.30883E-01  -0.93984E-01      21.46
   97    135.18   -0.70927  0.14395E+00  -0.30004E-01  -0.95665E-01      20.84
   98    135.64   -0.71501  0.14398E+00  -0.29140E-01  -0.97335E-01      20.24
   99    136.11   -0.72069  0.14405E+00  -0.28290E-01  -0.98994E-01      19.64
  100    136.58   -0.72633  0.14414E+00  -0.27454E-01  -0.10064E+00      19.05
  101    137.05   -0.73193  0.14425E+00  -0.26633E-01  -0.10228E+00      18.46
  102    137.52   -0.73747  0.14438E+00  -0.25826E-01  -0.10390E+00      17.89
  103    137.98   -0.74296  0.14454E+00  -0.25033E-01  -0.10552E+00      17.32
  104    138.45   -0.74841  0.14473E+00  -0.24255E-01  -0.10712E+00      16.76
  105    138.92   -0.75380  0.14493E+00  -0.23491E-01  -0.10872E+00      16.21
  106    139.39   -0.75914  0.14516E+00  -0.22741E-01  -0.11030E+00      15.67
  107    139.86   -0.76444  0.14541E+00  -0.22005E-01  -0.11187E+00      15.13
  108    140.33   -0.76968  0.14569E+00  -0.21284E-01  -0.11343E+00      14.61
  109    140.79   -0.77487  0.14598E+00  -0.20576E-01  -0.11497E+00      14.10
  110    141.26   -0.78001  0.14629E+00  -0.19883E-01  -0.11651E+00      13.59
  111    141.73   -0.78509  0.14663E+00  -0.19204E-01  -0.11804E+00      13.10
  112    142.20   -0.79013  0.14698E+00  -0.18539E-01  -0.11955E+00      12.61
  113    142.67   -0.79511  0.14735E+00  -0.17888E-01  -0.12105E+00      12.14
  114    143.13   -0.80004  0.14775E+00  -0.17251E-01  -0.12254E+00      11.68
  115    143.60   -0.80491  0.14816E+00  -0.16628E-01  -0.12402E+00      11.22
  116    144.07   -0.80974  0.14858E+00  -0.16018E-01  -0.12549E+00      10.78
  117    144.54   -0.81450  0.14903E+00  -0.15423E-01  -0.12694E+00      10.35
  118    145.01   -0.81922  0.14949E+00  -0.14841E-01  -0.12838E+00       9.93
  119    145.47   -0.82387  0.14997E+00  -0.14274E-01  -0.12981E+00       9.52
  120    145.94   -0.82848  0.15046E+00  -0.13719E-01  -0.13123E+00       9.12
  121    146.41   -0.83303  0.15097E+00  -0.13179E-01  -0.13263E+00       8.73
  122    146.88   -0.83752  0.15149E+00  -0.12652E-01  -0.13402E+00       8.35
  123    147.35   -0.84195  0.15203E+00  -0.12139E-01  -0.13540E+00       7.98
  124    147.82   -0.84634  0.15258E+00  -0.11638E-01  -0.13676E+00       7.63
  125    148.28   -0.85066  0.15314E+00  -0.11152E-01  -0.13812E+00       7.28
  126    148.75   -0.85493  0.15372E+00  -0.10678E-01  -0.13945E+00       6.95
  127    149.22   -0.85914  0.15431E+00  -0.10218E-01  -0.14077E+00       6.62
  128    149.69   -0.86329  0.15490E+00  -0.97702E-02  -0.14208E+00       6.31
  129    150.16   -0.86738  0.15551E+00  -0.93356E-02  -0.14338E+00       6.00
  130    150.62   -0.87142  0.15613E+00  -0.89139E-02  -0.14466E+00       5.71
  131    151.09   -0.87540  0.15676E+00  -0.85048E-02  -0.14592E+00       5.43
  132    151.56   -0.87932  0.15740E+00  -0.81083E-02  -0.14717E+00       5.15
  133    152.03   -0.88318  0.15804E+00  -0.77242E-02  -0.14840E+00       4.89
  134    152.50   -0.88698  0.15870E+00  -0.73524E-02  -0.14962E+00       4.63
  135    152.96   -0.89073  0.15936E+00  -0.69927E-02  -0.15082E+00       4.39
  136    153.43   -0.89441  0.16002E+00  -0.66451E-02  -0.15201E+00       4.15
  137    153.90   -0.89804  0.16070E+00  -0.63092E-02  -0.15318E+00       3.93
  138    154.37   -0.90160  0.16137E+00  -0.59851E-02  -0.15434E+00       3.71
  139    154.84   -0.90510  0.16206E+00  -0.56724E-02  -0.15547E+00       3.50
  140    155.31   -0.90855  0.16274E+00  -0.53711E-02  -0.15659E+00       3.30
  141    155.77   -0.91193  0.16343E+00  -0.50809E-02  -0.15770E+00       3.11
  142    156.24   -0.91525  0.16412E+00  -0.48017E-02  -0.15878E+00       2.93
  143    156.71   -0.91851  0.16481E+00  -0.45333E-02  -0.15985E+00       2.75
  144    157.18   -0.92171  0.16551E+00  -0.42755E-02  -0.16090E+00       2.58
  145    157.65   -0.92485  0.16620E+00  -0.40280E-02  -0.16193E+00       2.42
  146    158.11   -0.92793  0.16689E+00  -0.37908E-02  -0.16295E+00       2.27
  147    158.58   -0.93094  0.16758E+00  -0.35635E-02  -0.16395E+00       2.13
  148    159.05   -0.93390  0.16827E+00  -0.33460E-02  -0.16492E+00       1.99
  149    159.52   -0.93679  0.16896E+00  -0.31380E-02  -0.16588E+00       1.86
  150    159.99   -0.93961  0.16965E+00  -0.29393E-02  -0.16682E+00       1.73
  151    160.46   -0.94238  0.17033E+00  -0.27497E-02  -0.16774E+00       1.61
  152    160.92   -0.94508  0.17100E+00  -0.25690E-02  -0.16865E+00       1.50
  153    161.39   -0.94772  0.17167E+00  -0.23969E-02  -0.16953E+00       1.40
  154    161.86   -0.95030  0.17234E+00  -0.22333E-02  -0.17039E+00       1.30
  155    162.33   -0.95281  0.17300E+00  -0.20777E-02  -0.17123E+00       1.20
  156    162.80   -0.95526  0.17365E+00  -0.19301E-02  -0.17205E+00       1.11
  157    163.26   -0.95764  0.17429E+00  -0.17902E-02  -0.17286E+00       1.03
  158    163.73   -0.95996  0.17493E+00  -0.16577E-02  -0.17364E+00       0.95
  159    164.20   -0.96222  0.17555E+00  -0.15324E-02  -0.17440E+00       0.87
  160    164.67   -0.96441  0.17617E+00  -0.14141E-02  -0.17514E+00       0.80
  161    165.14   -0.96654  0.17677E+00  -0.13024E-02  -0.17586E+00       0.74
  162    165.60   -0.96860  0.17736E+00  -0.11972E-02  -0.17656E+00       0.68
  163    166.07   -0.97060  0.17795E+00  -0.10983E-02  -0.17724E+00       0.62
  164    166.54   -0.97254  0.17851E+00  -0.10053E-02  -0.17789E+00       0.56
  165    167.01   -0.97440  0.17907E+00  -0.91810E-03  -0.17853E+00       0.51
  166    167.48   -0.97621  0.17961E+00  -0.83639E-03  -0.17914E+00       0.47
  167    167.95   -0.97795  0.18014E+00  -0.75997E-03  -0.17974E+00       0.42
  168    168.41   -0.97962  0.18065E+00  -0.68859E-03  -0.18031E+00       0.38
  169    168.88   -0.98123  0.18115E+00  -0.62204E-03  -0.18086E+00       0.34
  170    169.35   -0.98277  0.18163E+00  -0.56010E-03  -0.18138E+00       0.31
  171    169.82   -0.98425  0.18210E+00  -0.50255E-03  -0.18189E+00       0.28
  172    170.29   -0.98566  0.18254E+00  -0.44917E-03  -0.18237E+00       0.25
  173    170.75   -0.98701  0.18297E+00  -0.39978E-03  -0.18283E+00       0.22
  174    171.22   -0.98829  0.18339E+00  -0.35415E-03  -0.18327E+00       0.19
  175    171.69   -0.98950  0.18378E+00  -0.31212E-03  -0.18369E+00       0.17
  176    172.16   -0.99065  0.18415E+00  -0.27348E-03  -0.18408E+00       0.15
  177    172.63   -0.99173  0.18451E+00  -0.23807E-03  -0.18445E+00       0.13
  178    173.09   -0.99275  0.18484E+00  -0.20571E-03  -0.18480E+00       0.11
  179    173.56   -0.99370  0.18516E+00  -0.17624E-03  -0.18512E+00       0.10
  180    174.03   -0.99458  0.18545E+00  -0.14952E-03  -0.18543E+00       0.08
  181    174.50   -0.99539  0.18573E+00  -0.12539E-03  -0.18571E+00       0.07
  182    174.97   -0.99614  0.18598E+00  -0.10373E-03  -0.18597E+00       0.06
  183    175.44   -0.99683  0.18621E+00  -0.84403E-04  -0.18620E+00       0.05
  184    175.90   -0.99744  0.18642E+00  -0.67305E-04  -0.18641E+00       0.04
  185    176.37   -0.99799  0.18661E+00  -0.52331E-04  -0.18660E+00       0.03
  186    176.84   -0.99848  0.18677E+00  -0.39386E-04  -0.18677E+00       0.02
  187    177.31   -0.99890  0.18692E+00  -0.28387E-04  -0.18691E+00       0.02
  188    177.78   -0.99925  0.18704E+00  -0.19265E-04  -0.18703E+00       0.01
  189    178.24   -0.99953  0.18713E+00  -0.11957E-04  -0.18713E+00       0.01
  190    178.71   -0.99975  0.18721E+00  -0.64164E-05  -0.18721E+00       0.00
  191    179.18   -0.99990  0.18726E+00  -0.26041E-05  -0.18726E+00       0.00
  192    179.64   -0.99998  0.18729E+00  -0.49353E-06  -0.18729E+00       0.00
  193    180.00   -1.00000  0.18729E+00   0.00000E+00  -0.18729E+00      -0.00

