 alpha final =    625.00000000000000     

     granulo :  rn =  1.0  rm = 0.15  ln sig =  0.290  pour r <  50. mic.
     ======================================================================

                    longueur d onde :  0.510 microns
                    ================================

     indice reel :   1.45000     indice imaginaire : -0.35000E-02


                    nombre de particules :  0.10000E+01

       Sections d extinction et de diffusion ramenees a une particule :
       ----------------------------------------------------------------
     extinction :  0.15109E+00 mic**2     diffusion :  0.14822E+00 mic**2

            Pizero : 0.980976                 g.assymetrie : 0.69336

 ------------------------------------------------------------------------------
   j      theta       mu         i             q             u         -q/i*100
 ------------------------------------------------------------------------------
 -193      0.00    1.00000  0.88384E+01   0.00000E+00   0.88384E+01      -0.00
 -192      0.36    0.99998  0.88375E+01  -0.58282E-04   0.88375E+01       0.00
 -191      0.82    0.99990  0.88335E+01  -0.30694E-03   0.88335E+01       0.00
 -190      1.29    0.99975  0.88263E+01  -0.75373E-03   0.88263E+01       0.01
 -189      1.76    0.99953  0.88159E+01  -0.13978E-02   0.88159E+01       0.02
 -188      2.22    0.99925  0.88024E+01  -0.22376E-02   0.88024E+01       0.03
 -187      2.69    0.99890  0.87857E+01  -0.32715E-02   0.87857E+01       0.04
 -186      3.16    0.99848  0.87658E+01  -0.44971E-02   0.87658E+01       0.05
 -185      3.63    0.99799  0.87429E+01  -0.59118E-02   0.87429E+01       0.07
 -184      4.10    0.99744  0.87169E+01  -0.75125E-02   0.87169E+01       0.09
 -183      4.56    0.99683  0.86878E+01  -0.92957E-02   0.86878E+01       0.11
 -182      5.03    0.99614  0.86558E+01  -0.11258E-01   0.86557E+01       0.13
 -181      5.50    0.99539  0.86207E+01  -0.13394E-01   0.86207E+01       0.16
 -180      5.97    0.99458  0.85828E+01  -0.15700E-01   0.85827E+01       0.18
 -179      6.44    0.99370  0.85420E+01  -0.18171E-01   0.85419E+01       0.21
 -178      6.91    0.99275  0.84984E+01  -0.20801E-01   0.84982E+01       0.24
 -177      7.37    0.99173  0.84520E+01  -0.23585E-01   0.84518E+01       0.28
 -176      7.84    0.99065  0.84029E+01  -0.26518E-01   0.84027E+01       0.32
 -175      8.31    0.98950  0.83511E+01  -0.29592E-01   0.83509E+01       0.35
 -174      8.78    0.98829  0.82968E+01  -0.32802E-01   0.82965E+01       0.40
 -173      9.25    0.98701  0.82399E+01  -0.36140E-01   0.82396E+01       0.44
 -172      9.71    0.98566  0.81806E+01  -0.39600E-01   0.81802E+01       0.48
 -171     10.18    0.98425  0.81190E+01  -0.43175E-01   0.81185E+01       0.53
 -170     10.65    0.98277  0.80550E+01  -0.46858E-01   0.80544E+01       0.58
 -169     11.12    0.98123  0.79888E+01  -0.50640E-01   0.79881E+01       0.63
 -168     11.59    0.97962  0.79204E+01  -0.54515E-01   0.79196E+01       0.69
 -167     12.05    0.97795  0.78500E+01  -0.58474E-01   0.78491E+01       0.74
 -166     12.52    0.97621  0.77776E+01  -0.62509E-01   0.77765E+01       0.80
 -165     12.99    0.97440  0.77033E+01  -0.66614E-01   0.77021E+01       0.86
 -164     13.46    0.97254  0.76271E+01  -0.70779E-01   0.76257E+01       0.93
 -163     13.93    0.97060  0.75493E+01  -0.74997E-01   0.75477E+01       0.99
 -162     14.40    0.96860  0.74697E+01  -0.79260E-01   0.74679E+01       1.06
 -161     14.86    0.96654  0.73886E+01  -0.83560E-01   0.73866E+01       1.13
 -160     15.33    0.96441  0.73060E+01  -0.87888E-01   0.73038E+01       1.20
 -159     15.80    0.96222  0.72221E+01  -0.92237E-01   0.72195E+01       1.28
 -158     16.27    0.95996  0.71368E+01  -0.96598E-01   0.71339E+01       1.35
 -157     16.74    0.95764  0.70502E+01  -0.10096E+00   0.70471E+01       1.43
 -156     17.20    0.95526  0.69626E+01  -0.10533E+00   0.69592E+01       1.51
 -155     17.67    0.95281  0.68739E+01  -0.10968E+00   0.68701E+01       1.60
 -154     18.14    0.95030  0.67842E+01  -0.11402E+00   0.67801E+01       1.68
 -153     18.61    0.94772  0.66937E+01  -0.11833E+00   0.66891E+01       1.77
 -152     19.08    0.94508  0.66023E+01  -0.12260E+00   0.65974E+01       1.86
 -151     19.54    0.94238  0.65103E+01  -0.12684E+00   0.65049E+01       1.95
 -150     20.01    0.93961  0.64176E+01  -0.13103E+00   0.64118E+01       2.04
 -149     20.48    0.93679  0.63243E+01  -0.13517E+00   0.63181E+01       2.14
 -148     20.95    0.93390  0.62306E+01  -0.13925E+00   0.62239E+01       2.23
 -147     21.42    0.93094  0.61366E+01  -0.14327E+00   0.61293E+01       2.33
 -146     21.89    0.92793  0.60422E+01  -0.14721E+00   0.60344E+01       2.44
 -145     22.35    0.92485  0.59475E+01  -0.15107E+00   0.59392E+01       2.54
 -144     22.82    0.92171  0.58528E+01  -0.15486E+00   0.58438E+01       2.65
 -143     23.29    0.91851  0.57579E+01  -0.15855E+00   0.57483E+01       2.75
 -142     23.76    0.91525  0.56630E+01  -0.16215E+00   0.56528E+01       2.86
 -141     24.23    0.91193  0.55682E+01  -0.16566E+00   0.55574E+01       2.98
 -140     24.69    0.90855  0.54735E+01  -0.16906E+00   0.54620E+01       3.09
 -139     25.16    0.90510  0.53790E+01  -0.17236E+00   0.53668E+01       3.20
 -138     25.63    0.90160  0.52847E+01  -0.17555E+00   0.52718E+01       3.32
 -137     26.10    0.89804  0.51908E+01  -0.17862E+00   0.51772E+01       3.44
 -136     26.57    0.89441  0.50972E+01  -0.18158E+00   0.50828E+01       3.56
 -135     27.04    0.89073  0.50040E+01  -0.18442E+00   0.49889E+01       3.69
 -134     27.50    0.88698  0.49114E+01  -0.18713E+00   0.48955E+01       3.81
 -133     27.97    0.88318  0.48193E+01  -0.18973E+00   0.48026E+01       3.94
 -132     28.44    0.87932  0.47277E+01  -0.19219E+00   0.47102E+01       4.07
 -131     28.91    0.87540  0.46368E+01  -0.19453E+00   0.46185E+01       4.20
 -130     29.38    0.87142  0.45466E+01  -0.19674E+00   0.45275E+01       4.33
 -129     29.84    0.86738  0.44572E+01  -0.19882E+00   0.44371E+01       4.46
 -128     30.31    0.86329  0.43685E+01  -0.20076E+00   0.43476E+01       4.60
 -127     30.78    0.85914  0.42806E+01  -0.20257E+00   0.42588E+01       4.73
 -126     31.25    0.85493  0.41935E+01  -0.20425E+00   0.41709E+01       4.87
 -125     31.72    0.85066  0.41074E+01  -0.20580E+00   0.40838E+01       5.01
 -124     32.18    0.84634  0.40221E+01  -0.20721E+00   0.39976E+01       5.15
 -123     32.65    0.84195  0.39378E+01  -0.20849E+00   0.39124E+01       5.29
 -122     33.12    0.83752  0.38545E+01  -0.20963E+00   0.38282E+01       5.44
 -121     33.59    0.83303  0.37722E+01  -0.21065E+00   0.37450E+01       5.58
 -120     34.06    0.82848  0.36909E+01  -0.21153E+00   0.36627E+01       5.73
 -119     34.53    0.82387  0.36107E+01  -0.21228E+00   0.35816E+01       5.88
 -118     34.99    0.81922  0.35316E+01  -0.21290E+00   0.35015E+01       6.03
 -117     35.46    0.81450  0.34535E+01  -0.21340E+00   0.34225E+01       6.18
 -116     35.93    0.80974  0.33766E+01  -0.21377E+00   0.33446E+01       6.33
 -115     36.40    0.80491  0.33008E+01  -0.21401E+00   0.32679E+01       6.48
 -114     36.87    0.80004  0.32262E+01  -0.21414E+00   0.31923E+01       6.64
 -113     37.33    0.79511  0.31527E+01  -0.21414E+00   0.31178E+01       6.79
 -112     37.80    0.79013  0.30803E+01  -0.21403E+00   0.30445E+01       6.95
 -111     38.27    0.78509  0.30092E+01  -0.21380E+00   0.29724E+01       7.10
 -110     38.74    0.78001  0.29392E+01  -0.21346E+00   0.29015E+01       7.26
 -109     39.21    0.77487  0.28704E+01  -0.21301E+00   0.28318E+01       7.42
 -108     39.67    0.76968  0.28028E+01  -0.21245E+00   0.27632E+01       7.58
 -107     40.14    0.76444  0.27364E+01  -0.21179E+00   0.26959E+01       7.74
 -106     40.61    0.75914  0.26712E+01  -0.21102E+00   0.26298E+01       7.90
 -105     41.08    0.75380  0.26072E+01  -0.21016E+00   0.25649E+01       8.06
 -104     41.55    0.74841  0.25444E+01  -0.20920E+00   0.25012E+01       8.22
 -103     42.02    0.74296  0.24828E+01  -0.20815E+00   0.24387E+01       8.38
 -102     42.48    0.73747  0.24223E+01  -0.20702E+00   0.23774E+01       8.55
 -101     42.95    0.73193  0.23631E+01  -0.20579E+00   0.23173E+01       8.71
 -100     43.42    0.72633  0.23051E+01  -0.20448E+00   0.22584E+01       8.87
  -99     43.89    0.72069  0.22482E+01  -0.20310E+00   0.22007E+01       9.03
  -98     44.36    0.71501  0.21925E+01  -0.20163E+00   0.21442E+01       9.20
  -97     44.82    0.70927  0.21379E+01  -0.20010E+00   0.20888E+01       9.36
  -96     45.29    0.70349  0.20846E+01  -0.19850E+00   0.20346E+01       9.52
  -95     45.76    0.69766  0.20323E+01  -0.19682E+00   0.19816E+01       9.68
  -94     46.23    0.69178  0.19812E+01  -0.19509E+00   0.19297E+01       9.85
  -93     46.70    0.68586  0.19312E+01  -0.19330E+00   0.18790E+01      10.01
  -92     47.17    0.67989  0.18823E+01  -0.19145E+00   0.18294E+01      10.17
  -91     47.63    0.67387  0.18346E+01  -0.18955E+00   0.17809E+01      10.33
  -90     48.10    0.66781  0.17879E+01  -0.18760E+00   0.17335E+01      10.49
  -89     48.57    0.66171  0.17422E+01  -0.18560E+00   0.16872E+01      10.65
  -88     49.04    0.65556  0.16977E+01  -0.18356E+00   0.16420E+01      10.81
  -87     49.51    0.64937  0.16542E+01  -0.18148E+00   0.15978E+01      10.97
  -86     49.97    0.64313  0.16117E+01  -0.17936E+00   0.15547E+01      11.13
  -85     50.44    0.63686  0.15702E+01  -0.17721E+00   0.15126E+01      11.29
  -84     50.91    0.63054  0.15297E+01  -0.17502E+00   0.14716E+01      11.44
  -83     51.38    0.62417  0.14902E+01  -0.17281E+00   0.14315E+01      11.60
  -82     51.85    0.61777  0.14517E+01  -0.17058E+00   0.13924E+01      11.75
  -81     52.31    0.61132  0.14141E+01  -0.16832E+00   0.13543E+01      11.90
  -80     52.78    0.60484  0.13775E+01  -0.16604E+00   0.13172E+01      12.05
  -79     53.25    0.59831  0.13418E+01  -0.16374E+00   0.12810E+01      12.20
  -78     53.72    0.59174  0.13070E+01  -0.16143E+00   0.12457E+01      12.35
  -77     54.19    0.58514  0.12730E+01  -0.15911E+00   0.12114E+01      12.50
  -76     54.66    0.57849  0.12400E+01  -0.15678E+00   0.11779E+01      12.64
  -75     55.12    0.57181  0.12078E+01  -0.15444E+00   0.11453E+01      12.79
  -74     55.59    0.56509  0.11764E+01  -0.15209E+00   0.11135E+01      12.93
  -73     56.06    0.55833  0.11459E+01  -0.14974E+00   0.10826E+01      13.07
  -72     56.53    0.55153  0.11161E+01  -0.14740E+00   0.10525E+01      13.21
  -71     57.00    0.54470  0.10872E+01  -0.14505E+00   0.10233E+01      13.34
  -70     57.46    0.53783  0.10590E+01  -0.14271E+00   0.99478E+00      13.48
  -69     57.93    0.53092  0.10316E+01  -0.14037E+00   0.96707E+00      13.61
  -68     58.40    0.52398  0.10049E+01  -0.13804E+00   0.94012E+00      13.74
  -67     58.87    0.51700  0.97893E+00  -0.13571E+00   0.91390E+00      13.86
  -66     59.34    0.50999  0.95367E+00  -0.13340E+00   0.88842E+00      13.99
  -65     59.80    0.50294  0.92910E+00  -0.13110E+00   0.86364E+00      14.11
  -64     60.27    0.49587  0.90521E+00  -0.12882E+00   0.83955E+00      14.23
  -63     60.74    0.48875  0.88198E+00  -0.12655E+00   0.81614E+00      14.35
  -62     61.21    0.48161  0.85939E+00  -0.12429E+00   0.79339E+00      14.46
  -61     61.68    0.47443  0.83742E+00  -0.12206E+00   0.77128E+00      14.58
  -60     62.15    0.46723  0.81607E+00  -0.11984E+00   0.74981E+00      14.69
  -59     62.61    0.45999  0.79532E+00  -0.11765E+00   0.72895E+00      14.79
  -58     63.08    0.45272  0.77515E+00  -0.11547E+00   0.70868E+00      14.90
  -57     63.55    0.44542  0.75555E+00  -0.11332E+00   0.68900E+00      15.00
  -56     64.02    0.43809  0.73651E+00  -0.11119E+00   0.66990E+00      15.10
  -55     64.49    0.43073  0.71800E+00  -0.10908E+00   0.65134E+00      15.19
  -54     64.95    0.42334  0.70002E+00  -0.10700E+00   0.63333E+00      15.29
  -53     65.42    0.41592  0.68256E+00  -0.10494E+00   0.61585E+00      15.38
  -52     65.89    0.40848  0.66559E+00  -0.10292E+00   0.59888E+00      15.46
  -51     66.36    0.40101  0.64911E+00  -0.10091E+00   0.58241E+00      15.55
  -50     66.83    0.39351  0.63311E+00  -0.98939E-01   0.56642E+00      15.63
  -49     67.30    0.38598  0.61756E+00  -0.96993E-01   0.55091E+00      15.71
  -48     67.76    0.37843  0.60247E+00  -0.95075E-01   0.53586E+00      15.78
  -47     68.23    0.37086  0.58781E+00  -0.93187E-01   0.52126E+00      15.85
  -46     68.70    0.36326  0.57358E+00  -0.91327E-01   0.50709E+00      15.92
  -45     69.17    0.35563  0.55976E+00  -0.89497E-01   0.49335E+00      15.99
  -44     69.64    0.34798  0.54634E+00  -0.87697E-01   0.48002E+00      16.05
  -43     70.10    0.34031  0.53331E+00  -0.85927E-01   0.46709E+00      16.11
  -42     70.57    0.33262  0.52066E+00  -0.84188E-01   0.45455E+00      16.17
  -41     71.04    0.32490  0.50838E+00  -0.82478E-01   0.44238E+00      16.22
  -40     71.51    0.31716  0.49646E+00  -0.80799E-01   0.43059E+00      16.27
  -39     71.98    0.30941  0.48489E+00  -0.79151E-01   0.41915E+00      16.32
  -38     72.44    0.30163  0.47366E+00  -0.77533E-01   0.40805E+00      16.37
  -37     72.91    0.29383  0.46275E+00  -0.75945E-01   0.39730E+00      16.41
  -36     73.38    0.28601  0.45217E+00  -0.74388E-01   0.38687E+00      16.45
  -35     73.85    0.27817  0.44189E+00  -0.72861E-01   0.37675E+00      16.49
  -34     74.32    0.27031  0.43192E+00  -0.71364E-01   0.36694E+00      16.52
  -33     74.79    0.26243  0.42224E+00  -0.69897E-01   0.35743E+00      16.55
  -32     75.25    0.25454  0.41284E+00  -0.68460E-01   0.34821E+00      16.58
  -31     75.72    0.24663  0.40372E+00  -0.67052E-01   0.33927E+00      16.61
  -30     76.19    0.23871  0.39487E+00  -0.65674E-01   0.33060E+00      16.63
  -29     76.66    0.23076  0.38627E+00  -0.64324E-01   0.32220E+00      16.65
  -28     77.13    0.22281  0.37793E+00  -0.63003E-01   0.31405E+00      16.67
  -27     77.59    0.21483  0.36983E+00  -0.61711E-01   0.30614E+00      16.69
  -26     78.06    0.20685  0.36197E+00  -0.60447E-01   0.29848E+00      16.70
  -25     78.53    0.19885  0.35434E+00  -0.59210E-01   0.29105E+00      16.71
  -24     79.00    0.19083  0.34693E+00  -0.58001E-01   0.28384E+00      16.72
  -23     79.47    0.18280  0.33974E+00  -0.56818E-01   0.27686E+00      16.72
  -22     79.93    0.17477  0.33276E+00  -0.55662E-01   0.27008E+00      16.73
  -21     80.40    0.16671  0.32598E+00  -0.54532E-01   0.26351E+00      16.73
  -20     80.87    0.15865  0.31940E+00  -0.53428E-01   0.25713E+00      16.73
  -19     81.34    0.15058  0.31301E+00  -0.52349E-01   0.25095E+00      16.72
  -18     81.81    0.14250  0.30680E+00  -0.51295E-01   0.24495E+00      16.72
  -17     82.28    0.13441  0.30078E+00  -0.50265E-01   0.23913E+00      16.71
  -16     82.74    0.12631  0.29493E+00  -0.49258E-01   0.23349E+00      16.70
  -15     83.21    0.11820  0.28925E+00  -0.48275E-01   0.22801E+00      16.69
  -14     83.68    0.11008  0.28374E+00  -0.47315E-01   0.22270E+00      16.68
  -13     84.15    0.10195  0.27838E+00  -0.46377E-01   0.21754E+00      16.66
  -12     84.62    0.09382  0.27318E+00  -0.45461E-01   0.21253E+00      16.64
  -11     85.08    0.08569  0.26813E+00  -0.44566E-01   0.20767E+00      16.62
  -10     85.55    0.07754  0.26322E+00  -0.43692E-01   0.20296E+00      16.60
   -9     86.02    0.06939  0.25845E+00  -0.42839E-01   0.19838E+00      16.57
   -8     86.49    0.06124  0.25382E+00  -0.42004E-01   0.19393E+00      16.55
   -7     86.96    0.05308  0.24932E+00  -0.41190E-01   0.18962E+00      16.52
   -6     87.43    0.04492  0.24495E+00  -0.40393E-01   0.18542E+00      16.49
   -5     87.89    0.03676  0.24071E+00  -0.39615E-01   0.18135E+00      16.46
   -4     88.36    0.02859  0.23658E+00  -0.38855E-01   0.17739E+00      16.42
   -3     88.83    0.02043  0.23258E+00  -0.38111E-01   0.17354E+00      16.39
   -2     89.30    0.01226  0.22868E+00  -0.37384E-01   0.16981E+00      16.35
   -1     89.77    0.00409  0.22490E+00  -0.36674E-01   0.16617E+00      16.31
    0     90.00    0.00000  0.22304E+00  -0.36324E-01   0.16439E+00      16.29
    1     90.23   -0.00409  0.22122E+00  -0.35978E-01   0.16264E+00      16.26
    2     90.70   -0.01226  0.21764E+00  -0.35298E-01   0.15920E+00      16.22
    3     91.17   -0.02043  0.21417E+00  -0.34632E-01   0.15586E+00      16.17
    4     91.64   -0.02859  0.21079E+00  -0.33980E-01   0.15261E+00      16.12
    5     92.11   -0.03676  0.20750E+00  -0.33342E-01   0.14944E+00      16.07
    6     92.57   -0.04492  0.20431E+00  -0.32717E-01   0.14636E+00      16.01
    7     93.04   -0.05308  0.20121E+00  -0.32104E-01   0.14337E+00      15.96
    8     93.51   -0.06124  0.19819E+00  -0.31502E-01   0.14044E+00      15.90
    9     93.98   -0.06939  0.19526E+00  -0.30913E-01   0.13760E+00      15.83
   10     94.45   -0.07754  0.19240E+00  -0.30334E-01   0.13483E+00      15.77
   11     94.92   -0.08569  0.18963E+00  -0.29766E-01   0.13213E+00      15.70
   12     95.38   -0.09382  0.18693E+00  -0.29208E-01   0.12949E+00      15.63
   13     95.85   -0.10195  0.18430E+00  -0.28659E-01   0.12692E+00      15.55
   14     96.32   -0.11008  0.18175E+00  -0.28119E-01   0.12442E+00      15.47
   15     96.79   -0.11820  0.17927E+00  -0.27588E-01   0.12197E+00      15.39
   16     97.26   -0.12631  0.17685E+00  -0.27065E-01   0.11958E+00      15.30
   17     97.72   -0.13441  0.17450E+00  -0.26549E-01   0.11725E+00      15.21
   18     98.19   -0.14250  0.17221E+00  -0.26041E-01   0.11497E+00      15.12
   19     98.66   -0.15058  0.16999E+00  -0.25540E-01   0.11274E+00      15.02
   20     99.13   -0.15865  0.16782E+00  -0.25045E-01   0.11057E+00      14.92
   21     99.60   -0.16671  0.16572E+00  -0.24555E-01   0.10844E+00      14.82
   22    100.07   -0.17477  0.16367E+00  -0.24072E-01   0.10635E+00      14.71
   23    100.53   -0.18280  0.16167E+00  -0.23593E-01   0.10431E+00      14.59
   24    101.00   -0.19083  0.15973E+00  -0.23119E-01   0.10231E+00      14.47
   25    101.47   -0.19885  0.15784E+00  -0.22650E-01   0.10035E+00      14.35
   26    101.94   -0.20685  0.15600E+00  -0.22184E-01   0.98434E-01      14.22
   27    102.41   -0.21483  0.15421E+00  -0.21722E-01   0.96550E-01      14.09
   28    102.87   -0.22281  0.15247E+00  -0.21263E-01   0.94702E-01      13.95
   29    103.34   -0.23076  0.15077E+00  -0.20807E-01   0.92887E-01      13.80
   30    103.81   -0.23871  0.14912E+00  -0.20353E-01   0.91104E-01      13.65
   31    104.28   -0.24663  0.14751E+00  -0.19902E-01   0.89352E-01      13.49
   32    104.75   -0.25454  0.14595E+00  -0.19452E-01   0.87629E-01      13.33
   33    105.21   -0.26243  0.14443E+00  -0.19004E-01   0.85933E-01      13.16
   34    105.68   -0.27031  0.14294E+00  -0.18556E-01   0.84264E-01      12.98
   35    106.15   -0.27817  0.14150E+00  -0.18110E-01   0.82619E-01      12.80
   36    106.62   -0.28601  0.14009E+00  -0.17664E-01   0.80998E-01      12.61
   37    107.09   -0.29383  0.13872E+00  -0.17218E-01   0.79399E-01      12.41
   38    107.56   -0.30163  0.13739E+00  -0.16772E-01   0.77821E-01      12.21
   39    108.02   -0.30941  0.13609E+00  -0.16326E-01   0.76263E-01      12.00
   40    108.49   -0.31716  0.13483E+00  -0.15880E-01   0.74724E-01      11.78
   41    108.96   -0.32490  0.13360E+00  -0.15432E-01   0.73201E-01      11.55
   42    109.43   -0.33262  0.13240E+00  -0.14983E-01   0.71695E-01      11.32
   43    109.90   -0.34031  0.13124E+00  -0.14533E-01   0.70204E-01      11.07
   44    110.36   -0.34798  0.13010E+00  -0.14082E-01   0.68727E-01      10.82
   45    110.83   -0.35563  0.12900E+00  -0.13628E-01   0.67263E-01      10.56
   46    111.30   -0.36326  0.12792E+00  -0.13173E-01   0.65810E-01      10.30
   47    111.77   -0.37086  0.12688E+00  -0.12715E-01   0.64369E-01      10.02
   48    112.24   -0.37843  0.12586E+00  -0.12255E-01   0.62937E-01       9.74
   49    112.70   -0.38598  0.12487E+00  -0.11793E-01   0.61514E-01       9.44
   50    113.17   -0.39351  0.12391E+00  -0.11328E-01   0.60099E-01       9.14
   51    113.64   -0.40101  0.12297E+00  -0.10860E-01   0.58690E-01       8.83
   52    114.11   -0.40848  0.12205E+00  -0.10389E-01   0.57288E-01       8.51
   53    114.58   -0.41592  0.12117E+00  -0.99148E-02   0.55890E-01       8.18
   54    115.05   -0.42334  0.12030E+00  -0.94375E-02   0.54497E-01       7.84
   55    115.51   -0.43073  0.11946E+00  -0.89570E-02   0.53107E-01       7.50
   56    115.98   -0.43809  0.11865E+00  -0.84730E-02   0.51719E-01       7.14
   57    116.45   -0.44542  0.11785E+00  -0.79856E-02   0.50333E-01       6.78
   58    116.92   -0.45272  0.11708E+00  -0.74946E-02   0.48948E-01       6.40
   59    117.39   -0.45999  0.11633E+00  -0.70001E-02   0.47563E-01       6.02
   60    117.85   -0.46723  0.11560E+00  -0.65020E-02   0.46177E-01       5.62
   61    118.32   -0.47443  0.11490E+00  -0.60002E-02   0.44789E-01       5.22
   62    118.79   -0.48161  0.11421E+00  -0.54948E-02   0.43399E-01       4.81
   63    119.26   -0.48875  0.11355E+00  -0.49858E-02   0.42006E-01       4.39
   64    119.73   -0.49587  0.11290E+00  -0.44731E-02   0.40609E-01       3.96
   65    120.20   -0.50294  0.11227E+00  -0.39569E-02   0.39207E-01       3.52
   66    120.66   -0.50999  0.11167E+00  -0.34372E-02   0.37801E-01       3.08
   67    121.13   -0.51700  0.11108E+00  -0.29140E-02   0.36388E-01       2.62
   68    121.60   -0.52398  0.11051E+00  -0.23875E-02   0.34969E-01       2.16
   69    122.07   -0.53092  0.10996E+00  -0.18577E-02   0.33543E-01       1.69
   70    122.54   -0.53783  0.10943E+00  -0.13247E-02   0.32109E-01       1.21
   71    123.00   -0.54470  0.10891E+00  -0.78872E-03   0.30667E-01       0.72
   72    123.47   -0.55153  0.10842E+00  -0.24985E-03   0.29216E-01       0.23
   73    123.94   -0.55833  0.10794E+00   0.29173E-03   0.27755E-01      -0.27
   74    124.41   -0.56509  0.10747E+00   0.83585E-03   0.26285E-01      -0.78
   75    124.88   -0.57181  0.10703E+00   0.13823E-02   0.24804E-01      -1.29
   76    125.34   -0.57849  0.10660E+00   0.19309E-02   0.23312E-01      -1.81
   77    125.81   -0.58514  0.10619E+00   0.24813E-02   0.21808E-01      -2.34
   78    126.28   -0.59174  0.10580E+00   0.30335E-02   0.20293E-01      -2.87
   79    126.75   -0.59831  0.10542E+00   0.35870E-02   0.18765E-01      -3.40
   80    127.22   -0.60484  0.10506E+00   0.41416E-02   0.17224E-01      -3.94
   81    127.69   -0.61132  0.10472E+00   0.46970E-02   0.15670E-01      -4.49
   82    128.15   -0.61777  0.10439E+00   0.52529E-02   0.14103E-01      -5.03
   83    128.62   -0.62417  0.10408E+00   0.58089E-02   0.12522E-01      -5.58
   84    129.09   -0.63054  0.10378E+00   0.63648E-02   0.10927E-01      -6.13
   85    129.56   -0.63686  0.10351E+00   0.69200E-02   0.93168E-02      -6.69
   86    130.03   -0.64313  0.10324E+00   0.74744E-02   0.76922E-02      -7.24
   87    130.49   -0.64937  0.10300E+00   0.80273E-02   0.60526E-02      -7.79
   88    130.96   -0.65556  0.10277E+00   0.85786E-02   0.43979E-02      -8.35
   89    131.43   -0.66171  0.10256E+00   0.91276E-02   0.27277E-02      -8.90
   90    131.90   -0.66781  0.10236E+00   0.96739E-02   0.10420E-02      -9.45
   91    132.37   -0.67387  0.10218E+00   0.10217E-01  -0.65944E-03     -10.00
   92    132.83   -0.67989  0.10202E+00   0.10757E-01  -0.23766E-02     -10.54
   93    133.30   -0.68586  0.10187E+00   0.11292E-01  -0.41097E-02     -11.08
   94    133.77   -0.69178  0.10174E+00   0.11823E-01  -0.58586E-02     -11.62
   95    134.24   -0.69766  0.10163E+00   0.12349E-01  -0.76235E-02     -12.15
   96    134.71   -0.70349  0.10154E+00   0.12869E-01  -0.94043E-02     -12.67
   97    135.18   -0.70927  0.10146E+00   0.13383E-01  -0.11201E-01     -13.19
   98    135.64   -0.71501  0.10140E+00   0.13890E-01  -0.13013E-01     -13.70
   99    136.11   -0.72069  0.10136E+00   0.14390E-01  -0.14841E-01     -14.20
  100    136.58   -0.72633  0.10133E+00   0.14882E-01  -0.16685E-01     -14.69
  101    137.05   -0.73193  0.10132E+00   0.15365E-01  -0.18544E-01     -15.16
  102    137.52   -0.73747  0.10134E+00   0.15840E-01  -0.20417E-01     -15.63
  103    137.98   -0.74296  0.10136E+00   0.16304E-01  -0.22306E-01     -16.08
  104    138.45   -0.74841  0.10141E+00   0.16758E-01  -0.24209E-01     -16.52
  105    138.92   -0.75380  0.10148E+00   0.17201E-01  -0.26127E-01     -16.95
  106    139.39   -0.75914  0.10156E+00   0.17633E-01  -0.28058E-01     -17.36
  107    139.86   -0.76444  0.10167E+00   0.18052E-01  -0.30003E-01     -17.76
  108    140.33   -0.76968  0.10179E+00   0.18459E-01  -0.31961E-01     -18.13
  109    140.79   -0.77487  0.10194E+00   0.18852E-01  -0.33931E-01     -18.49
  110    141.26   -0.78001  0.10210E+00   0.19231E-01  -0.35914E-01     -18.84
  111    141.73   -0.78509  0.10228E+00   0.19595E-01  -0.37908E-01     -19.16
  112    142.20   -0.79013  0.10248E+00   0.19944E-01  -0.39913E-01     -19.46
  113    142.67   -0.79511  0.10271E+00   0.20277E-01  -0.41929E-01     -19.74
  114    143.13   -0.80004  0.10295E+00   0.20593E-01  -0.43954E-01     -20.00
  115    143.60   -0.80491  0.10322E+00   0.20892E-01  -0.45988E-01     -20.24
  116    144.07   -0.80974  0.10350E+00   0.21174E-01  -0.48031E-01     -20.46
  117    144.54   -0.81450  0.10381E+00   0.21437E-01  -0.50081E-01     -20.65
  118    145.01   -0.81922  0.10414E+00   0.21681E-01  -0.52138E-01     -20.82
  119    145.47   -0.82387  0.10448E+00   0.21906E-01  -0.54201E-01     -20.97
  120    145.94   -0.82848  0.10486E+00   0.22111E-01  -0.56270E-01     -21.09
  121    146.41   -0.83303  0.10525E+00   0.22296E-01  -0.58342E-01     -21.18
  122    146.88   -0.83752  0.10566E+00   0.22460E-01  -0.60419E-01     -21.26
  123    147.35   -0.84195  0.10610E+00   0.22602E-01  -0.62497E-01     -21.30
  124    147.82   -0.84634  0.10656E+00   0.22723E-01  -0.64578E-01     -21.32
  125    148.28   -0.85066  0.10704E+00   0.22821E-01  -0.66659E-01     -21.32
  126    148.75   -0.85493  0.10754E+00   0.22898E-01  -0.68739E-01     -21.29
  127    149.22   -0.85914  0.10806E+00   0.22951E-01  -0.70818E-01     -21.24
  128    149.69   -0.86329  0.10861E+00   0.22981E-01  -0.72895E-01     -21.16
  129    150.16   -0.86738  0.10918E+00   0.22988E-01  -0.74968E-01     -21.06
  130    150.62   -0.87142  0.10977E+00   0.22972E-01  -0.77037E-01     -20.93
  131    151.09   -0.87540  0.11038E+00   0.22932E-01  -0.79100E-01     -20.77
  132    151.56   -0.87932  0.11101E+00   0.22868E-01  -0.81156E-01     -20.60
  133    152.03   -0.88318  0.11167E+00   0.22780E-01  -0.83204E-01     -20.40
  134    152.50   -0.88698  0.11235E+00   0.22668E-01  -0.85244E-01     -20.18
  135    152.96   -0.89073  0.11304E+00   0.22532E-01  -0.87273E-01     -19.93
  136    153.43   -0.89441  0.11376E+00   0.22373E-01  -0.89291E-01     -19.67
  137    153.90   -0.89804  0.11450E+00   0.22189E-01  -0.91296E-01     -19.38
  138    154.37   -0.90160  0.11525E+00   0.21983E-01  -0.93288E-01     -19.07
  139    154.84   -0.90510  0.11603E+00   0.21753E-01  -0.95265E-01     -18.75
  140    155.31   -0.90855  0.11682E+00   0.21500E-01  -0.97226E-01     -18.40
  141    155.77   -0.91193  0.11764E+00   0.21224E-01  -0.99170E-01     -18.04
  142    156.24   -0.91525  0.11847E+00   0.20926E-01  -0.10110E+00     -17.66
  143    156.71   -0.91851  0.11931E+00   0.20607E-01  -0.10300E+00     -17.27
  144    157.18   -0.92171  0.12018E+00   0.20266E-01  -0.10489E+00     -16.86
  145    157.65   -0.92485  0.12105E+00   0.19905E-01  -0.10675E+00     -16.44
  146    158.11   -0.92793  0.12195E+00   0.19523E-01  -0.10859E+00     -16.01
  147    158.58   -0.93094  0.12285E+00   0.19122E-01  -0.11041E+00     -15.57
  148    159.05   -0.93390  0.12377E+00   0.18703E-01  -0.11221E+00     -15.11
  149    159.52   -0.93679  0.12470E+00   0.18266E-01  -0.11397E+00     -14.65
  150    159.99   -0.93961  0.12564E+00   0.17812E-01  -0.11571E+00     -14.18
  151    160.46   -0.94238  0.12659E+00   0.17342E-01  -0.11743E+00     -13.70
  152    160.92   -0.94508  0.12755E+00   0.16857E-01  -0.11911E+00     -13.22
  153    161.39   -0.94772  0.12851E+00   0.16358E-01  -0.12076E+00     -12.73
  154    161.86   -0.95030  0.12948E+00   0.15846E-01  -0.12239E+00     -12.24
  155    162.33   -0.95281  0.13046E+00   0.15323E-01  -0.12398E+00     -11.75
  156    162.80   -0.95526  0.13143E+00   0.14789E-01  -0.12553E+00     -11.25
  157    163.26   -0.95764  0.13241E+00   0.14246E-01  -0.12706E+00     -10.76
  158    163.73   -0.95996  0.13339E+00   0.13694E-01  -0.12855E+00     -10.27
  159    164.20   -0.96222  0.13437E+00   0.13136E-01  -0.13001E+00      -9.78
  160    164.67   -0.96441  0.13534E+00   0.12573E-01  -0.13143E+00      -9.29
  161    165.14   -0.96654  0.13631E+00   0.12006E-01  -0.13281E+00      -8.81
  162    165.60   -0.96860  0.13727E+00   0.11436E-01  -0.13416E+00      -8.33
  163    166.07   -0.97060  0.13822E+00   0.10865E-01  -0.13546E+00      -7.86
  164    166.54   -0.97254  0.13917E+00   0.10294E-01  -0.13673E+00      -7.40
  165    167.01   -0.97440  0.14010E+00   0.97245E-02  -0.13797E+00      -6.94
  166    167.48   -0.97621  0.14102E+00   0.91586E-02  -0.13916E+00      -6.49
  167    167.95   -0.97795  0.14192E+00   0.85973E-02  -0.14031E+00      -6.06
  168    168.41   -0.97962  0.14281E+00   0.80423E-02  -0.14142E+00      -5.63
  169    168.88   -0.98123  0.14368E+00   0.74949E-02  -0.14249E+00      -5.22
  170    169.35   -0.98277  0.14453E+00   0.69566E-02  -0.14352E+00      -4.81
  171    169.82   -0.98425  0.14536E+00   0.64290E-02  -0.14450E+00      -4.42
  172    170.29   -0.98566  0.14616E+00   0.59134E-02  -0.14545E+00      -4.05
  173    170.75   -0.98701  0.14694E+00   0.54112E-02  -0.14635E+00      -3.68
  174    171.22   -0.98829  0.14769E+00   0.49240E-02  -0.14721E+00      -3.33
  175    171.69   -0.98950  0.14841E+00   0.44530E-02  -0.14802E+00      -3.00
  176    172.16   -0.99065  0.14911E+00   0.39995E-02  -0.14880E+00      -2.68
  177    172.63   -0.99173  0.14977E+00   0.35649E-02  -0.14952E+00      -2.38
  178    173.09   -0.99275  0.15040E+00   0.31505E-02  -0.15021E+00      -2.09
  179    173.56   -0.99370  0.15099E+00   0.27573E-02  -0.15085E+00      -1.83
  180    174.03   -0.99458  0.15155E+00   0.23866E-02  -0.15144E+00      -1.57
  181    174.50   -0.99539  0.15207E+00   0.20394E-02  -0.15200E+00      -1.34
  182    174.97   -0.99614  0.15256E+00   0.17167E-02  -0.15250E+00      -1.13
  183    175.44   -0.99683  0.15300E+00   0.14194E-02  -0.15296E+00      -0.93
  184    175.90   -0.99744  0.15341E+00   0.11486E-02  -0.15338E+00      -0.75
  185    176.37   -0.99799  0.15377E+00   0.90483E-03  -0.15375E+00      -0.59
  186    176.84   -0.99848  0.15409E+00   0.68897E-03  -0.15408E+00      -0.45
  187    177.31   -0.99890  0.15437E+00   0.50162E-03  -0.15436E+00      -0.32
  188    177.78   -0.99925  0.15460E+00   0.34334E-03  -0.15460E+00      -0.22
  189    178.24   -0.99953  0.15480E+00   0.21459E-03  -0.15479E+00      -0.14
  190    178.71   -0.99975  0.15494E+00   0.11577E-03  -0.15494E+00      -0.07
  191    179.18   -0.99990  0.15504E+00   0.47158E-04  -0.15504E+00      -0.03
  192    179.64   -0.99998  0.15510E+00   0.89557E-05  -0.15510E+00      -0.01
  193    180.00   -1.00000  0.15511E+00   0.00000E+00  -0.15511E+00      -0.00

