 alpha final =    581.00000000000000     

     granulo :  rn =  1.0  rm = 0.56  ln sig =  0.266  pour r <  50. mic.
     ======================================================================

                    longueur d onde :  0.550 microns
                    ================================

     indice reel :   1.61000     indice imaginaire : -0.30000E-01


                    nombre de particules :  0.10007E+01

       Sections d extinction et de diffusion ramenees a une particule :
       ----------------------------------------------------------------
     extinction :  0.27823E+01 mic**2     diffusion :  0.18991E+01 mic**2

            Pizero : 0.682571                 g.assymetrie : 0.72645

 ------------------------------------------------------------------------------
   j      theta       mu         i             q             u         -q/i*100
 ------------------------------------------------------------------------------
 -193      0.00    1.00000  0.57245E+02   0.00000E+00   0.57245E+02      -0.00
 -192      0.36    0.99998  0.57189E+02   0.24957E-03   0.57189E+02      -0.00
 -191      0.82    0.99990  0.56951E+02   0.13096E-02   0.56951E+02      -0.00
 -190      1.29    0.99975  0.56526E+02   0.31951E-02   0.56526E+02      -0.01
 -189      1.76    0.99953  0.55919E+02   0.58696E-02   0.55918E+02      -0.01
 -188      2.22    0.99925  0.55135E+02   0.92812E-02   0.55134E+02      -0.02
 -187      2.69    0.99890  0.54183E+02   0.13364E-01   0.54182E+02      -0.02
 -186      3.16    0.99848  0.53073E+02   0.18038E-01   0.53072E+02      -0.03
 -185      3.63    0.99799  0.51817E+02   0.23215E-01   0.51814E+02      -0.04
 -184      4.10    0.99744  0.50426E+02   0.28794E-01   0.50422E+02      -0.06
 -183      4.56    0.99683  0.48915E+02   0.34669E-01   0.48908E+02      -0.07
 -182      5.03    0.99614  0.47297E+02   0.40728E-01   0.47288E+02      -0.09
 -181      5.50    0.99539  0.45589E+02   0.46856E-01   0.45576E+02      -0.10
 -180      5.97    0.99458  0.43804E+02   0.52938E-01   0.43788E+02      -0.12
 -179      6.44    0.99370  0.41960E+02   0.58858E-01   0.41938E+02      -0.14
 -178      6.91    0.99275  0.40069E+02   0.64507E-01   0.40041E+02      -0.16
 -177      7.37    0.99173  0.38149E+02   0.69777E-01   0.38114E+02      -0.18
 -176      7.84    0.99065  0.36212E+02   0.74569E-01   0.36169E+02      -0.21
 -175      8.31    0.98950  0.34272E+02   0.78793E-01   0.34221E+02      -0.23
 -174      8.78    0.98829  0.32343E+02   0.82366E-01   0.32282E+02      -0.25
 -173      9.25    0.98701  0.30435E+02   0.85219E-01   0.30364E+02      -0.28
 -172      9.71    0.98566  0.28561E+02   0.87292E-01   0.28478E+02      -0.31
 -171     10.18    0.98425  0.26729E+02   0.88537E-01   0.26635E+02      -0.33
 -170     10.65    0.98277  0.24948E+02   0.88920E-01   0.24841E+02      -0.36
 -169     11.12    0.98123  0.23226E+02   0.88418E-01   0.23106E+02      -0.38
 -168     11.59    0.97962  0.21568E+02   0.87020E-01   0.21436E+02      -0.40
 -167     12.05    0.97795  0.19980E+02   0.84728E-01   0.19834E+02      -0.42
 -166     12.52    0.97621  0.18466E+02   0.81556E-01   0.18307E+02      -0.44
 -165     12.99    0.97440  0.17028E+02   0.77525E-01   0.16856E+02      -0.46
 -164     13.46    0.97254  0.15669E+02   0.72671E-01   0.15485E+02      -0.46
 -163     13.93    0.97060  0.14390E+02   0.67036E-01   0.14193E+02      -0.47
 -162     14.40    0.96860  0.13190E+02   0.60670E-01   0.12981E+02      -0.46
 -161     14.86    0.96654  0.12070E+02   0.53632E-01   0.11850E+02      -0.44
 -160     15.33    0.96441  0.11028E+02   0.45984E-01   0.10797E+02      -0.42
 -159     15.80    0.96222  0.10062E+02   0.37796E-01   0.98218E+01      -0.38
 -158     16.27    0.95996  0.91702E+01   0.29139E-01   0.89213E+01      -0.32
 -157     16.74    0.95764  0.83498E+01   0.20088E-01   0.80931E+01      -0.24
 -156     17.20    0.95526  0.75978E+01   0.10719E-01   0.73343E+01      -0.14
 -155     17.67    0.95281  0.69109E+01   0.11098E-02   0.66417E+01      -0.02
 -154     18.14    0.95030  0.62855E+01  -0.86632E-02   0.60117E+01       0.14
 -153     18.61    0.94772  0.57182E+01  -0.18525E-01   0.54407E+01       0.32
 -152     19.08    0.94508  0.52053E+01  -0.28401E-01   0.49253E+01       0.55
 -151     19.54    0.94238  0.47430E+01  -0.38222E-01   0.44615E+01       0.81
 -150     20.01    0.93961  0.43278E+01  -0.47919E-01   0.40458E+01       1.11
 -149     20.48    0.93679  0.39560E+01  -0.57430E-01   0.36744E+01       1.45
 -148     20.95    0.93390  0.36240E+01  -0.66694E-01   0.33439E+01       1.84
 -147     21.42    0.93094  0.33286E+01  -0.75657E-01   0.30508E+01       2.27
 -146     21.89    0.92793  0.30665E+01  -0.84271E-01   0.27917E+01       2.75
 -145     22.35    0.92485  0.28346E+01  -0.92489E-01   0.25635E+01       3.26
 -144     22.82    0.92171  0.26299E+01  -0.10027E+00   0.23633E+01       3.81
 -143     23.29    0.91851  0.24498E+01  -0.10759E+00   0.21881E+01       4.39
 -142     23.76    0.91525  0.22916E+01  -0.11441E+00   0.20354E+01       4.99
 -141     24.23    0.91193  0.21530E+01  -0.12071E+00   0.19027E+01       5.61
 -140     24.69    0.90855  0.20318E+01  -0.12648E+00   0.17877E+01       6.23
 -139     25.16    0.90510  0.19259E+01  -0.13169E+00   0.16883E+01       6.84
 -138     25.63    0.90160  0.18336E+01  -0.13635E+00   0.16027E+01       7.44
 -137     26.10    0.89804  0.17531E+01  -0.14045E+00   0.15290E+01       8.01
 -136     26.57    0.89441  0.16829E+01  -0.14399E+00   0.14656E+01       8.56
 -135     27.04    0.89073  0.16217E+01  -0.14697E+00   0.14113E+01       9.06
 -134     27.50    0.88698  0.15682E+01  -0.14941E+00   0.13646E+01       9.53
 -133     27.97    0.88318  0.15213E+01  -0.15132E+00   0.13245E+01       9.95
 -132     28.44    0.87932  0.14802E+01  -0.15270E+00   0.12899E+01      10.32
 -131     28.91    0.87540  0.14438E+01  -0.15359E+00   0.12599E+01      10.64
 -130     29.38    0.87142  0.14116E+01  -0.15400E+00   0.12338E+01      10.91
 -129     29.84    0.86738  0.13827E+01  -0.15395E+00   0.12109E+01      11.13
 -128     30.31    0.86329  0.13567E+01  -0.15346E+00   0.11905E+01      11.31
 -127     30.78    0.85914  0.13331E+01  -0.15256E+00   0.11723E+01      11.44
 -126     31.25    0.85493  0.13114E+01  -0.15128E+00   0.11557E+01      11.54
 -125     31.72    0.85066  0.12914E+01  -0.14965E+00   0.11404E+01      11.59
 -124     32.18    0.84634  0.12726E+01  -0.14768E+00   0.11260E+01      11.61
 -123     32.65    0.84195  0.12548E+01  -0.14542E+00   0.11124E+01      11.59
 -122     33.12    0.83752  0.12379E+01  -0.14288E+00   0.10993E+01      11.54
 -121     33.59    0.83303  0.12216E+01  -0.14009E+00   0.10865E+01      11.47
 -120     34.06    0.82848  0.12058E+01  -0.13707E+00   0.10740E+01      11.37
 -119     34.53    0.82387  0.11904E+01  -0.13386E+00   0.10615E+01      11.25
 -118     34.99    0.81922  0.11753E+01  -0.13048E+00   0.10491E+01      11.10
 -117     35.46    0.81450  0.11604E+01  -0.12696E+00   0.10366E+01      10.94
 -116     35.93    0.80974  0.11457E+01  -0.12330E+00   0.10241E+01      10.76
 -115     36.40    0.80491  0.11311E+01  -0.11954E+00   0.10115E+01      10.57
 -114     36.87    0.80004  0.11167E+01  -0.11570E+00   0.99872E+00      10.36
 -113     37.33    0.79511  0.11023E+01  -0.11179E+00   0.98585E+00      10.14
 -112     37.80    0.79013  0.10880E+01  -0.10784E+00   0.97286E+00       9.91
 -111     38.27    0.78509  0.10737E+01  -0.10385E+00   0.95977E+00       9.67
 -110     38.74    0.78001  0.10595E+01  -0.99846E-01   0.94658E+00       9.42
 -109     39.21    0.77487  0.10454E+01  -0.95839E-01   0.93332E+00       9.17
 -108     39.67    0.76968  0.10314E+01  -0.91840E-01   0.92001E+00       8.90
 -107     40.14    0.76444  0.10175E+01  -0.87861E-01   0.90665E+00       8.64
 -106     40.61    0.75914  0.10036E+01  -0.83911E-01   0.89328E+00       8.36
 -105     41.08    0.75380  0.98983E+00  -0.79999E-01   0.87992E+00       8.08
 -104     41.55    0.74841  0.97617E+00  -0.76131E-01   0.86658E+00       7.80
 -103     42.02    0.74296  0.96263E+00  -0.72316E-01   0.85328E+00       7.51
 -102     42.48    0.73747  0.94920E+00  -0.68557E-01   0.84004E+00       7.22
 -101     42.95    0.73193  0.93591E+00  -0.64859E-01   0.82688E+00       6.93
 -100     43.42    0.72633  0.92275E+00  -0.61227E-01   0.81381E+00       6.64
  -99     43.89    0.72069  0.90974E+00  -0.57662E-01   0.80085E+00       6.34
  -98     44.36    0.71501  0.89687E+00  -0.54168E-01   0.78801E+00       6.04
  -97     44.82    0.70927  0.88415E+00  -0.50747E-01   0.77529E+00       5.74
  -96     45.29    0.70349  0.87160E+00  -0.47399E-01   0.76272E+00       5.44
  -95     45.76    0.69766  0.85920E+00  -0.44126E-01   0.75028E+00       5.14
  -94     46.23    0.69178  0.84696E+00  -0.40928E-01   0.73800E+00       4.83
  -93     46.70    0.68586  0.83489E+00  -0.37805E-01   0.72587E+00       4.53
  -92     47.17    0.67989  0.82298E+00  -0.34757E-01   0.71391E+00       4.22
  -91     47.63    0.67387  0.81124E+00  -0.31785E-01   0.70210E+00       3.92
  -90     48.10    0.66781  0.79966E+00  -0.28887E-01   0.69047E+00       3.61
  -89     48.57    0.66171  0.78825E+00  -0.26063E-01   0.67899E+00       3.31
  -88     49.04    0.65556  0.77701E+00  -0.23312E-01   0.66769E+00       3.00
  -87     49.51    0.64937  0.76593E+00  -0.20635E-01   0.65656E+00       2.69
  -86     49.97    0.64313  0.75501E+00  -0.18029E-01   0.64559E+00       2.39
  -85     50.44    0.63686  0.74425E+00  -0.15495E-01   0.63478E+00       2.08
  -84     50.91    0.63054  0.73365E+00  -0.13032E-01   0.62415E+00       1.78
  -83     51.38    0.62417  0.72321E+00  -0.10639E-01   0.61368E+00       1.47
  -82     51.85    0.61777  0.71293E+00  -0.83143E-02   0.60336E+00       1.17
  -81     52.31    0.61132  0.70281E+00  -0.60584E-02   0.59321E+00       0.86
  -80     52.78    0.60484  0.69284E+00  -0.38703E-02   0.58322E+00       0.56
  -79     53.25    0.59831  0.68302E+00  -0.17491E-02   0.57339E+00       0.26
  -78     53.72    0.59174  0.67335E+00   0.30605E-03   0.56371E+00      -0.05
  -77     54.19    0.58514  0.66383E+00   0.22958E-02   0.55418E+00      -0.35
  -76     54.66    0.57849  0.65445E+00   0.42212E-02   0.54480E+00      -0.64
  -75     55.12    0.57181  0.64523E+00   0.60829E-02   0.53556E+00      -0.94
  -74     55.59    0.56509  0.63614E+00   0.78820E-02   0.52648E+00      -1.24
  -73     56.06    0.55833  0.62719E+00   0.96195E-02   0.51753E+00      -1.53
  -72     56.53    0.55153  0.61839E+00   0.11296E-01   0.50873E+00      -1.83
  -71     57.00    0.54470  0.60972E+00   0.12914E-01   0.50007E+00      -2.12
  -70     57.46    0.53783  0.60118E+00   0.14473E-01   0.49154E+00      -2.41
  -69     57.93    0.53092  0.59278E+00   0.15975E-01   0.48315E+00      -2.69
  -68     58.40    0.52398  0.58451E+00   0.17422E-01   0.47489E+00      -2.98
  -67     58.87    0.51700  0.57637E+00   0.18815E-01   0.46676E+00      -3.26
  -66     59.34    0.50999  0.56836E+00   0.20155E-01   0.45876E+00      -3.55
  -65     59.80    0.50294  0.56046E+00   0.21444E-01   0.45088E+00      -3.83
  -64     60.27    0.49587  0.55270E+00   0.22684E-01   0.44313E+00      -4.10
  -63     60.74    0.48875  0.54505E+00   0.23876E-01   0.43550E+00      -4.38
  -62     61.21    0.48161  0.53752E+00   0.25022E-01   0.42799E+00      -4.66
  -61     61.68    0.47443  0.53010E+00   0.26124E-01   0.42059E+00      -4.93
  -60     62.15    0.46723  0.52280E+00   0.27183E-01   0.41331E+00      -5.20
  -59     62.61    0.45999  0.51560E+00   0.28202E-01   0.40614E+00      -5.47
  -58     63.08    0.45272  0.50852E+00   0.29181E-01   0.39908E+00      -5.74
  -57     63.55    0.44542  0.50154E+00   0.30124E-01   0.39212E+00      -6.01
  -56     64.02    0.43809  0.49466E+00   0.31030E-01   0.38527E+00      -6.27
  -55     64.49    0.43073  0.48789E+00   0.31903E-01   0.37853E+00      -6.54
  -54     64.95    0.42334  0.48121E+00   0.32743E-01   0.37188E+00      -6.80
  -53     65.42    0.41592  0.47463E+00   0.33552E-01   0.36534E+00      -7.07
  -52     65.89    0.40848  0.46815E+00   0.34331E-01   0.35888E+00      -7.33
  -51     66.36    0.40101  0.46175E+00   0.35081E-01   0.35253E+00      -7.60
  -50     66.83    0.39351  0.45545E+00   0.35805E-01   0.34626E+00      -7.86
  -49     67.30    0.38598  0.44924E+00   0.36501E-01   0.34009E+00      -8.13
  -48     67.76    0.37843  0.44311E+00   0.37173E-01   0.33400E+00      -8.39
  -47     68.23    0.37086  0.43707E+00   0.37821E-01   0.32800E+00      -8.65
  -46     68.70    0.36326  0.43111E+00   0.38444E-01   0.32208E+00      -8.92
  -45     69.17    0.35563  0.42524E+00   0.39045E-01   0.31625E+00      -9.18
  -44     69.64    0.34798  0.41945E+00   0.39624E-01   0.31050E+00      -9.45
  -43     70.10    0.34031  0.41374E+00   0.40181E-01   0.30483E+00      -9.71
  -42     70.57    0.33262  0.40811E+00   0.40717E-01   0.29925E+00      -9.98
  -41     71.04    0.32490  0.40256E+00   0.41232E-01   0.29374E+00     -10.24
  -40     71.51    0.31716  0.39708E+00   0.41726E-01   0.28831E+00     -10.51
  -39     71.98    0.30941  0.39169E+00   0.42201E-01   0.28295E+00     -10.77
  -38     72.44    0.30163  0.38637E+00   0.42656E-01   0.27768E+00     -11.04
  -37     72.91    0.29383  0.38112E+00   0.43091E-01   0.27248E+00     -11.31
  -36     73.38    0.28601  0.37596E+00   0.43508E-01   0.26736E+00     -11.57
  -35     73.85    0.27817  0.37087E+00   0.43905E-01   0.26231E+00     -11.84
  -34     74.32    0.27031  0.36585E+00   0.44284E-01   0.25734E+00     -12.10
  -33     74.79    0.26243  0.36091E+00   0.44644E-01   0.25245E+00     -12.37
  -32     75.25    0.25454  0.35605E+00   0.44986E-01   0.24763E+00     -12.63
  -31     75.72    0.24663  0.35126E+00   0.45310E-01   0.24288E+00     -12.90
  -30     76.19    0.23871  0.34654E+00   0.45617E-01   0.23821E+00     -13.16
  -29     76.66    0.23076  0.34190E+00   0.45907E-01   0.23361E+00     -13.43
  -28     77.13    0.22281  0.33733E+00   0.46179E-01   0.22909E+00     -13.69
  -27     77.59    0.21483  0.33284E+00   0.46435E-01   0.22464E+00     -13.95
  -26     78.06    0.20685  0.32842E+00   0.46674E-01   0.22027E+00     -14.21
  -25     78.53    0.19885  0.32407E+00   0.46898E-01   0.21596E+00     -14.47
  -24     79.00    0.19083  0.31979E+00   0.47106E-01   0.21173E+00     -14.73
  -23     79.47    0.18280  0.31558E+00   0.47299E-01   0.20757E+00     -14.99
  -22     79.93    0.17477  0.31144E+00   0.47477E-01   0.20348E+00     -15.24
  -21     80.40    0.16671  0.30737E+00   0.47640E-01   0.19947E+00     -15.50
  -20     80.87    0.15865  0.30336E+00   0.47790E-01   0.19551E+00     -15.75
  -19     81.34    0.15058  0.29943E+00   0.47926E-01   0.19163E+00     -16.01
  -18     81.81    0.14250  0.29555E+00   0.48049E-01   0.18782E+00     -16.26
  -17     82.28    0.13441  0.29175E+00   0.48159E-01   0.18407E+00     -16.51
  -16     82.74    0.12631  0.28800E+00   0.48257E-01   0.18038E+00     -16.76
  -15     83.21    0.11820  0.28432E+00   0.48343E-01   0.17676E+00     -17.00
  -14     83.68    0.11008  0.28070E+00   0.48418E-01   0.17321E+00     -17.25
  -13     84.15    0.10195  0.27714E+00   0.48483E-01   0.16971E+00     -17.49
  -12     84.62    0.09382  0.27364E+00   0.48537E-01   0.16627E+00     -17.74
  -11     85.08    0.08569  0.27019E+00   0.48581E-01   0.16289E+00     -17.98
  -10     85.55    0.07754  0.26680E+00   0.48616E-01   0.15957E+00     -18.22
   -9     86.02    0.06939  0.26347E+00   0.48642E-01   0.15631E+00     -18.46
   -8     86.49    0.06124  0.26018E+00   0.48660E-01   0.15310E+00     -18.70
   -7     86.96    0.05308  0.25696E+00   0.48670E-01   0.14994E+00     -18.94
   -6     87.43    0.04492  0.25378E+00   0.48673E-01   0.14684E+00     -19.18
   -5     87.89    0.03676  0.25066E+00   0.48670E-01   0.14379E+00     -19.42
   -4     88.36    0.02859  0.24758E+00   0.48660E-01   0.14079E+00     -19.65
   -3     88.83    0.02043  0.24456E+00   0.48646E-01   0.13784E+00     -19.89
   -2     89.30    0.01226  0.24159E+00   0.48626E-01   0.13494E+00     -20.13
   -1     89.77    0.00409  0.23866E+00   0.48602E-01   0.13209E+00     -20.36
    0     90.00    0.00000  0.23722E+00   0.48588E-01   0.13068E+00     -20.48
    1     90.23   -0.00409  0.23578E+00   0.48573E-01   0.12928E+00     -20.60
    2     90.70   -0.01226  0.23295E+00   0.48542E-01   0.12652E+00     -20.84
    3     91.17   -0.02043  0.23017E+00   0.48507E-01   0.12381E+00     -21.07
    4     91.64   -0.02859  0.22744E+00   0.48470E-01   0.12114E+00     -21.31
    5     92.11   -0.03676  0.22475E+00   0.48430E-01   0.11852E+00     -21.55
    6     92.57   -0.04492  0.22211E+00   0.48388E-01   0.11594E+00     -21.79
    7     93.04   -0.05308  0.21951E+00   0.48344E-01   0.11341E+00     -22.02
    8     93.51   -0.06124  0.21696E+00   0.48299E-01   0.11092E+00     -22.26
    9     93.98   -0.06939  0.21446E+00   0.48252E-01   0.10847E+00     -22.50
   10     94.45   -0.07754  0.21200E+00   0.48203E-01   0.10606E+00     -22.74
   11     94.92   -0.08569  0.20959E+00   0.48153E-01   0.10370E+00     -22.98
   12     95.38   -0.09382  0.20722E+00   0.48102E-01   0.10138E+00     -23.21
   13     95.85   -0.10195  0.20490E+00   0.48048E-01   0.99096E-01     -23.45
   14     96.32   -0.11008  0.20262E+00   0.47993E-01   0.96856E-01     -23.69
   15     96.79   -0.11820  0.20038E+00   0.47936E-01   0.94657E-01     -23.92
   16     97.26   -0.12631  0.19818E+00   0.47876E-01   0.92498E-01     -24.16
   17     97.72   -0.13441  0.19603E+00   0.47814E-01   0.90379E-01     -24.39
   18     98.19   -0.14250  0.19392E+00   0.47749E-01   0.88299E-01     -24.62
   19     98.66   -0.15058  0.19185E+00   0.47682E-01   0.86257E-01     -24.85
   20     99.13   -0.15865  0.18982E+00   0.47611E-01   0.84255E-01     -25.08
   21     99.60   -0.16671  0.18783E+00   0.47537E-01   0.82290E-01     -25.31
   22    100.07   -0.17477  0.18587E+00   0.47459E-01   0.80362E-01     -25.53
   23    100.53   -0.18280  0.18396E+00   0.47377E-01   0.78471E-01     -25.75
   24    101.00   -0.19083  0.18208E+00   0.47292E-01   0.76617E-01     -25.97
   25    101.47   -0.19885  0.18024E+00   0.47203E-01   0.74799E-01     -26.19
   26    101.94   -0.20685  0.17843E+00   0.47110E-01   0.73016E-01     -26.40
   27    102.41   -0.21483  0.17666E+00   0.47013E-01   0.71267E-01     -26.61
   28    102.87   -0.22281  0.17493E+00   0.46913E-01   0.69553E-01     -26.82
   29    103.34   -0.23076  0.17322E+00   0.46810E-01   0.67872E-01     -27.02
   30    103.81   -0.23871  0.17155E+00   0.46704E-01   0.66224E-01     -27.22
   31    104.28   -0.24663  0.16992E+00   0.46595E-01   0.64609E-01     -27.42
   32    104.75   -0.25454  0.16831E+00   0.46484E-01   0.63025E-01     -27.62
   33    105.21   -0.26243  0.16674E+00   0.46371E-01   0.61472E-01     -27.81
   34    105.68   -0.27031  0.16520E+00   0.46257E-01   0.59950E-01     -28.00
   35    106.15   -0.27817  0.16369E+00   0.46143E-01   0.58458E-01     -28.19
   36    106.62   -0.28601  0.16221E+00   0.46029E-01   0.56996E-01     -28.38
   37    107.09   -0.29383  0.16076E+00   0.45915E-01   0.55562E-01     -28.56
   38    107.56   -0.30163  0.15935E+00   0.45802E-01   0.54156E-01     -28.74
   39    108.02   -0.30941  0.15797E+00   0.45691E-01   0.52778E-01     -28.92
   40    108.49   -0.31716  0.15661E+00   0.45583E-01   0.51428E-01     -29.11
   41    108.96   -0.32490  0.15529E+00   0.45477E-01   0.50104E-01     -29.29
   42    109.43   -0.33262  0.15400E+00   0.45375E-01   0.48806E-01     -29.46
   43    109.90   -0.34031  0.15274E+00   0.45276E-01   0.47533E-01     -29.64
   44    110.36   -0.34798  0.15151E+00   0.45181E-01   0.46286E-01     -29.82
   45    110.83   -0.35563  0.15031E+00   0.45090E-01   0.45064E-01     -30.00
   46    111.30   -0.36326  0.14914E+00   0.45004E-01   0.43865E-01     -30.17
   47    111.77   -0.37086  0.14801E+00   0.44922E-01   0.42690E-01     -30.35
   48    112.24   -0.37843  0.14690E+00   0.44845E-01   0.41538E-01     -30.53
   49    112.70   -0.38598  0.14582E+00   0.44772E-01   0.40409E-01     -30.70
   50    113.17   -0.39351  0.14477E+00   0.44703E-01   0.39301E-01     -30.88
   51    113.64   -0.40101  0.14375E+00   0.44639E-01   0.38216E-01     -31.05
   52    114.11   -0.40848  0.14276E+00   0.44578E-01   0.37151E-01     -31.23
   53    114.58   -0.41592  0.14179E+00   0.44520E-01   0.36108E-01     -31.40
   54    115.05   -0.42334  0.14086E+00   0.44466E-01   0.35084E-01     -31.57
   55    115.51   -0.43073  0.13995E+00   0.44415E-01   0.34080E-01     -31.74
   56    115.98   -0.43809  0.13906E+00   0.44365E-01   0.33095E-01     -31.90
   57    116.45   -0.44542  0.13820E+00   0.44317E-01   0.32129E-01     -32.07
   58    116.92   -0.45272  0.13737E+00   0.44271E-01   0.31180E-01     -32.23
   59    117.39   -0.45999  0.13655E+00   0.44225E-01   0.30249E-01     -32.39
   60    117.85   -0.46723  0.13576E+00   0.44179E-01   0.29336E-01     -32.54
   61    118.32   -0.47443  0.13500E+00   0.44133E-01   0.28438E-01     -32.69
   62    118.79   -0.48161  0.13425E+00   0.44087E-01   0.27557E-01     -32.84
   63    119.26   -0.48875  0.13353E+00   0.44039E-01   0.26690E-01     -32.98
   64    119.73   -0.49587  0.13282E+00   0.43990E-01   0.25839E-01     -33.12
   65    120.20   -0.50294  0.13213E+00   0.43939E-01   0.25001E-01     -33.25
   66    120.66   -0.50999  0.13147E+00   0.43885E-01   0.24177E-01     -33.38
   67    121.13   -0.51700  0.13082E+00   0.43829E-01   0.23366E-01     -33.50
   68    121.60   -0.52398  0.13018E+00   0.43770E-01   0.22567E-01     -33.62
   69    122.07   -0.53092  0.12957E+00   0.43708E-01   0.21780E-01     -33.73
   70    122.54   -0.53783  0.12897E+00   0.43643E-01   0.21005E-01     -33.84
   71    123.00   -0.54470  0.12839E+00   0.43574E-01   0.20240E-01     -33.94
   72    123.47   -0.55153  0.12782E+00   0.43502E-01   0.19485E-01     -34.03
   73    123.94   -0.55833  0.12727E+00   0.43425E-01   0.18740E-01     -34.12
   74    124.41   -0.56509  0.12673E+00   0.43345E-01   0.18005E-01     -34.20
   75    124.88   -0.57181  0.12622E+00   0.43260E-01   0.17278E-01     -34.27
   76    125.34   -0.57849  0.12571E+00   0.43170E-01   0.16559E-01     -34.34
   77    125.81   -0.58514  0.12523E+00   0.43077E-01   0.15849E-01     -34.40
   78    126.28   -0.59174  0.12476E+00   0.42978E-01   0.15147E-01     -34.45
   79    126.75   -0.59831  0.12431E+00   0.42875E-01   0.14452E-01     -34.49
   80    127.22   -0.60484  0.12387E+00   0.42767E-01   0.13765E-01     -34.52
   81    127.69   -0.61132  0.12346E+00   0.42655E-01   0.13085E-01     -34.55
   82    128.15   -0.61777  0.12307E+00   0.42538E-01   0.12412E-01     -34.56
   83    128.62   -0.62417  0.12270E+00   0.42416E-01   0.11748E-01     -34.57
   84    129.09   -0.63054  0.12236E+00   0.42290E-01   0.11091E-01     -34.56
   85    129.56   -0.63686  0.12204E+00   0.42161E-01   0.10442E-01     -34.55
   86    130.03   -0.64313  0.12176E+00   0.42028E-01   0.98020E-02     -34.52
   87    130.49   -0.64937  0.12151E+00   0.41893E-01   0.91714E-02     -34.48
   88    130.96   -0.65556  0.12129E+00   0.41756E-01   0.85510E-02     -34.43
   89    131.43   -0.66171  0.12112E+00   0.41618E-01   0.79418E-02     -34.36
   90    131.90   -0.66781  0.12100E+00   0.41481E-01   0.73451E-02     -34.28
   91    132.37   -0.67387  0.12092E+00   0.41347E-01   0.67621E-02     -34.19
   92    132.83   -0.67989  0.12091E+00   0.41218E-01   0.61945E-02     -34.09
   93    133.30   -0.68586  0.12096E+00   0.41095E-01   0.56441E-02     -33.97
   94    133.77   -0.69178  0.12108E+00   0.40982E-01   0.51131E-02     -33.85
   95    134.24   -0.69766  0.12128E+00   0.40881E-01   0.46036E-02     -33.71
   96    134.71   -0.70349  0.12158E+00   0.40797E-01   0.41184E-02     -33.56
   97    135.18   -0.70927  0.12197E+00   0.40733E-01   0.36603E-02     -33.40
   98    135.64   -0.71501  0.12247E+00   0.40694E-01   0.32324E-02     -33.23
   99    136.11   -0.72069  0.12309E+00   0.40683E-01   0.28381E-02     -33.05
  100    136.58   -0.72633  0.12384E+00   0.40708E-01   0.24812E-02     -32.87
  101    137.05   -0.73193  0.12473E+00   0.40773E-01   0.21657E-02     -32.69
  102    137.52   -0.73747  0.12577E+00   0.40884E-01   0.18959E-02     -32.51
  103    137.98   -0.74296  0.12698E+00   0.41048E-01   0.16763E-02     -32.33
  104    138.45   -0.74841  0.12837E+00   0.41273E-01   0.15118E-02     -32.15
  105    138.92   -0.75380  0.12996E+00   0.41565E-01   0.14076E-02     -31.98
  106    139.39   -0.75914  0.13174E+00   0.41931E-01   0.13690E-02     -31.83
  107    139.86   -0.76444  0.13374E+00   0.42381E-01   0.14016E-02     -31.69
  108    140.33   -0.76968  0.13596E+00   0.42921E-01   0.15114E-02     -31.57
  109    140.79   -0.77487  0.13842E+00   0.43560E-01   0.17042E-02     -31.47
  110    141.26   -0.78001  0.14113E+00   0.44306E-01   0.19863E-02     -31.39
  111    141.73   -0.78509  0.14409E+00   0.45168E-01   0.23639E-02     -31.35
  112    142.20   -0.79013  0.14731E+00   0.46152E-01   0.28435E-02     -31.33
  113    142.67   -0.79511  0.15080E+00   0.47266E-01   0.34314E-02     -31.34
  114    143.13   -0.80004  0.15455E+00   0.48518E-01   0.41340E-02     -31.39
  115    143.60   -0.80491  0.15857E+00   0.49914E-01   0.49576E-02     -31.48
  116    144.07   -0.80974  0.16286E+00   0.51459E-01   0.59083E-02     -31.60
  117    144.54   -0.81450  0.16741E+00   0.53160E-01   0.69919E-02     -31.75
  118    145.01   -0.81922  0.17221E+00   0.55019E-01   0.82140E-02     -31.95
  119    145.47   -0.82387  0.17725E+00   0.57039E-01   0.95797E-02     -32.18
  120    145.94   -0.82848  0.18251E+00   0.59223E-01   0.11094E-01     -32.45
  121    146.41   -0.83303  0.18798E+00   0.61569E-01   0.12759E-01     -32.75
  122    146.88   -0.83752  0.19363E+00   0.64077E-01   0.14580E-01     -33.09
  123    147.35   -0.84195  0.19943E+00   0.66743E-01   0.16558E-01     -33.47
  124    147.82   -0.84634  0.20536E+00   0.69562E-01   0.18694E-01     -33.87
  125    148.28   -0.85066  0.21137E+00   0.72527E-01   0.20986E-01     -34.31
  126    148.75   -0.85493  0.21744E+00   0.75629E-01   0.23434E-01     -34.78
  127    149.22   -0.85914  0.22351E+00   0.78858E-01   0.26033E-01     -35.28
  128    149.69   -0.86329  0.22955E+00   0.82199E-01   0.28777E-01     -35.81
  129    150.16   -0.86738  0.23551E+00   0.85639E-01   0.31657E-01     -36.36
  130    150.62   -0.87142  0.24133E+00   0.89159E-01   0.34662E-01     -36.94
  131    151.09   -0.87540  0.24698E+00   0.92741E-01   0.37778E-01     -37.55
  132    151.56   -0.87932  0.25239E+00   0.96364E-01   0.40985E-01     -38.18
  133    152.03   -0.88318  0.25752E+00   0.10001E+00   0.44264E-01     -38.83
  134    152.50   -0.88698  0.26232E+00   0.10364E+00   0.47586E-01     -39.51
  135    152.96   -0.89073  0.26675E+00   0.10725E+00   0.50923E-01     -40.20
  136    153.43   -0.89441  0.27076E+00   0.11079E+00   0.54237E-01     -40.92
  137    153.90   -0.89804  0.27432E+00   0.11426E+00   0.57487E-01     -41.65
  138    154.37   -0.90160  0.27739E+00   0.11761E+00   0.60627E-01     -42.40
  139    154.84   -0.90510  0.27996E+00   0.12082E+00   0.63603E-01     -43.15
  140    155.31   -0.90855  0.28202E+00   0.12386E+00   0.66353E-01     -43.92
  141    155.77   -0.91193  0.28355E+00   0.12671E+00   0.68812E-01     -44.69
  142    156.24   -0.91525  0.28457E+00   0.12934E+00   0.70905E-01     -45.45
  143    156.71   -0.91851  0.28510E+00   0.13172E+00   0.72551E-01     -46.20
  144    157.18   -0.92171  0.28518E+00   0.13384E+00   0.73660E-01     -46.93
  145    157.65   -0.92485  0.28485E+00   0.13567E+00   0.74136E-01     -47.63
  146    158.11   -0.92793  0.28419E+00   0.13718E+00   0.73877E-01     -48.27
  147    158.58   -0.93094  0.28327E+00   0.13838E+00   0.72772E-01     -48.85
  148    159.05   -0.93390  0.28219E+00   0.13923E+00   0.70706E-01     -49.34
  149    159.52   -0.93679  0.28107E+00   0.13974E+00   0.67555E-01     -49.72
  150    159.99   -0.93961  0.28003E+00   0.13988E+00   0.63196E-01     -49.95
  151    160.46   -0.94238  0.27922E+00   0.13966E+00   0.57496E-01     -50.02
  152    160.92   -0.94508  0.27880E+00   0.13908E+00   0.50326E-01     -49.89
  153    161.39   -0.94772  0.27894E+00   0.13813E+00   0.41551E-01     -49.52
  154    161.86   -0.95030  0.27981E+00   0.13682E+00   0.31040E-01     -48.90
  155    162.33   -0.95281  0.28160E+00   0.13516E+00   0.18664E-01     -48.00
  156    162.80   -0.95526  0.28452E+00   0.13315E+00   0.42985E-02     -46.80
  157    163.26   -0.95764  0.28876E+00   0.13080E+00  -0.12173E-01     -45.30
  158    163.73   -0.95996  0.29451E+00   0.12813E+00  -0.30858E-01     -43.51
  159    164.20   -0.96222  0.30198E+00   0.12515E+00  -0.51852E-01     -41.44
  160    164.67   -0.96441  0.31134E+00   0.12189E+00  -0.75237E-01     -39.15
  161    165.14   -0.96654  0.32278E+00   0.11835E+00  -0.10108E+00     -36.67
  162    165.60   -0.96860  0.33645E+00   0.11457E+00  -0.12941E+00     -34.05
  163    166.07   -0.97060  0.35250E+00   0.11055E+00  -0.16027E+00     -31.36
  164    166.54   -0.97254  0.37104E+00   0.10632E+00  -0.19365E+00     -28.66
  165    167.01   -0.97440  0.39216E+00   0.10191E+00  -0.22952E+00     -25.99
  166    167.48   -0.97621  0.41594E+00   0.97336E-01  -0.26783E+00     -23.40
  167    167.95   -0.97795  0.44239E+00   0.92620E-01  -0.30849E+00     -20.94
  168    168.41   -0.97962  0.47151E+00   0.87786E-01  -0.35138E+00     -18.62
  169    168.88   -0.98123  0.50325E+00   0.82860E-01  -0.39636E+00     -16.46
  170    169.35   -0.98277  0.53752E+00   0.77864E-01  -0.44324E+00     -14.49
  171    169.82   -0.98425  0.57418E+00   0.72825E-01  -0.49182E+00     -12.68
  172    170.29   -0.98566  0.61307E+00   0.67765E-01  -0.54184E+00     -11.05
  173    170.75   -0.98701  0.65396E+00   0.62709E-01  -0.59304E+00      -9.59
  174    171.22   -0.98829  0.69659E+00   0.57684E-01  -0.64512E+00      -8.28
  175    171.69   -0.98950  0.74067E+00   0.52714E-01  -0.69775E+00      -7.12
  176    172.16   -0.99065  0.78584E+00   0.47824E-01  -0.75057E+00      -6.09
  177    172.63   -0.99173  0.83174E+00   0.43040E-01  -0.80322E+00      -5.17
  178    173.09   -0.99275  0.87796E+00   0.38387E-01  -0.85531E+00      -4.37
  179    173.56   -0.99370  0.92407E+00   0.33891E-01  -0.90644E+00      -3.67
  180    174.03   -0.99458  0.96962E+00   0.29578E-01  -0.95622E+00      -3.05
  181    174.50   -0.99539  0.10141E+01   0.25472E-01  -0.10042E+01      -2.51
  182    174.97   -0.99614  0.10572E+01   0.21597E-01  -0.10501E+01      -2.04
  183    175.44   -0.99683  0.10983E+01   0.17978E-01  -0.10933E+01      -1.64
  184    175.90   -0.99744  0.11369E+01   0.14637E-01  -0.11337E+01      -1.29
  185    176.37   -0.99799  0.11727E+01   0.11595E-01  -0.11707E+01      -0.99
  186    176.84   -0.99848  0.12052E+01   0.88722E-02  -0.12040E+01      -0.74
  187    177.31   -0.99890  0.12341E+01   0.64873E-02  -0.12335E+01      -0.53
  188    177.78   -0.99925  0.12589E+01   0.44564E-02  -0.12586E+01      -0.35
  189    178.24   -0.99953  0.12794E+01   0.27936E-02  -0.12793E+01      -0.22
  190    178.71   -0.99975  0.12954E+01   0.15105E-02  -0.12953E+01      -0.12
  191    179.18   -0.99990  0.13065E+01   0.61628E-03  -0.13065E+01      -0.05
  192    179.64   -0.99998  0.13128E+01   0.11714E-03  -0.13128E+01      -0.01
  193    180.00   -1.00000  0.13143E+01   0.00000E+00  -0.13143E+01      -0.00

