 alpha final =    570.00000000000000     

     granulo :  rn =  1.0  rm = 0.15  ln sig =  0.290  pour r <  50. mic.
     ======================================================================

                    longueur d onde :  0.560 microns
                    ================================

     indice reel :   1.45000     indice imaginaire : -0.35000E-02


                    nombre de particules :  0.10000E+01

       Sections d extinction et de diffusion ramenees a une particule :
       ----------------------------------------------------------------
     extinction :  0.12709E+00 mic**2     diffusion :  0.12455E+00 mic**2

            Pizero : 0.979960                 g.assymetrie : 0.67105

 ------------------------------------------------------------------------------
   j      theta       mu         i             q             u         -q/i*100
 ------------------------------------------------------------------------------
 -193      0.00    1.00000  0.77784E+01   0.00000E+00   0.77784E+01      -0.00
 -192      0.36    0.99998  0.77777E+01  -0.59997E-04   0.77777E+01       0.00
 -191      0.82    0.99990  0.77747E+01  -0.31600E-03   0.77747E+01       0.00
 -190      1.29    0.99975  0.77692E+01  -0.77607E-03   0.77692E+01       0.01
 -189      1.76    0.99953  0.77614E+01  -0.14395E-02   0.77614E+01       0.02
 -188      2.22    0.99925  0.77511E+01  -0.23050E-02   0.77511E+01       0.03
 -187      2.69    0.99890  0.77384E+01  -0.33710E-02   0.77384E+01       0.04
 -186      3.16    0.99848  0.77234E+01  -0.46355E-02   0.77234E+01       0.06
 -185      3.63    0.99799  0.77060E+01  -0.60963E-02   0.77059E+01       0.08
 -184      4.10    0.99744  0.76862E+01  -0.77506E-02   0.76862E+01       0.10
 -183      4.56    0.99683  0.76641E+01  -0.95955E-02   0.76641E+01       0.13
 -182      5.03    0.99614  0.76397E+01  -0.11627E-01   0.76397E+01       0.15
 -181      5.50    0.99539  0.76131E+01  -0.13843E-01   0.76130E+01       0.18
 -180      5.97    0.99458  0.75842E+01  -0.16238E-01   0.75841E+01       0.21
 -179      6.44    0.99370  0.75531E+01  -0.18807E-01   0.75530E+01       0.25
 -178      6.91    0.99275  0.75198E+01  -0.21548E-01   0.75197E+01       0.29
 -177      7.37    0.99173  0.74844E+01  -0.24454E-01   0.74843E+01       0.33
 -176      7.84    0.99065  0.74469E+01  -0.27520E-01   0.74467E+01       0.37
 -175      8.31    0.98950  0.74073E+01  -0.30740E-01   0.74071E+01       0.42
 -174      8.78    0.98829  0.73657E+01  -0.34110E-01   0.73655E+01       0.46
 -173      9.25    0.98701  0.73221E+01  -0.37624E-01   0.73218E+01       0.51
 -172      9.71    0.98566  0.72766E+01  -0.41274E-01   0.72763E+01       0.57
 -171     10.18    0.98425  0.72292E+01  -0.45054E-01   0.72288E+01       0.62
 -170     10.65    0.98277  0.71800E+01  -0.48959E-01   0.71795E+01       0.68
 -169     11.12    0.98123  0.71290E+01  -0.52981E-01   0.71285E+01       0.74
 -168     11.59    0.97962  0.70763E+01  -0.57114E-01   0.70757E+01       0.81
 -167     12.05    0.97795  0.70219E+01  -0.61350E-01   0.70212E+01       0.87
 -166     12.52    0.97621  0.69659E+01  -0.65682E-01   0.69650E+01       0.94
 -165     12.99    0.97440  0.69083E+01  -0.70103E-01   0.69073E+01       1.01
 -164     13.46    0.97254  0.68492E+01  -0.74605E-01   0.68481E+01       1.09
 -163     13.93    0.97060  0.67887E+01  -0.79182E-01   0.67874E+01       1.17
 -162     14.40    0.96860  0.67268E+01  -0.83826E-01   0.67253E+01       1.25
 -161     14.86    0.96654  0.66635E+01  -0.88528E-01   0.66618E+01       1.33
 -160     15.33    0.96441  0.65990E+01  -0.93283E-01   0.65971E+01       1.41
 -159     15.80    0.96222  0.65332E+01  -0.98081E-01   0.65312E+01       1.50
 -158     16.27    0.95996  0.64663E+01  -0.10292E+00   0.64640E+01       1.59
 -157     16.74    0.95764  0.63983E+01  -0.10778E+00   0.63958E+01       1.68
 -156     17.20    0.95526  0.63293E+01  -0.11267E+00   0.63265E+01       1.78
 -155     17.67    0.95281  0.62593E+01  -0.11757E+00   0.62562E+01       1.88
 -154     18.14    0.95030  0.61884E+01  -0.12247E+00   0.61850E+01       1.98
 -153     18.61    0.94772  0.61167E+01  -0.12738E+00   0.61130E+01       2.08
 -152     19.08    0.94508  0.60442E+01  -0.13228E+00   0.60401E+01       2.19
 -151     19.54    0.94238  0.59709E+01  -0.13716E+00   0.59665E+01       2.30
 -150     20.01    0.93961  0.58970E+01  -0.14202E+00   0.58922E+01       2.41
 -149     20.48    0.93679  0.58225E+01  -0.14686E+00   0.58172E+01       2.52
 -148     20.95    0.93390  0.57474E+01  -0.15166E+00   0.57417E+01       2.64
 -147     21.42    0.93094  0.56718E+01  -0.15641E+00   0.56657E+01       2.76
 -146     21.89    0.92793  0.55959E+01  -0.16112E+00   0.55893E+01       2.88
 -145     22.35    0.92485  0.55195E+01  -0.16578E+00   0.55124E+01       3.00
 -144     22.82    0.92171  0.54428E+01  -0.17037E+00   0.54352E+01       3.13
 -143     23.29    0.91851  0.53659E+01  -0.17490E+00   0.53577E+01       3.26
 -142     23.76    0.91525  0.52887E+01  -0.17936E+00   0.52800E+01       3.39
 -141     24.23    0.91193  0.52114E+01  -0.18374E+00   0.52022E+01       3.53
 -140     24.69    0.90855  0.51340E+01  -0.18804E+00   0.51241E+01       3.66
 -139     25.16    0.90510  0.50565E+01  -0.19226E+00   0.50461E+01       3.80
 -138     25.63    0.90160  0.49790E+01  -0.19638E+00   0.49680E+01       3.94
 -137     26.10    0.89804  0.49016E+01  -0.20041E+00   0.48899E+01       4.09
 -136     26.57    0.89441  0.48243E+01  -0.20433E+00   0.48119E+01       4.24
 -135     27.04    0.89073  0.47471E+01  -0.20816E+00   0.47340E+01       4.38
 -134     27.50    0.88698  0.46701E+01  -0.21187E+00   0.46563E+01       4.54
 -133     27.97    0.88318  0.45933E+01  -0.21548E+00   0.45788E+01       4.69
 -132     28.44    0.87932  0.45168E+01  -0.21897E+00   0.45015E+01       4.85
 -131     28.91    0.87540  0.44406E+01  -0.22234E+00   0.44245E+01       5.01
 -130     29.38    0.87142  0.43648E+01  -0.22559E+00   0.43479E+01       5.17
 -129     29.84    0.86738  0.42893E+01  -0.22872E+00   0.42717E+01       5.33
 -128     30.31    0.86329  0.42143E+01  -0.23173E+00   0.41958E+01       5.50
 -127     30.78    0.85914  0.41397E+01  -0.23461E+00   0.41204E+01       5.67
 -126     31.25    0.85493  0.40657E+01  -0.23736E+00   0.40455E+01       5.84
 -125     31.72    0.85066  0.39921E+01  -0.23998E+00   0.39711E+01       6.01
 -124     32.18    0.84634  0.39191E+01  -0.24247E+00   0.38972E+01       6.19
 -123     32.65    0.84195  0.38467E+01  -0.24482E+00   0.38239E+01       6.36
 -122     33.12    0.83752  0.37750E+01  -0.24705E+00   0.37512E+01       6.54
 -121     33.59    0.83303  0.37038E+01  -0.24913E+00   0.36792E+01       6.73
 -120     34.06    0.82848  0.36333E+01  -0.25109E+00   0.36078E+01       6.91
 -119     34.53    0.82387  0.35636E+01  -0.25291E+00   0.35370E+01       7.10
 -118     34.99    0.81922  0.34945E+01  -0.25459E+00   0.34670E+01       7.29
 -117     35.46    0.81450  0.34262E+01  -0.25614E+00   0.33977E+01       7.48
 -116     35.93    0.80974  0.33586E+01  -0.25756E+00   0.33292E+01       7.67
 -115     36.40    0.80491  0.32918E+01  -0.25884E+00   0.32614E+01       7.86
 -114     36.87    0.80004  0.32258E+01  -0.25999E+00   0.31944E+01       8.06
 -113     37.33    0.79511  0.31606E+01  -0.26100E+00   0.31282E+01       8.26
 -112     37.80    0.79013  0.30962E+01  -0.26189E+00   0.30629E+01       8.46
 -111     38.27    0.78509  0.30326E+01  -0.26265E+00   0.29983E+01       8.66
 -110     38.74    0.78001  0.29699E+01  -0.26327E+00   0.29346E+01       8.86
 -109     39.21    0.77487  0.29081E+01  -0.26378E+00   0.28718E+01       9.07
 -108     39.67    0.76968  0.28471E+01  -0.26415E+00   0.28098E+01       9.28
 -107     40.14    0.76444  0.27870E+01  -0.26440E+00   0.27487E+01       9.49
 -106     40.61    0.75914  0.27277E+01  -0.26454E+00   0.26885E+01       9.70
 -105     41.08    0.75380  0.26694E+01  -0.26455E+00   0.26291E+01       9.91
 -104     41.55    0.74841  0.26120E+01  -0.26444E+00   0.25707E+01      10.12
 -103     42.02    0.74296  0.25554E+01  -0.26422E+00   0.25132E+01      10.34
 -102     42.48    0.73747  0.24998E+01  -0.26389E+00   0.24565E+01      10.56
 -101     42.95    0.73193  0.24451E+01  -0.26345E+00   0.24008E+01      10.77
 -100     43.42    0.72633  0.23912E+01  -0.26290E+00   0.23460E+01      10.99
  -99     43.89    0.72069  0.23383E+01  -0.26225E+00   0.22921E+01      11.22
  -98     44.36    0.71501  0.22863E+01  -0.26149E+00   0.22392E+01      11.44
  -97     44.82    0.70927  0.22352E+01  -0.26063E+00   0.21871E+01      11.66
  -96     45.29    0.70349  0.21850E+01  -0.25968E+00   0.21360E+01      11.88
  -95     45.76    0.69766  0.21357E+01  -0.25863E+00   0.20858E+01      12.11
  -94     46.23    0.69178  0.20873E+01  -0.25749E+00   0.20364E+01      12.34
  -93     46.70    0.68586  0.20398E+01  -0.25627E+00   0.19880E+01      12.56
  -92     47.17    0.67989  0.19932E+01  -0.25496E+00   0.19405E+01      12.79
  -91     47.63    0.67387  0.19475E+01  -0.25356E+00   0.18939E+01      13.02
  -90     48.10    0.66781  0.19027E+01  -0.25209E+00   0.18482E+01      13.25
  -89     48.57    0.66171  0.18587E+01  -0.25054E+00   0.18034E+01      13.48
  -88     49.04    0.65556  0.18157E+01  -0.24892E+00   0.17594E+01      13.71
  -87     49.51    0.64937  0.17734E+01  -0.24723E+00   0.17164E+01      13.94
  -86     49.97    0.64313  0.17321E+01  -0.24547E+00   0.16742E+01      14.17
  -85     50.44    0.63686  0.16915E+01  -0.24365E+00   0.16328E+01      14.40
  -84     50.91    0.63054  0.16519E+01  -0.24176E+00   0.15924E+01      14.64
  -83     51.38    0.62417  0.16130E+01  -0.23982E+00   0.15527E+01      14.87
  -82     51.85    0.61777  0.15750E+01  -0.23782E+00   0.15139E+01      15.10
  -81     52.31    0.61132  0.15378E+01  -0.23577E+00   0.14760E+01      15.33
  -80     52.78    0.60484  0.15014E+01  -0.23367E+00   0.14388E+01      15.56
  -79     53.25    0.59831  0.14657E+01  -0.23152E+00   0.14025E+01      15.80
  -78     53.72    0.59174  0.14309E+01  -0.22933E+00   0.13669E+01      16.03
  -77     54.19    0.58514  0.13968E+01  -0.22710E+00   0.13322E+01      16.26
  -76     54.66    0.57849  0.13635E+01  -0.22483E+00   0.12982E+01      16.49
  -75     55.12    0.57181  0.13310E+01  -0.22253E+00   0.12650E+01      16.72
  -74     55.59    0.56509  0.12991E+01  -0.22019E+00   0.12325E+01      16.95
  -73     56.06    0.55833  0.12680E+01  -0.21782E+00   0.12008E+01      17.18
  -72     56.53    0.55153  0.12377E+01  -0.21542E+00   0.11698E+01      17.41
  -71     57.00    0.54470  0.12080E+01  -0.21300E+00   0.11396E+01      17.63
  -70     57.46    0.53783  0.11790E+01  -0.21056E+00   0.11101E+01      17.86
  -69     57.93    0.53092  0.11507E+01  -0.20809E+00   0.10812E+01      18.08
  -68     58.40    0.52398  0.11231E+01  -0.20561E+00   0.10531E+01      18.31
  -67     58.87    0.51700  0.10961E+01  -0.20311E+00   0.10256E+01      18.53
  -66     59.34    0.50999  0.10698E+01  -0.20060E+00   0.99880E+00      18.75
  -65     59.80    0.50294  0.10441E+01  -0.19808E+00   0.97265E+00      18.97
  -64     60.27    0.49587  0.10191E+01  -0.19555E+00   0.94714E+00      19.19
  -63     60.74    0.48875  0.99462E+00  -0.19301E+00   0.92226E+00      19.41
  -62     61.21    0.48161  0.97077E+00  -0.19046E+00   0.89800E+00      19.62
  -61     61.68    0.47443  0.94751E+00  -0.18791E+00   0.87434E+00      19.83
  -60     62.15    0.46723  0.92483E+00  -0.18536E+00   0.85128E+00      20.04
  -59     62.61    0.45999  0.90272E+00  -0.18282E+00   0.82881E+00      20.25
  -58     63.08    0.45272  0.88115E+00  -0.18027E+00   0.80690E+00      20.46
  -57     63.55    0.44542  0.86013E+00  -0.17772E+00   0.78556E+00      20.66
  -56     64.02    0.43809  0.83965E+00  -0.17519E+00   0.76476E+00      20.86
  -55     64.49    0.43073  0.81968E+00  -0.17266E+00   0.74450E+00      21.06
  -54     64.95    0.42334  0.80022E+00  -0.17013E+00   0.72477E+00      21.26
  -53     65.42    0.41592  0.78126E+00  -0.16762E+00   0.70555E+00      21.45
  -52     65.89    0.40848  0.76279E+00  -0.16512E+00   0.68684E+00      21.65
  -51     66.36    0.40101  0.74479E+00  -0.16263E+00   0.66862E+00      21.84
  -50     66.83    0.39351  0.72726E+00  -0.16015E+00   0.65088E+00      22.02
  -49     67.30    0.38598  0.71019E+00  -0.15769E+00   0.63361E+00      22.20
  -48     67.76    0.37843  0.69356E+00  -0.15524E+00   0.61680E+00      22.38
  -47     68.23    0.37086  0.67737E+00  -0.15282E+00   0.60044E+00      22.56
  -46     68.70    0.36326  0.66160E+00  -0.15041E+00   0.58452E+00      22.73
  -45     69.17    0.35563  0.64624E+00  -0.14801E+00   0.56903E+00      22.90
  -44     69.64    0.34798  0.63129E+00  -0.14564E+00   0.55395E+00      23.07
  -43     70.10    0.34031  0.61674E+00  -0.14329E+00   0.53929E+00      23.23
  -42     70.57    0.33262  0.60257E+00  -0.14096E+00   0.52502E+00      23.39
  -41     71.04    0.32490  0.58878E+00  -0.13865E+00   0.51114E+00      23.55
  -40     71.51    0.31716  0.57535E+00  -0.13637E+00   0.49765E+00      23.70
  -39     71.98    0.30941  0.56228E+00  -0.13410E+00   0.48452E+00      23.85
  -38     72.44    0.30163  0.54957E+00  -0.13187E+00   0.47175E+00      23.99
  -37     72.91    0.29383  0.53719E+00  -0.12965E+00   0.45934E+00      24.14
  -36     73.38    0.28601  0.52514E+00  -0.12746E+00   0.44727E+00      24.27
  -35     73.85    0.27817  0.51342E+00  -0.12530E+00   0.43553E+00      24.40
  -34     74.32    0.27031  0.50202E+00  -0.12316E+00   0.42411E+00      24.53
  -33     74.79    0.26243  0.49092E+00  -0.12105E+00   0.41302E+00      24.66
  -32     75.25    0.25454  0.48012E+00  -0.11896E+00   0.40223E+00      24.78
  -31     75.72    0.24663  0.46961E+00  -0.11691E+00   0.39174E+00      24.89
  -30     76.19    0.23871  0.45939E+00  -0.11487E+00   0.38155E+00      25.01
  -29     76.66    0.23076  0.44944E+00  -0.11287E+00   0.37164E+00      25.11
  -28     77.13    0.22281  0.43977E+00  -0.11089E+00   0.36201E+00      25.22
  -27     77.59    0.21483  0.43035E+00  -0.10894E+00   0.35264E+00      25.31
  -26     78.06    0.20685  0.42119E+00  -0.10702E+00   0.34354E+00      25.41
  -25     78.53    0.19885  0.41228E+00  -0.10512E+00   0.33470E+00      25.50
  -24     79.00    0.19083  0.40362E+00  -0.10325E+00   0.32610E+00      25.58
  -23     79.47    0.18280  0.39518E+00  -0.10141E+00   0.31774E+00      25.66
  -22     79.93    0.17477  0.38698E+00  -0.99602E-01   0.30962E+00      25.74
  -21     80.40    0.16671  0.37900E+00  -0.97816E-01   0.30172E+00      25.81
  -20     80.87    0.15865  0.37123E+00  -0.96058E-01   0.29404E+00      25.88
  -19     81.34    0.15058  0.36368E+00  -0.94327E-01   0.28658E+00      25.94
  -18     81.81    0.14250  0.35633E+00  -0.92623E-01   0.27933E+00      25.99
  -17     82.28    0.13441  0.34919E+00  -0.90946E-01   0.27228E+00      26.05
  -16     82.74    0.12631  0.34223E+00  -0.89296E-01   0.26543E+00      26.09
  -15     83.21    0.11820  0.33547E+00  -0.87673E-01   0.25877E+00      26.13
  -14     83.68    0.11008  0.32889E+00  -0.86075E-01   0.25229E+00      26.17
  -13     84.15    0.10195  0.32248E+00  -0.84504E-01   0.24599E+00      26.20
  -12     84.62    0.09382  0.31625E+00  -0.82958E-01   0.23987E+00      26.23
  -11     85.08    0.08569  0.31019E+00  -0.81439E-01   0.23391E+00      26.25
  -10     85.55    0.07754  0.30430E+00  -0.79944E-01   0.22812E+00      26.27
   -9     86.02    0.06939  0.29856E+00  -0.78474E-01   0.22249E+00      26.28
   -8     86.49    0.06124  0.29298E+00  -0.77029E-01   0.21702E+00      26.29
   -7     86.96    0.05308  0.28755E+00  -0.75608E-01   0.21169E+00      26.29
   -6     87.43    0.04492  0.28226E+00  -0.74211E-01   0.20651E+00      26.29
   -5     87.89    0.03676  0.27712E+00  -0.72838E-01   0.20147E+00      26.28
   -4     88.36    0.02859  0.27212E+00  -0.71488E-01   0.19656E+00      26.27
   -3     88.83    0.02043  0.26725E+00  -0.70161E-01   0.19179E+00      26.25
   -2     89.30    0.01226  0.26251E+00  -0.68856E-01   0.18714E+00      26.23
   -1     89.77    0.00409  0.25790E+00  -0.67573E-01   0.18262E+00      26.20
    0     90.00    0.00000  0.25564E+00  -0.66940E-01   0.18040E+00      26.19
    1     90.23   -0.00409  0.25341E+00  -0.66312E-01   0.17821E+00      26.17
    2     90.70   -0.01226  0.24904E+00  -0.65073E-01   0.17393E+00      26.13
    3     91.17   -0.02043  0.24479E+00  -0.63854E-01   0.16975E+00      26.09
    4     91.64   -0.02859  0.24065E+00  -0.62656E-01   0.16568E+00      26.04
    5     92.11   -0.03676  0.23662E+00  -0.61478E-01   0.16172E+00      25.98
    6     92.57   -0.04492  0.23270E+00  -0.60319E-01   0.15786E+00      25.92
    7     93.04   -0.05308  0.22888E+00  -0.59180E-01   0.15410E+00      25.86
    8     93.51   -0.06124  0.22516E+00  -0.58059E-01   0.15043E+00      25.79
    9     93.98   -0.06939  0.22155E+00  -0.56957E-01   0.14685E+00      25.71
   10     94.45   -0.07754  0.21802E+00  -0.55873E-01   0.14336E+00      25.63
   11     94.92   -0.08569  0.21459E+00  -0.54806E-01   0.13996E+00      25.54
   12     95.38   -0.09382  0.21125E+00  -0.53756E-01   0.13664E+00      25.45
   13     95.85   -0.10195  0.20800E+00  -0.52723E-01   0.13340E+00      25.35
   14     96.32   -0.11008  0.20484E+00  -0.51706E-01   0.13023E+00      25.24
   15     96.79   -0.11820  0.20175E+00  -0.50705E-01   0.12714E+00      25.13
   16     97.26   -0.12631  0.19875E+00  -0.49719E-01   0.12412E+00      25.02
   17     97.72   -0.13441  0.19583E+00  -0.48748E-01   0.12117E+00      24.89
   18     98.19   -0.14250  0.19298E+00  -0.47792E-01   0.11829E+00      24.77
   19     98.66   -0.15058  0.19020E+00  -0.46850E-01   0.11547E+00      24.63
   20     99.13   -0.15865  0.18750E+00  -0.45921E-01   0.11271E+00      24.49
   21     99.60   -0.16671  0.18487E+00  -0.45006E-01   0.11001E+00      24.34
   22    100.07   -0.17477  0.18231E+00  -0.44103E-01   0.10737E+00      24.19
   23    100.53   -0.18280  0.17981E+00  -0.43213E-01   0.10478E+00      24.03
   24    101.00   -0.19083  0.17738E+00  -0.42335E-01   0.10225E+00      23.87
   25    101.47   -0.19885  0.17501E+00  -0.41468E-01   0.99767E-01      23.69
   26    101.94   -0.20685  0.17270E+00  -0.40613E-01   0.97332E-01      23.52
   27    102.41   -0.21483  0.17045E+00  -0.39769E-01   0.94943E-01      23.33
   28    102.87   -0.22281  0.16826E+00  -0.38935E-01   0.92599E-01      23.14
   29    103.34   -0.23076  0.16613E+00  -0.38111E-01   0.90299E-01      22.94
   30    103.81   -0.23871  0.16405E+00  -0.37297E-01   0.88039E-01      22.73
   31    104.28   -0.24663  0.16203E+00  -0.36492E-01   0.85818E-01      22.52
   32    104.75   -0.25454  0.16005E+00  -0.35697E-01   0.83636E-01      22.30
   33    105.21   -0.26243  0.15813E+00  -0.34910E-01   0.81489E-01      22.08
   34    105.68   -0.27031  0.15626E+00  -0.34131E-01   0.79377E-01      21.84
   35    106.15   -0.27817  0.15444E+00  -0.33361E-01   0.77297E-01      21.60
   36    106.62   -0.28601  0.15266E+00  -0.32598E-01   0.75248E-01      21.35
   37    107.09   -0.29383  0.15093E+00  -0.31842E-01   0.73230E-01      21.10
   38    107.56   -0.30163  0.14924E+00  -0.31094E-01   0.71240E-01      20.83
   39    108.02   -0.30941  0.14760E+00  -0.30352E-01   0.69276E-01      20.56
   40    108.49   -0.31716  0.14600E+00  -0.29617E-01   0.67338E-01      20.28
   41    108.96   -0.32490  0.14445E+00  -0.28888E-01   0.65424E-01      20.00
   42    109.43   -0.33262  0.14293E+00  -0.28165E-01   0.63533E-01      19.71
   43    109.90   -0.34031  0.14145E+00  -0.27448E-01   0.61664E-01      19.40
   44    110.36   -0.34798  0.14002E+00  -0.26736E-01   0.59815E-01      19.09
   45    110.83   -0.35563  0.13862E+00  -0.26029E-01   0.57986E-01      18.78
   46    111.30   -0.36326  0.13725E+00  -0.25327E-01   0.56174E-01      18.45
   47    111.77   -0.37086  0.13593E+00  -0.24630E-01   0.54379E-01      18.12
   48    112.24   -0.37843  0.13464E+00  -0.23938E-01   0.52600E-01      17.78
   49    112.70   -0.38598  0.13338E+00  -0.23250E-01   0.50835E-01      17.43
   50    113.17   -0.39351  0.13216E+00  -0.22566E-01   0.49085E-01      17.07
   51    113.64   -0.40101  0.13097E+00  -0.21886E-01   0.47346E-01      16.71
   52    114.11   -0.40848  0.12982E+00  -0.21210E-01   0.45620E-01      16.34
   53    114.58   -0.41592  0.12870E+00  -0.20538E-01   0.43904E-01      15.96
   54    115.05   -0.42334  0.12760E+00  -0.19869E-01   0.42198E-01      15.57
   55    115.51   -0.43073  0.12654E+00  -0.19204E-01   0.40501E-01      15.18
   56    115.98   -0.43809  0.12551E+00  -0.18541E-01   0.38812E-01      14.77
   57    116.45   -0.44542  0.12451E+00  -0.17882E-01   0.37129E-01      14.36
   58    116.92   -0.45272  0.12354E+00  -0.17227E-01   0.35454E-01      13.94
   59    117.39   -0.45999  0.12260E+00  -0.16574E-01   0.33783E-01      13.52
   60    117.85   -0.46723  0.12168E+00  -0.15924E-01   0.32118E-01      13.09
   61    118.32   -0.47443  0.12080E+00  -0.15277E-01   0.30456E-01      12.65
   62    118.79   -0.48161  0.11994E+00  -0.14632E-01   0.28798E-01      12.20
   63    119.26   -0.48875  0.11911E+00  -0.13991E-01   0.27142E-01      11.75
   64    119.73   -0.49587  0.11830E+00  -0.13352E-01   0.25489E-01      11.29
   65    120.20   -0.50294  0.11752E+00  -0.12716E-01   0.23836E-01      10.82
   66    120.66   -0.50999  0.11677E+00  -0.12083E-01   0.22184E-01      10.35
   67    121.13   -0.51700  0.11604E+00  -0.11453E-01   0.20532E-01       9.87
   68    121.60   -0.52398  0.11534E+00  -0.10826E-01   0.18880E-01       9.39
   69    122.07   -0.53092  0.11466E+00  -0.10201E-01   0.17226E-01       8.90
   70    122.54   -0.53783  0.11401E+00  -0.95793E-02   0.15571E-01       8.40
   71    123.00   -0.54470  0.11338E+00  -0.89606E-02   0.13914E-01       7.90
   72    123.47   -0.55153  0.11278E+00  -0.83450E-02   0.12254E-01       7.40
   73    123.94   -0.55833  0.11220E+00  -0.77326E-02   0.10591E-01       6.89
   74    124.41   -0.56509  0.11164E+00  -0.71235E-02   0.89248E-02       6.38
   75    124.88   -0.57181  0.11111E+00  -0.65177E-02   0.72545E-02       5.87
   76    125.34   -0.57849  0.11060E+00  -0.59155E-02   0.55798E-02       5.35
   77    125.81   -0.58514  0.11011E+00  -0.53170E-02   0.39006E-02       4.83
   78    126.28   -0.59174  0.10965E+00  -0.47223E-02   0.22163E-02       4.31
   79    126.75   -0.59831  0.10921E+00  -0.41316E-02   0.52671E-03       3.78
   80    127.22   -0.60484  0.10879E+00  -0.35451E-02  -0.11685E-02       3.26
   81    127.69   -0.61132  0.10840E+00  -0.29630E-02  -0.28695E-02       2.73
   82    128.15   -0.61777  0.10802E+00  -0.23854E-02  -0.45766E-02       2.21
   83    128.62   -0.62417  0.10767E+00  -0.18127E-02  -0.62901E-02       1.68
   84    129.09   -0.63054  0.10735E+00  -0.12450E-02  -0.80101E-02       1.16
   85    129.56   -0.63686  0.10704E+00  -0.68261E-03  -0.97367E-02       0.64
   86    130.03   -0.64313  0.10675E+00  -0.12570E-03  -0.11470E-01       0.12
   87    130.49   -0.64937  0.10649E+00   0.42542E-03  -0.13211E-01      -0.40
   88    130.96   -0.65556  0.10625E+00   0.97050E-03  -0.14958E-01      -0.91
   89    131.43   -0.66171  0.10604E+00   0.15092E-02  -0.16713E-01      -1.42
   90    131.90   -0.66781  0.10584E+00   0.20414E-02  -0.18474E-01      -1.93
   91    132.37   -0.67387  0.10566E+00   0.25666E-02  -0.20243E-01      -2.43
   92    132.83   -0.67989  0.10551E+00   0.30846E-02  -0.22019E-01      -2.92
   93    133.30   -0.68586  0.10538E+00   0.35951E-02  -0.23802E-01      -3.41
   94    133.77   -0.69178  0.10527E+00   0.40977E-02  -0.25593E-01      -3.89
   95    134.24   -0.69766  0.10519E+00   0.45922E-02  -0.27390E-01      -4.37
   96    134.71   -0.70349  0.10512E+00   0.50781E-02  -0.29194E-01      -4.83
   97    135.18   -0.70927  0.10508E+00   0.55552E-02  -0.31005E-01      -5.29
   98    135.64   -0.71501  0.10506E+00   0.60232E-02  -0.32822E-01      -5.73
   99    136.11   -0.72069  0.10506E+00   0.64815E-02  -0.34646E-01      -6.17
  100    136.58   -0.72633  0.10508E+00   0.69300E-02  -0.36476E-01      -6.59
  101    137.05   -0.73193  0.10512E+00   0.73683E-02  -0.38312E-01      -7.01
  102    137.52   -0.73747  0.10519E+00   0.77960E-02  -0.40154E-01      -7.41
  103    137.98   -0.74296  0.10528E+00   0.82127E-02  -0.42001E-01      -7.80
  104    138.45   -0.74841  0.10539E+00   0.86182E-02  -0.43853E-01      -8.18
  105    138.92   -0.75380  0.10552E+00   0.90119E-02  -0.45710E-01      -8.54
  106    139.39   -0.75914  0.10567E+00   0.93937E-02  -0.47571E-01      -8.89
  107    139.86   -0.76444  0.10585E+00   0.97631E-02  -0.49437E-01      -9.22
  108    140.33   -0.76968  0.10605E+00   0.10120E-01  -0.51306E-01      -9.54
  109    140.79   -0.77487  0.10627E+00   0.10464E-01  -0.53178E-01      -9.85
  110    141.26   -0.78001  0.10651E+00   0.10794E-01  -0.55053E-01     -10.13
  111    141.73   -0.78509  0.10677E+00   0.11110E-01  -0.56930E-01     -10.41
  112    142.20   -0.79013  0.10705E+00   0.11413E-01  -0.58809E-01     -10.66
  113    142.67   -0.79511  0.10736E+00   0.11701E-01  -0.60690E-01     -10.90
  114    143.13   -0.80004  0.10769E+00   0.11975E-01  -0.62571E-01     -11.12
  115    143.60   -0.80491  0.10804E+00   0.12233E-01  -0.64452E-01     -11.32
  116    144.07   -0.80974  0.10841E+00   0.12477E-01  -0.66333E-01     -11.51
  117    144.54   -0.81450  0.10880E+00   0.12705E-01  -0.68213E-01     -11.68
  118    145.01   -0.81922  0.10921E+00   0.12917E-01  -0.70091E-01     -11.83
  119    145.47   -0.82387  0.10965E+00   0.13113E-01  -0.71967E-01     -11.96
  120    145.94   -0.82848  0.11010E+00   0.13293E-01  -0.73841E-01     -12.07
  121    146.41   -0.83303  0.11058E+00   0.13457E-01  -0.75710E-01     -12.17
  122    146.88   -0.83752  0.11107E+00   0.13604E-01  -0.77576E-01     -12.25
  123    147.35   -0.84195  0.11159E+00   0.13734E-01  -0.79436E-01     -12.31
  124    147.82   -0.84634  0.11213E+00   0.13847E-01  -0.81291E-01     -12.35
  125    148.28   -0.85066  0.11269E+00   0.13943E-01  -0.83140E-01     -12.37
  126    148.75   -0.85493  0.11326E+00   0.14023E-01  -0.84981E-01     -12.38
  127    149.22   -0.85914  0.11386E+00   0.14085E-01  -0.86815E-01     -12.37
  128    149.69   -0.86329  0.11447E+00   0.14129E-01  -0.88640E-01     -12.34
  129    150.16   -0.86738  0.11510E+00   0.14157E-01  -0.90456E-01     -12.30
  130    150.62   -0.87142  0.11576E+00   0.14167E-01  -0.92262E-01     -12.24
  131    151.09   -0.87540  0.11643E+00   0.14160E-01  -0.94057E-01     -12.16
  132    151.56   -0.87932  0.11711E+00   0.14136E-01  -0.95841E-01     -12.07
  133    152.03   -0.88318  0.11781E+00   0.14095E-01  -0.97612E-01     -11.96
  134    152.50   -0.88698  0.11853E+00   0.14037E-01  -0.99370E-01     -11.84
  135    152.96   -0.89073  0.11927E+00   0.13962E-01  -0.10111E+00     -11.71
  136    153.43   -0.89441  0.12002E+00   0.13870E-01  -0.10284E+00     -11.56
  137    153.90   -0.89804  0.12079E+00   0.13762E-01  -0.10456E+00     -11.39
  138    154.37   -0.90160  0.12157E+00   0.13638E-01  -0.10626E+00     -11.22
  139    154.84   -0.90510  0.12236E+00   0.13498E-01  -0.10794E+00     -11.03
  140    155.31   -0.90855  0.12316E+00   0.13343E-01  -0.10960E+00     -10.83
  141    155.77   -0.91193  0.12398E+00   0.13172E-01  -0.11124E+00     -10.62
  142    156.24   -0.91525  0.12481E+00   0.12986E-01  -0.11287E+00     -10.40
  143    156.71   -0.91851  0.12565E+00   0.12786E-01  -0.11447E+00     -10.18
  144    157.18   -0.92171  0.12650E+00   0.12572E-01  -0.11606E+00      -9.94
  145    157.65   -0.92485  0.12736E+00   0.12345E-01  -0.11762E+00      -9.69
  146    158.11   -0.92793  0.12822E+00   0.12105E-01  -0.11916E+00      -9.44
  147    158.58   -0.93094  0.12909E+00   0.11852E-01  -0.12068E+00      -9.18
  148    159.05   -0.93390  0.12997E+00   0.11587E-01  -0.12217E+00      -8.92
  149    159.52   -0.93679  0.13085E+00   0.11311E-01  -0.12364E+00      -8.64
  150    159.99   -0.93961  0.13174E+00   0.11025E-01  -0.12509E+00      -8.37
  151    160.46   -0.94238  0.13263E+00   0.10728E-01  -0.12651E+00      -8.09
  152    160.92   -0.94508  0.13352E+00   0.10422E-01  -0.12790E+00      -7.81
  153    161.39   -0.94772  0.13442E+00   0.10108E-01  -0.12927E+00      -7.52
  154    161.86   -0.95030  0.13531E+00   0.97859E-02  -0.13061E+00      -7.23
  155    162.33   -0.95281  0.13620E+00   0.94567E-02  -0.13192E+00      -6.94
  156    162.80   -0.95526  0.13709E+00   0.91214E-02  -0.13320E+00      -6.65
  157    163.26   -0.95764  0.13797E+00   0.87806E-02  -0.13445E+00      -6.36
  158    163.73   -0.95996  0.13885E+00   0.84352E-02  -0.13568E+00      -6.08
  159    164.20   -0.96222  0.13972E+00   0.80861E-02  -0.13687E+00      -5.79
  160    164.67   -0.96441  0.14059E+00   0.77340E-02  -0.13804E+00      -5.50
  161    165.14   -0.96654  0.14144E+00   0.73800E-02  -0.13917E+00      -5.22
  162    165.60   -0.96860  0.14229E+00   0.70248E-02  -0.14027E+00      -4.94
  163    166.07   -0.97060  0.14313E+00   0.66694E-02  -0.14134E+00      -4.66
  164    166.54   -0.97254  0.14395E+00   0.63147E-02  -0.14238E+00      -4.39
  165    167.01   -0.97440  0.14476E+00   0.59616E-02  -0.14338E+00      -4.12
  166    167.48   -0.97621  0.14555E+00   0.56109E-02  -0.14435E+00      -3.85
  167    167.95   -0.97795  0.14633E+00   0.52636E-02  -0.14529E+00      -3.60
  168    168.41   -0.97962  0.14709E+00   0.49206E-02  -0.14620E+00      -3.35
  169    168.88   -0.98123  0.14783E+00   0.45828E-02  -0.14707E+00      -3.10
  170    169.35   -0.98277  0.14855E+00   0.42510E-02  -0.14791E+00      -2.86
  171    169.82   -0.98425  0.14925E+00   0.39262E-02  -0.14871E+00      -2.63
  172    170.29   -0.98566  0.14993E+00   0.36093E-02  -0.14948E+00      -2.41
  173    170.75   -0.98701  0.15058E+00   0.33009E-02  -0.15021E+00      -2.19
  174    171.22   -0.98829  0.15121E+00   0.30020E-02  -0.15091E+00      -1.99
  175    171.69   -0.98950  0.15182E+00   0.27135E-02  -0.15157E+00      -1.79
  176    172.16   -0.99065  0.15240E+00   0.24359E-02  -0.15220E+00      -1.60
  177    172.63   -0.99173  0.15295E+00   0.21702E-02  -0.15279E+00      -1.42
  178    173.09   -0.99275  0.15347E+00   0.19170E-02  -0.15335E+00      -1.25
  179    173.56   -0.99370  0.15396E+00   0.16771E-02  -0.15387E+00      -1.09
  180    174.03   -0.99458  0.15442E+00   0.14510E-02  -0.15435E+00      -0.94
  181    174.50   -0.99539  0.15485E+00   0.12394E-02  -0.15480E+00      -0.80
  182    174.97   -0.99614  0.15525E+00   0.10430E-02  -0.15521E+00      -0.67
  183    175.44   -0.99683  0.15561E+00   0.86210E-03  -0.15559E+00      -0.55
  184    175.90   -0.99744  0.15594E+00   0.69739E-03  -0.15593E+00      -0.45
  185    176.37   -0.99799  0.15624E+00   0.54926E-03  -0.15623E+00      -0.35
  186    176.84   -0.99848  0.15650E+00   0.41813E-03  -0.15650E+00      -0.27
  187    177.31   -0.99890  0.15673E+00   0.30437E-03  -0.15672E+00      -0.19
  188    177.78   -0.99925  0.15692E+00   0.20829E-03  -0.15692E+00      -0.13
  189    178.24   -0.99953  0.15707E+00   0.13017E-03  -0.15707E+00      -0.08
  190    178.71   -0.99975  0.15719E+00   0.70214E-04  -0.15719E+00      -0.04
  191    179.18   -0.99990  0.15728E+00   0.28600E-04  -0.15728E+00      -0.02
  192    179.64   -0.99998  0.15732E+00   0.54312E-05  -0.15732E+00      -0.00
  193    180.00   -1.00000  0.15733E+00   0.00000E+00  -0.15733E+00      -0.00

