 alpha final =    708.00000000000000     

     granulo :  rn =  1.0  rm = 0.15  ln sig =  0.290  pour r <  50. mic.
     ======================================================================

                    longueur d onde :  0.450 microns
                    ================================

     indice reel :   1.45000     indice imaginaire : -0.35000E-02


                    nombre de particules :  0.10000E+01

       Sections d extinction et de diffusion ramenees a une particule :
       ----------------------------------------------------------------
     extinction :  0.18515E+00 mic**2     diffusion :  0.18179E+00 mic**2

            Pizero : 0.981854                 g.assymetrie : 0.71831

 ------------------------------------------------------------------------------
   j      theta       mu         i             q             u         -q/i*100
 ------------------------------------------------------------------------------
 -193      0.00    1.00000  0.10504E+02   0.00000E+00   0.10504E+02      -0.00
 -192      0.36    0.99998  0.10503E+02  -0.51735E-04   0.10503E+02       0.00
 -191      0.82    0.99990  0.10497E+02  -0.27243E-03   0.10497E+02       0.00
 -190      1.29    0.99975  0.10486E+02  -0.66882E-03   0.10486E+02       0.01
 -189      1.76    0.99953  0.10471E+02  -0.12399E-02   0.10471E+02       0.01
 -188      2.22    0.99925  0.10452E+02  -0.19841E-02   0.10452E+02       0.02
 -187      2.69    0.99890  0.10427E+02  -0.28992E-02   0.10427E+02       0.03
 -186      3.16    0.99848  0.10399E+02  -0.39828E-02   0.10399E+02       0.04
 -185      3.63    0.99799  0.10365E+02  -0.52318E-02   0.10365E+02       0.05
 -184      4.10    0.99744  0.10328E+02  -0.66428E-02   0.10328E+02       0.06
 -183      4.56    0.99683  0.10285E+02  -0.82118E-02   0.10285E+02       0.08
 -182      5.03    0.99614  0.10239E+02  -0.99344E-02   0.10239E+02       0.10
 -181      5.50    0.99539  0.10188E+02  -0.11806E-01   0.10188E+02       0.12
 -180      5.97    0.99458  0.10134E+02  -0.13821E-01   0.10134E+02       0.14
 -179      6.44    0.99370  0.10075E+02  -0.15975E-01   0.10075E+02       0.16
 -178      6.91    0.99275  0.10012E+02  -0.18261E-01   0.10012E+02       0.18
 -177      7.37    0.99173  0.99453E+01  -0.20673E-01   0.99451E+01       0.21
 -176      7.84    0.99065  0.98748E+01  -0.23205E-01   0.98745E+01       0.23
 -175      8.31    0.98950  0.98006E+01  -0.25850E-01   0.98003E+01       0.26
 -174      8.78    0.98829  0.97228E+01  -0.28601E-01   0.97224E+01       0.29
 -173      9.25    0.98701  0.96416E+01  -0.31450E-01   0.96411E+01       0.33
 -172      9.71    0.98566  0.95571E+01  -0.34390E-01   0.95565E+01       0.36
 -171     10.18    0.98425  0.94693E+01  -0.37414E-01   0.94686E+01       0.40
 -170     10.65    0.98277  0.93785E+01  -0.40514E-01   0.93776E+01       0.43
 -169     11.12    0.98123  0.92846E+01  -0.43681E-01   0.92837E+01       0.47
 -168     11.59    0.97962  0.91880E+01  -0.46907E-01   0.91869E+01       0.51
 -167     12.05    0.97795  0.90886E+01  -0.50186E-01   0.90873E+01       0.55
 -166     12.52    0.97621  0.89867E+01  -0.53507E-01   0.89852E+01       0.60
 -165     12.99    0.97440  0.88824E+01  -0.56863E-01   0.88807E+01       0.64
 -164     13.46    0.97254  0.87758E+01  -0.60247E-01   0.87738E+01       0.69
 -163     13.93    0.97060  0.86670E+01  -0.63649E-01   0.86647E+01       0.73
 -162     14.40    0.96860  0.85562E+01  -0.67062E-01   0.85537E+01       0.78
 -161     14.86    0.96654  0.84435E+01  -0.70477E-01   0.84407E+01       0.83
 -160     15.33    0.96441  0.83291E+01  -0.73888E-01   0.83260E+01       0.89
 -159     15.80    0.96222  0.82131E+01  -0.77285E-01   0.82096E+01       0.94
 -158     16.27    0.95996  0.80957E+01  -0.80661E-01   0.80918E+01       1.00
 -157     16.74    0.95764  0.79769E+01  -0.84009E-01   0.79726E+01       1.05
 -156     17.20    0.95526  0.78570E+01  -0.87322E-01   0.78523E+01       1.11
 -155     17.67    0.95281  0.77360E+01  -0.90592E-01   0.77308E+01       1.17
 -154     18.14    0.95030  0.76141E+01  -0.93812E-01   0.76084E+01       1.23
 -153     18.61    0.94772  0.74914E+01  -0.96977E-01   0.74853E+01       1.29
 -152     19.08    0.94508  0.73681E+01  -0.10008E+00   0.73614E+01       1.36
 -151     19.54    0.94238  0.72442E+01  -0.10311E+00   0.72370E+01       1.42
 -150     20.01    0.93961  0.71199E+01  -0.10607E+00   0.71121E+01       1.49
 -149     20.48    0.93679  0.69954E+01  -0.10895E+00   0.69870E+01       1.56
 -148     20.95    0.93390  0.68707E+01  -0.11175E+00   0.68616E+01       1.63
 -147     21.42    0.93094  0.67459E+01  -0.11445E+00   0.67362E+01       1.70
 -146     21.89    0.92793  0.66212E+01  -0.11706E+00   0.66109E+01       1.77
 -145     22.35    0.92485  0.64967E+01  -0.11957E+00   0.64856E+01       1.84
 -144     22.82    0.92171  0.63725E+01  -0.12198E+00   0.63607E+01       1.91
 -143     23.29    0.91851  0.62486E+01  -0.12429E+00   0.62361E+01       1.99
 -142     23.76    0.91525  0.61252E+01  -0.12648E+00   0.61120E+01       2.06
 -141     24.23    0.91193  0.60025E+01  -0.12856E+00   0.59884E+01       2.14
 -140     24.69    0.90855  0.58803E+01  -0.13053E+00   0.58655E+01       2.22
 -139     25.16    0.90510  0.57589E+01  -0.13237E+00   0.57433E+01       2.30
 -138     25.63    0.90160  0.56384E+01  -0.13410E+00   0.56219E+01       2.38
 -137     26.10    0.89804  0.55188E+01  -0.13571E+00   0.55014E+01       2.46
 -136     26.57    0.89441  0.54001E+01  -0.13720E+00   0.53819E+01       2.54
 -135     27.04    0.89073  0.52826E+01  -0.13856E+00   0.52634E+01       2.62
 -134     27.50    0.88698  0.51661E+01  -0.13980E+00   0.51461E+01       2.71
 -133     27.97    0.88318  0.50509E+01  -0.14092E+00   0.50299E+01       2.79
 -132     28.44    0.87932  0.49369E+01  -0.14191E+00   0.49150E+01       2.87
 -131     28.91    0.87540  0.48242E+01  -0.14278E+00   0.48014E+01       2.96
 -130     29.38    0.87142  0.47129E+01  -0.14352E+00   0.46891E+01       3.05
 -129     29.84    0.86738  0.46030E+01  -0.14415E+00   0.45783E+01       3.13
 -128     30.31    0.86329  0.44945E+01  -0.14465E+00   0.44689E+01       3.22
 -127     30.78    0.85914  0.43876E+01  -0.14503E+00   0.43610E+01       3.31
 -126     31.25    0.85493  0.42821E+01  -0.14529E+00   0.42546E+01       3.39
 -125     31.72    0.85066  0.41783E+01  -0.14544E+00   0.41498E+01       3.48
 -124     32.18    0.84634  0.40760E+01  -0.14547E+00   0.40465E+01       3.57
 -123     32.65    0.84195  0.39754E+01  -0.14538E+00   0.39449E+01       3.66
 -122     33.12    0.83752  0.38764E+01  -0.14519E+00   0.38450E+01       3.75
 -121     33.59    0.83303  0.37791E+01  -0.14489E+00   0.37467E+01       3.83
 -120     34.06    0.82848  0.36835E+01  -0.14448E+00   0.36501E+01       3.92
 -119     34.53    0.82387  0.35895E+01  -0.14397E+00   0.35553E+01       4.01
 -118     34.99    0.81922  0.34973E+01  -0.14336E+00   0.34621E+01       4.10
 -117     35.46    0.81450  0.34069E+01  -0.14265E+00   0.33707E+01       4.19
 -116     35.93    0.80974  0.33181E+01  -0.14185E+00   0.32811E+01       4.28
 -115     36.40    0.80491  0.32312E+01  -0.14096E+00   0.31932E+01       4.36
 -114     36.87    0.80004  0.31459E+01  -0.13999E+00   0.31070E+01       4.45
 -113     37.33    0.79511  0.30624E+01  -0.13893E+00   0.30226E+01       4.54
 -112     37.80    0.79013  0.29806E+01  -0.13779E+00   0.29400E+01       4.62
 -111     38.27    0.78509  0.29006E+01  -0.13657E+00   0.28591E+01       4.71
 -110     38.74    0.78001  0.28223E+01  -0.13528E+00   0.27799E+01       4.79
 -109     39.21    0.77487  0.27457E+01  -0.13392E+00   0.27025E+01       4.88
 -108     39.67    0.76968  0.26709E+01  -0.13249E+00   0.26269E+01       4.96
 -107     40.14    0.76444  0.25977E+01  -0.13101E+00   0.25529E+01       5.04
 -106     40.61    0.75914  0.25262E+01  -0.12946E+00   0.24806E+01       5.12
 -105     41.08    0.75380  0.24564E+01  -0.12786E+00   0.24101E+01       5.21
 -104     41.55    0.74841  0.23883E+01  -0.12621E+00   0.23412E+01       5.28
 -103     42.02    0.74296  0.23218E+01  -0.12451E+00   0.22740E+01       5.36
 -102     42.48    0.73747  0.22569E+01  -0.12277E+00   0.22084E+01       5.44
 -101     42.95    0.73193  0.21936E+01  -0.12098E+00   0.21444E+01       5.52
 -100     43.42    0.72633  0.21319E+01  -0.11916E+00   0.20821E+01       5.59
  -99     43.89    0.72069  0.20718E+01  -0.11731E+00   0.20213E+01       5.66
  -98     44.36    0.71501  0.20132E+01  -0.11543E+00   0.19621E+01       5.73
  -97     44.82    0.70927  0.19561E+01  -0.11351E+00   0.19044E+01       5.80
  -96     45.29    0.70349  0.19006E+01  -0.11158E+00   0.18483E+01       5.87
  -95     45.76    0.69766  0.18465E+01  -0.10963E+00   0.17936E+01       5.94
  -94     46.23    0.69178  0.17938E+01  -0.10765E+00   0.17404E+01       6.00
  -93     46.70    0.68586  0.17426E+01  -0.10567E+00   0.16887E+01       6.06
  -92     47.17    0.67989  0.16927E+01  -0.10367E+00   0.16384E+01       6.12
  -91     47.63    0.67387  0.16442E+01  -0.10166E+00   0.15894E+01       6.18
  -90     48.10    0.66781  0.15971E+01  -0.99651E-01   0.15419E+01       6.24
  -89     48.57    0.66171  0.15513E+01  -0.97635E-01   0.14956E+01       6.29
  -88     49.04    0.65556  0.15067E+01  -0.95620E-01   0.14507E+01       6.35
  -87     49.51    0.64937  0.14635E+01  -0.93606E-01   0.14071E+01       6.40
  -86     49.97    0.64313  0.14214E+01  -0.91596E-01   0.13647E+01       6.44
  -85     50.44    0.63686  0.13806E+01  -0.89593E-01   0.13236E+01       6.49
  -84     50.91    0.63054  0.13410E+01  -0.87599E-01   0.12836E+01       6.53
  -83     51.38    0.62417  0.13025E+01  -0.85616E-01   0.12449E+01       6.57
  -82     51.85    0.61777  0.12651E+01  -0.83645E-01   0.12073E+01       6.61
  -81     52.31    0.61132  0.12289E+01  -0.81689E-01   0.11708E+01       6.65
  -80     52.78    0.60484  0.11937E+01  -0.79750E-01   0.11354E+01       6.68
  -79     53.25    0.59831  0.11596E+01  -0.77829E-01   0.11011E+01       6.71
  -78     53.72    0.59174  0.11264E+01  -0.75927E-01   0.10678E+01       6.74
  -77     54.19    0.58514  0.10943E+01  -0.74047E-01   0.10356E+01       6.77
  -76     54.66    0.57849  0.10632E+01  -0.72189E-01   0.10043E+01       6.79
  -75     55.12    0.57181  0.10330E+01  -0.70356E-01   0.97406E+00       6.81
  -74     55.59    0.56509  0.10038E+01  -0.68547E-01   0.94471E+00       6.83
  -73     56.06    0.55833  0.97540E+00  -0.66765E-01   0.91629E+00       6.84
  -72     56.53    0.55153  0.94791E+00  -0.65010E-01   0.88876E+00       6.86
  -71     57.00    0.54470  0.92128E+00  -0.63284E-01   0.86209E+00       6.87
  -70     57.46    0.53783  0.89547E+00  -0.61587E-01   0.83628E+00       6.88
  -69     57.93    0.53092  0.87046E+00  -0.59919E-01   0.81128E+00       6.88
  -68     58.40    0.52398  0.84624E+00  -0.58282E-01   0.78708E+00       6.89
  -67     58.87    0.51700  0.82278E+00  -0.56677E-01   0.76366E+00       6.89
  -66     59.34    0.50999  0.80005E+00  -0.55103E-01   0.74099E+00       6.89
  -65     59.80    0.50294  0.77805E+00  -0.53562E-01   0.71906E+00       6.88
  -64     60.27    0.49587  0.75673E+00  -0.52053E-01   0.69783E+00       6.88
  -63     60.74    0.48875  0.73610E+00  -0.50578E-01   0.67729E+00       6.87
  -62     61.21    0.48161  0.71612E+00  -0.49135E-01   0.65742E+00       6.86
  -61     61.68    0.47443  0.69677E+00  -0.47727E-01   0.63820E+00       6.85
  -60     62.15    0.46723  0.67804E+00  -0.46352E-01   0.61961E+00       6.84
  -59     62.61    0.45999  0.65991E+00  -0.45011E-01   0.60163E+00       6.82
  -58     63.08    0.45272  0.64236E+00  -0.43703E-01   0.58424E+00       6.80
  -57     63.55    0.44542  0.62537E+00  -0.42430E-01   0.56742E+00       6.78
  -56     64.02    0.43809  0.60893E+00  -0.41190E-01   0.55116E+00       6.76
  -55     64.49    0.43073  0.59301E+00  -0.39984E-01   0.53543E+00       6.74
  -54     64.95    0.42334  0.57760E+00  -0.38812E-01   0.52022E+00       6.72
  -53     65.42    0.41592  0.56269E+00  -0.37672E-01   0.50552E+00       6.70
  -52     65.89    0.40848  0.54826E+00  -0.36566E-01   0.49130E+00       6.67
  -51     66.36    0.40101  0.53429E+00  -0.35493E-01   0.47756E+00       6.64
  -50     66.83    0.39351  0.52077E+00  -0.34452E-01   0.46427E+00       6.62
  -49     67.30    0.38598  0.50769E+00  -0.33444E-01   0.45142E+00       6.59
  -48     67.76    0.37843  0.49502E+00  -0.32467E-01   0.43900E+00       6.56
  -47     68.23    0.37086  0.48277E+00  -0.31521E-01   0.42699E+00       6.53
  -46     68.70    0.36326  0.47090E+00  -0.30607E-01   0.41537E+00       6.50
  -45     69.17    0.35563  0.45942E+00  -0.29723E-01   0.40415E+00       6.47
  -44     69.64    0.34798  0.44831E+00  -0.28869E-01   0.39330E+00       6.44
  -43     70.10    0.34031  0.43755E+00  -0.28045E-01   0.38280E+00       6.41
  -42     70.57    0.33262  0.42714E+00  -0.27249E-01   0.37266E+00       6.38
  -41     71.04    0.32490  0.41706E+00  -0.26482E-01   0.36285E+00       6.35
  -40     71.51    0.31716  0.40730E+00  -0.25743E-01   0.35336E+00       6.32
  -39     71.98    0.30941  0.39786E+00  -0.25031E-01   0.34419E+00       6.29
  -38     72.44    0.30163  0.38871E+00  -0.24346E-01   0.33532E+00       6.26
  -37     72.91    0.29383  0.37986E+00  -0.23688E-01   0.32675E+00       6.24
  -36     73.38    0.28601  0.37129E+00  -0.23054E-01   0.31845E+00       6.21
  -35     73.85    0.27817  0.36299E+00  -0.22446E-01   0.31043E+00       6.18
  -34     74.32    0.27031  0.35495E+00  -0.21862E-01   0.30267E+00       6.16
  -33     74.79    0.26243  0.34717E+00  -0.21302E-01   0.29516E+00       6.14
  -32     75.25    0.25454  0.33963E+00  -0.20765E-01   0.28790E+00       6.11
  -31     75.72    0.24663  0.33233E+00  -0.20250E-01   0.28088E+00       6.09
  -30     76.19    0.23871  0.32526E+00  -0.19758E-01   0.27408E+00       6.07
  -29     76.66    0.23076  0.31841E+00  -0.19286E-01   0.26751E+00       6.06
  -28     77.13    0.22281  0.31178E+00  -0.18835E-01   0.26114E+00       6.04
  -27     77.59    0.21483  0.30535E+00  -0.18404E-01   0.25498E+00       6.03
  -26     78.06    0.20685  0.29913E+00  -0.17992E-01   0.24902E+00       6.01
  -25     78.53    0.19885  0.29309E+00  -0.17599E-01   0.24325E+00       6.00
  -24     79.00    0.19083  0.28725E+00  -0.17224E-01   0.23767E+00       6.00
  -23     79.47    0.18280  0.28158E+00  -0.16866E-01   0.23226E+00       5.99
  -22     79.93    0.17477  0.27609E+00  -0.16526E-01   0.22702E+00       5.99
  -21     80.40    0.16671  0.27077E+00  -0.16201E-01   0.22195E+00       5.98
  -20     80.87    0.15865  0.26561E+00  -0.15892E-01   0.21703E+00       5.98
  -19     81.34    0.15058  0.26061E+00  -0.15598E-01   0.21227E+00       5.99
  -18     81.81    0.14250  0.25576E+00  -0.15318E-01   0.20766E+00       5.99
  -17     82.28    0.13441  0.25106E+00  -0.15052E-01   0.20319E+00       6.00
  -16     82.74    0.12631  0.24650E+00  -0.14799E-01   0.19886E+00       6.00
  -15     83.21    0.11820  0.24208E+00  -0.14559E-01   0.19466E+00       6.01
  -14     83.68    0.11008  0.23779E+00  -0.14331E-01   0.19059E+00       6.03
  -13     84.15    0.10195  0.23363E+00  -0.14114E-01   0.18664E+00       6.04
  -12     84.62    0.09382  0.22960E+00  -0.13908E-01   0.18282E+00       6.06
  -11     85.08    0.08569  0.22569E+00  -0.13713E-01   0.17911E+00       6.08
  -10     85.55    0.07754  0.22189E+00  -0.13528E-01   0.17550E+00       6.10
   -9     86.02    0.06939  0.21821E+00  -0.13351E-01   0.17201E+00       6.12
   -8     86.49    0.06124  0.21463E+00  -0.13184E-01   0.16862E+00       6.14
   -7     86.96    0.05308  0.21117E+00  -0.13025E-01   0.16533E+00       6.17
   -6     87.43    0.04492  0.20780E+00  -0.12874E-01   0.16214E+00       6.20
   -5     87.89    0.03676  0.20453E+00  -0.12730E-01   0.15903E+00       6.22
   -4     88.36    0.02859  0.20136E+00  -0.12592E-01   0.15602E+00       6.25
   -3     88.83    0.02043  0.19829E+00  -0.12461E-01   0.15310E+00       6.28
   -2     89.30    0.01226  0.19530E+00  -0.12336E-01   0.15025E+00       6.32
   -1     89.77    0.00409  0.19240E+00  -0.12217E-01   0.14749E+00       6.35
    0     90.00    0.00000  0.19098E+00  -0.12159E-01   0.14614E+00       6.37
    1     90.23   -0.00409  0.18958E+00  -0.12102E-01   0.14481E+00       6.38
    2     90.70   -0.01226  0.18685E+00  -0.11992E-01   0.14220E+00       6.42
    3     91.17   -0.02043  0.18419E+00  -0.11885E-01   0.13966E+00       6.45
    4     91.64   -0.02859  0.18161E+00  -0.11783E-01   0.13719E+00       6.49
    5     92.11   -0.03676  0.17911E+00  -0.11683E-01   0.13479E+00       6.52
    6     92.57   -0.04492  0.17668E+00  -0.11587E-01   0.13246E+00       6.56
    7     93.04   -0.05308  0.17432E+00  -0.11493E-01   0.13019E+00       6.59
    8     93.51   -0.06124  0.17203E+00  -0.11401E-01   0.12797E+00       6.63
    9     93.98   -0.06939  0.16980E+00  -0.11310E-01   0.12582E+00       6.66
   10     94.45   -0.07754  0.16764E+00  -0.11221E-01   0.12372E+00       6.69
   11     94.92   -0.08569  0.16553E+00  -0.11133E-01   0.12168E+00       6.73
   12     95.38   -0.09382  0.16349E+00  -0.11045E-01   0.11968E+00       6.76
   13     95.85   -0.10195  0.16151E+00  -0.10957E-01   0.11774E+00       6.78
   14     96.32   -0.11008  0.15958E+00  -0.10869E-01   0.11585E+00       6.81
   15     96.79   -0.11820  0.15771E+00  -0.10781E-01   0.11401E+00       6.84
   16     97.26   -0.12631  0.15590E+00  -0.10692E-01   0.11220E+00       6.86
   17     97.72   -0.13441  0.15413E+00  -0.10601E-01   0.11045E+00       6.88
   18     98.19   -0.14250  0.15242E+00  -0.10509E-01   0.10873E+00       6.90
   19     98.66   -0.15058  0.15075E+00  -0.10415E-01   0.10706E+00       6.91
   20     99.13   -0.15865  0.14913E+00  -0.10319E-01   0.10542E+00       6.92
   21     99.60   -0.16671  0.14756E+00  -0.10221E-01   0.10382E+00       6.93
   22    100.07   -0.17477  0.14603E+00  -0.10120E-01   0.10226E+00       6.93
   23    100.53   -0.18280  0.14455E+00  -0.10015E-01   0.10074E+00       6.93
   24    101.00   -0.19083  0.14311E+00  -0.99077E-02   0.99242E-01       6.92
   25    101.47   -0.19885  0.14171E+00  -0.97963E-02   0.97780E-01       6.91
   26    101.94   -0.20685  0.14035E+00  -0.96810E-02   0.96349E-01       6.90
   27    102.41   -0.21483  0.13903E+00  -0.95615E-02   0.94948E-01       6.88
   28    102.87   -0.22281  0.13775E+00  -0.94375E-02   0.93575E-01       6.85
   29    103.34   -0.23076  0.13650E+00  -0.93088E-02   0.92229E-01       6.82
   30    103.81   -0.23871  0.13530E+00  -0.91751E-02   0.90909E-01       6.78
   31    104.28   -0.24663  0.13412E+00  -0.90361E-02   0.89614E-01       6.74
   32    104.75   -0.25454  0.13298E+00  -0.88915E-02   0.88343E-01       6.69
   33    105.21   -0.26243  0.13188E+00  -0.87412E-02   0.87095E-01       6.63
   34    105.68   -0.27031  0.13080E+00  -0.85849E-02   0.85868E-01       6.56
   35    106.15   -0.27817  0.12976E+00  -0.84223E-02   0.84662E-01       6.49
   36    106.62   -0.28601  0.12875E+00  -0.82532E-02   0.83475E-01       6.41
   37    107.09   -0.29383  0.12777E+00  -0.80774E-02   0.82307E-01       6.32
   38    107.56   -0.30163  0.12682E+00  -0.78946E-02   0.81157E-01       6.23
   39    108.02   -0.30941  0.12589E+00  -0.77047E-02   0.80023E-01       6.12
   40    108.49   -0.31716  0.12499E+00  -0.75073E-02   0.78905E-01       6.01
   41    108.96   -0.32490  0.12412E+00  -0.73024E-02   0.77802E-01       5.88
   42    109.43   -0.33262  0.12328E+00  -0.70896E-02   0.76712E-01       5.75
   43    109.90   -0.34031  0.12246E+00  -0.68688E-02   0.75635E-01       5.61
   44    110.36   -0.34798  0.12167E+00  -0.66398E-02   0.74570E-01       5.46
   45    110.83   -0.35563  0.12090E+00  -0.64023E-02   0.73516E-01       5.30
   46    111.30   -0.36326  0.12016E+00  -0.61563E-02   0.72472E-01       5.12
   47    111.77   -0.37086  0.11943E+00  -0.59015E-02   0.71437E-01       4.94
   48    112.24   -0.37843  0.11873E+00  -0.56377E-02   0.70411E-01       4.75
   49    112.70   -0.38598  0.11805E+00  -0.53648E-02   0.69391E-01       4.54
   50    113.17   -0.39351  0.11740E+00  -0.50826E-02   0.68379E-01       4.33
   51    113.64   -0.40101  0.11676E+00  -0.47910E-02   0.67371E-01       4.10
   52    114.11   -0.40848  0.11614E+00  -0.44897E-02   0.66369E-01       3.87
   53    114.58   -0.41592  0.11555E+00  -0.41788E-02   0.65370E-01       3.62
   54    115.05   -0.42334  0.11497E+00  -0.38579E-02   0.64375E-01       3.36
   55    115.51   -0.43073  0.11441E+00  -0.35271E-02   0.63381E-01       3.08
   56    115.98   -0.43809  0.11387E+00  -0.31861E-02   0.62389E-01       2.80
   57    116.45   -0.44542  0.11334E+00  -0.28350E-02   0.61397E-01       2.50
   58    116.92   -0.45272  0.11284E+00  -0.24735E-02   0.60405E-01       2.19
   59    117.39   -0.45999  0.11235E+00  -0.21016E-02   0.59411E-01       1.87
   60    117.85   -0.46723  0.11187E+00  -0.17192E-02   0.58415E-01       1.54
   61    118.32   -0.47443  0.11141E+00  -0.13263E-02   0.57416E-01       1.19
   62    118.79   -0.48161  0.11097E+00  -0.92278E-03   0.56413E-01       0.83
   63    119.26   -0.48875  0.11054E+00  -0.50863E-03   0.55405E-01       0.46
   64    119.73   -0.49587  0.11013E+00  -0.83805E-04   0.54392E-01       0.08
   65    120.20   -0.50294  0.10973E+00   0.35170E-03   0.53372E-01      -0.32
   66    120.66   -0.50999  0.10934E+00   0.79789E-03   0.52345E-01      -0.73
   67    121.13   -0.51700  0.10897E+00   0.12548E-02   0.51310E-01      -1.15
   68    121.60   -0.52398  0.10861E+00   0.17222E-02   0.50266E-01      -1.59
   69    122.07   -0.53092  0.10827E+00   0.22003E-02   0.49212E-01      -2.03
   70    122.54   -0.53783  0.10793E+00   0.26890E-02   0.48147E-01      -2.49
   71    123.00   -0.54470  0.10761E+00   0.31880E-02   0.47071E-01      -2.96
   72    123.47   -0.55153  0.10730E+00   0.36974E-02   0.45982E-01      -3.45
   73    123.94   -0.55833  0.10700E+00   0.42171E-02   0.44881E-01      -3.94
   74    124.41   -0.56509  0.10671E+00   0.47468E-02   0.43765E-01      -4.45
   75    124.88   -0.57181  0.10643E+00   0.52865E-02   0.42635E-01      -4.97
   76    125.34   -0.57849  0.10617E+00   0.58359E-02   0.41489E-01      -5.50
   77    125.81   -0.58514  0.10591E+00   0.63949E-02   0.40327E-01      -6.04
   78    126.28   -0.59174  0.10566E+00   0.69631E-02   0.39147E-01      -6.59
   79    126.75   -0.59831  0.10543E+00   0.75405E-02   0.37950E-01      -7.15
   80    127.22   -0.60484  0.10520E+00   0.81267E-02   0.36734E-01      -7.72
   81    127.69   -0.61132  0.10498E+00   0.87213E-02   0.35499E-01      -8.31
   82    128.15   -0.61777  0.10478E+00   0.93242E-02   0.34244E-01      -8.90
   83    128.62   -0.62417  0.10458E+00   0.99348E-02   0.32968E-01      -9.50
   84    129.09   -0.63054  0.10439E+00   0.10553E-01   0.31670E-01     -10.11
   85    129.56   -0.63686  0.10421E+00   0.11178E-01   0.30350E-01     -10.73
   86    130.03   -0.64313  0.10404E+00   0.11810E-01   0.29008E-01     -11.35
   87    130.49   -0.64937  0.10387E+00   0.12448E-01   0.27641E-01     -11.98
   88    130.96   -0.65556  0.10372E+00   0.13091E-01   0.26251E-01     -12.62
   89    131.43   -0.66171  0.10357E+00   0.13740E-01   0.24836E-01     -13.27
   90    131.90   -0.66781  0.10344E+00   0.14393E-01   0.23396E-01     -13.92
   91    132.37   -0.67387  0.10331E+00   0.15051E-01   0.21930E-01     -14.57
   92    132.83   -0.67989  0.10319E+00   0.15711E-01   0.20437E-01     -15.23
   93    133.30   -0.68586  0.10307E+00   0.16375E-01   0.18918E-01     -15.89
   94    133.77   -0.69178  0.10297E+00   0.17040E-01   0.17372E-01     -16.55
   95    134.24   -0.69766  0.10288E+00   0.17707E-01   0.15798E-01     -17.21
   96    134.71   -0.70349  0.10279E+00   0.18375E-01   0.14196E-01     -17.88
   97    135.18   -0.70927  0.10271E+00   0.19042E-01   0.12565E-01     -18.54
   98    135.64   -0.71501  0.10265E+00   0.19708E-01   0.10906E-01     -19.20
   99    136.11   -0.72069  0.10259E+00   0.20373E-01   0.92177E-02     -19.86
  100    136.58   -0.72633  0.10254E+00   0.21035E-01   0.75004E-02     -20.51
  101    137.05   -0.73193  0.10250E+00   0.21694E-01   0.57537E-02     -21.16
  102    137.52   -0.73747  0.10247E+00   0.22348E-01   0.39776E-02     -21.81
  103    137.98   -0.74296  0.10245E+00   0.22997E-01   0.21719E-02     -22.45
  104    138.45   -0.74841  0.10244E+00   0.23639E-01   0.33658E-03     -23.08
  105    138.92   -0.75380  0.10244E+00   0.24274E-01  -0.15283E-02     -23.69
  106    139.39   -0.75914  0.10246E+00   0.24901E-01  -0.34226E-02     -24.30
  107    139.86   -0.76444  0.10248E+00   0.25518E-01  -0.53463E-02     -24.90
  108    140.33   -0.76968  0.10252E+00   0.26125E-01  -0.72992E-02     -25.48
  109    140.79   -0.77487  0.10257E+00   0.26720E-01  -0.92810E-02     -26.05
  110    141.26   -0.78001  0.10263E+00   0.27302E-01  -0.11292E-01     -26.60
  111    141.73   -0.78509  0.10270E+00   0.27871E-01  -0.13330E-01     -27.14
  112    142.20   -0.79013  0.10279E+00   0.28425E-01  -0.15397E-01     -27.65
  113    142.67   -0.79511  0.10289E+00   0.28963E-01  -0.17491E-01     -28.15
  114    143.13   -0.80004  0.10301E+00   0.29483E-01  -0.19612E-01     -28.62
  115    143.60   -0.80491  0.10314E+00   0.29986E-01  -0.21759E-01     -29.07
  116    144.07   -0.80974  0.10329E+00   0.30468E-01  -0.23932E-01     -29.50
  117    144.54   -0.81450  0.10345E+00   0.30930E-01  -0.26129E-01     -29.90
  118    145.01   -0.81922  0.10363E+00   0.31370E-01  -0.28350E-01     -30.27
  119    145.47   -0.82387  0.10383E+00   0.31787E-01  -0.30595E-01     -30.62
  120    145.94   -0.82848  0.10404E+00   0.32180E-01  -0.32862E-01     -30.93
  121    146.41   -0.83303  0.10428E+00   0.32548E-01  -0.35150E-01     -31.21
  122    146.88   -0.83752  0.10453E+00   0.32889E-01  -0.37459E-01     -31.46
  123    147.35   -0.84195  0.10481E+00   0.33203E-01  -0.39786E-01     -31.68
  124    147.82   -0.84634  0.10510E+00   0.33488E-01  -0.42131E-01     -31.86
  125    148.28   -0.85066  0.10542E+00   0.33743E-01  -0.44493E-01     -32.01
  126    148.75   -0.85493  0.10576E+00   0.33968E-01  -0.46871E-01     -32.12
  127    149.22   -0.85914  0.10612E+00   0.34162E-01  -0.49262E-01     -32.19
  128    149.69   -0.86329  0.10650E+00   0.34323E-01  -0.51666E-01     -32.23
  129    150.16   -0.86738  0.10690E+00   0.34450E-01  -0.54081E-01     -32.23
  130    150.62   -0.87142  0.10734E+00   0.34544E-01  -0.56506E-01     -32.18
  131    151.09   -0.87540  0.10779E+00   0.34602E-01  -0.58938E-01     -32.10
  132    151.56   -0.87932  0.10827E+00   0.34625E-01  -0.61377E-01     -31.98
  133    152.03   -0.88318  0.10878E+00   0.34612E-01  -0.63821E-01     -31.82
  134    152.50   -0.88698  0.10931E+00   0.34562E-01  -0.66268E-01     -31.62
  135    152.96   -0.89073  0.10987E+00   0.34475E-01  -0.68716E-01     -31.38
  136    153.43   -0.89441  0.11045E+00   0.34350E-01  -0.71163E-01     -31.10
  137    153.90   -0.89804  0.11106E+00   0.34187E-01  -0.73608E-01     -30.78
  138    154.37   -0.90160  0.11170E+00   0.33986E-01  -0.76049E-01     -30.43
  139    154.84   -0.90510  0.11237E+00   0.33747E-01  -0.78484E-01     -30.03
  140    155.31   -0.90855  0.11306E+00   0.33470E-01  -0.80911E-01     -29.60
  141    155.77   -0.91193  0.11378E+00   0.33154E-01  -0.83329E-01     -29.14
  142    156.24   -0.91525  0.11453E+00   0.32800E-01  -0.85734E-01     -28.64
  143    156.71   -0.91851  0.11530E+00   0.32408E-01  -0.88126E-01     -28.11
  144    157.18   -0.92171  0.11610E+00   0.31979E-01  -0.90502E-01     -27.54
  145    157.65   -0.92485  0.11693E+00   0.31514E-01  -0.92861E-01     -26.95
  146    158.11   -0.92793  0.11778E+00   0.31012E-01  -0.95200E-01     -26.33
  147    158.58   -0.93094  0.11866E+00   0.30474E-01  -0.97518E-01     -25.68
  148    159.05   -0.93390  0.11956E+00   0.29902E-01  -0.99813E-01     -25.01
  149    159.52   -0.93679  0.12049E+00   0.29297E-01  -0.10208E+00     -24.32
  150    159.99   -0.93961  0.12144E+00   0.28658E-01  -0.10433E+00     -23.60
  151    160.46   -0.94238  0.12241E+00   0.27989E-01  -0.10654E+00     -22.87
  152    160.92   -0.94508  0.12340E+00   0.27290E-01  -0.10872E+00     -22.11
  153    161.39   -0.94772  0.12441E+00   0.26562E-01  -0.11087E+00     -21.35
  154    161.86   -0.95030  0.12544E+00   0.25808E-01  -0.11299E+00     -20.57
  155    162.33   -0.95281  0.12649E+00   0.25029E-01  -0.11507E+00     -19.79
  156    162.80   -0.95526  0.12755E+00   0.24226E-01  -0.11712E+00     -18.99
  157    163.26   -0.95764  0.12863E+00   0.23402E-01  -0.11912E+00     -18.19
  158    163.73   -0.95996  0.12972E+00   0.22558E-01  -0.12109E+00     -17.39
  159    164.20   -0.96222  0.13082E+00   0.21698E-01  -0.12301E+00     -16.59
  160    164.67   -0.96441  0.13192E+00   0.20822E-01  -0.12489E+00     -15.78
  161    165.14   -0.96654  0.13303E+00   0.19934E-01  -0.12672E+00     -14.98
  162    165.60   -0.96860  0.13415E+00   0.19035E-01  -0.12851E+00     -14.19
  163    166.07   -0.97060  0.13526E+00   0.18129E-01  -0.13025E+00     -13.40
  164    166.54   -0.97254  0.13638E+00   0.17218E-01  -0.13194E+00     -12.62
  165    167.01   -0.97440  0.13749E+00   0.16303E-01  -0.13359E+00     -11.86
  166    167.48   -0.97621  0.13859E+00   0.15389E-01  -0.13518E+00     -11.10
  167    167.95   -0.97795  0.13969E+00   0.14478E-01  -0.13672E+00     -10.36
  168    168.41   -0.97962  0.14078E+00   0.13572E-01  -0.13821E+00      -9.64
  169    168.88   -0.98123  0.14185E+00   0.12674E-01  -0.13964E+00      -8.93
  170    169.35   -0.98277  0.14290E+00   0.11787E-01  -0.14102E+00      -8.25
  171    169.82   -0.98425  0.14393E+00   0.10913E-01  -0.14235E+00      -7.58
  172    170.29   -0.98566  0.14495E+00   0.10056E-01  -0.14362E+00      -6.94
  173    170.75   -0.98701  0.14593E+00   0.92183E-02  -0.14483E+00      -6.32
  174    171.22   -0.98829  0.14689E+00   0.84021E-02  -0.14599E+00      -5.72
  175    171.69   -0.98950  0.14782E+00   0.76104E-02  -0.14708E+00      -5.15
  176    172.16   -0.99065  0.14871E+00   0.68457E-02  -0.14812E+00      -4.60
  177    172.63   -0.99173  0.14957E+00   0.61105E-02  -0.14911E+00      -4.09
  178    173.09   -0.99275  0.15039E+00   0.54073E-02  -0.15003E+00      -3.60
  179    173.56   -0.99370  0.15117E+00   0.47384E-02  -0.15089E+00      -3.13
  180    174.03   -0.99458  0.15190E+00   0.41061E-02  -0.15170E+00      -2.70
  181    174.50   -0.99539  0.15259E+00   0.35125E-02  -0.15244E+00      -2.30
  182    174.97   -0.99614  0.15323E+00   0.29596E-02  -0.15313E+00      -1.93
  183    175.44   -0.99683  0.15382E+00   0.24494E-02  -0.15375E+00      -1.59
  184    175.90   -0.99744  0.15436E+00   0.19836E-02  -0.15432E+00      -1.29
  185    176.37   -0.99799  0.15485E+00   0.15638E-02  -0.15482E+00      -1.01
  186    176.84   -0.99848  0.15528E+00   0.11915E-02  -0.15526E+00      -0.77
  187    177.31   -0.99890  0.15565E+00   0.86800E-03  -0.15564E+00      -0.56
  188    177.78   -0.99925  0.15597E+00   0.59438E-03  -0.15596E+00      -0.38
  189    178.24   -0.99953  0.15623E+00   0.37164E-03  -0.15622E+00      -0.24
  190    178.71   -0.99975  0.15642E+00   0.20055E-03  -0.15642E+00      -0.13
  191    179.18   -0.99990  0.15656E+00   0.81710E-04  -0.15656E+00      -0.05
  192    179.64   -0.99998  0.15664E+00   0.15519E-04  -0.15664E+00      -0.01
  193    180.00   -1.00000  0.15665E+00   0.00000E+00  -0.15665E+00      -0.00

