 alpha final =    542.00000000000000     

     granulo :  rn =  1.0  rm = 0.15  ln sig =  0.290  pour r <  50. mic.
     ======================================================================

                    longueur d onde :  0.590 microns
                    ================================

     indice reel :   1.45000     indice imaginaire : -0.35000E-02


                    nombre de particules :  0.10000E+01

       Sections d extinction et de diffusion ramenees a une particule :
       ----------------------------------------------------------------
     extinction :  0.11452E+00 mic**2     diffusion :  0.11215E+00 mic**2

            Pizero : 0.979252                 g.assymetrie : 0.65707

 ------------------------------------------------------------------------------
   j      theta       mu         i             q             u         -q/i*100
 ------------------------------------------------------------------------------
 -193      0.00    1.00000  0.72505E+01   0.00000E+00   0.72505E+01      -0.00
 -192      0.36    0.99998  0.72499E+01  -0.60158E-04   0.72499E+01       0.00
 -191      0.82    0.99990  0.72473E+01  -0.31686E-03   0.72473E+01       0.00
 -190      1.29    0.99975  0.72426E+01  -0.77822E-03   0.72426E+01       0.01
 -189      1.76    0.99953  0.72358E+01  -0.14436E-02   0.72358E+01       0.02
 -188      2.22    0.99925  0.72270E+01  -0.23118E-02   0.72270E+01       0.03
 -187      2.69    0.99890  0.72161E+01  -0.33815E-02   0.72161E+01       0.05
 -186      3.16    0.99848  0.72032E+01  -0.46508E-02   0.72032E+01       0.06
 -185      3.63    0.99799  0.71882E+01  -0.61176E-02   0.71882E+01       0.09
 -184      4.10    0.99744  0.71712E+01  -0.77795E-02   0.71712E+01       0.11
 -183      4.56    0.99683  0.71523E+01  -0.96336E-02   0.71523E+01       0.13
 -182      5.03    0.99614  0.71313E+01  -0.11677E-01   0.71313E+01       0.16
 -181      5.50    0.99539  0.71084E+01  -0.13906E-01   0.71083E+01       0.20
 -180      5.97    0.99458  0.70835E+01  -0.16317E-01   0.70835E+01       0.23
 -179      6.44    0.99370  0.70567E+01  -0.18907E-01   0.70567E+01       0.27
 -178      6.91    0.99275  0.70281E+01  -0.21670E-01   0.70280E+01       0.31
 -177      7.37    0.99173  0.69976E+01  -0.24602E-01   0.69975E+01       0.35
 -176      7.84    0.99065  0.69652E+01  -0.27699E-01   0.69651E+01       0.40
 -175      8.31    0.98950  0.69311E+01  -0.30956E-01   0.69309E+01       0.45
 -174      8.78    0.98829  0.68952E+01  -0.34366E-01   0.68950E+01       0.50
 -173      9.25    0.98701  0.68576E+01  -0.37925E-01   0.68574E+01       0.55
 -172      9.71    0.98566  0.68183E+01  -0.41628E-01   0.68180E+01       0.61
 -171     10.18    0.98425  0.67774E+01  -0.45467E-01   0.67770E+01       0.67
 -170     10.65    0.98277  0.67348E+01  -0.49437E-01   0.67344E+01       0.73
 -169     11.12    0.98123  0.66907E+01  -0.53532E-01   0.66902E+01       0.80
 -168     11.59    0.97962  0.66450E+01  -0.57745E-01   0.66444E+01       0.87
 -167     12.05    0.97795  0.65979E+01  -0.62070E-01   0.65972E+01       0.94
 -166     12.52    0.97621  0.65493E+01  -0.66500E-01   0.65485E+01       1.02
 -165     12.99    0.97440  0.64993E+01  -0.71028E-01   0.64984E+01       1.09
 -164     13.46    0.97254  0.64480E+01  -0.75648E-01   0.64470E+01       1.17
 -163     13.93    0.97060  0.63954E+01  -0.80351E-01   0.63942E+01       1.26
 -162     14.40    0.96860  0.63415E+01  -0.85132E-01   0.63402E+01       1.34
 -161     14.86    0.96654  0.62865E+01  -0.89983E-01   0.62850E+01       1.43
 -160     15.33    0.96441  0.62302E+01  -0.94896E-01   0.62285E+01       1.52
 -159     15.80    0.96222  0.61729E+01  -0.99866E-01   0.61710E+01       1.62
 -158     16.27    0.95996  0.61145E+01  -0.10488E+00   0.61124E+01       1.72
 -157     16.74    0.95764  0.60551E+01  -0.10994E+00   0.60527E+01       1.82
 -156     17.20    0.95526  0.59947E+01  -0.11504E+00   0.59921E+01       1.92
 -155     17.67    0.95281  0.59334E+01  -0.12016E+00   0.59306E+01       2.03
 -154     18.14    0.95030  0.58713E+01  -0.12530E+00   0.58681E+01       2.13
 -153     18.61    0.94772  0.58083E+01  -0.13045E+00   0.58049E+01       2.25
 -152     19.08    0.94508  0.57446E+01  -0.13561E+00   0.57409E+01       2.36
 -151     19.54    0.94238  0.56802E+01  -0.14077E+00   0.56761E+01       2.48
 -150     20.01    0.93961  0.56151E+01  -0.14592E+00   0.56107E+01       2.60
 -149     20.48    0.93679  0.55494E+01  -0.15105E+00   0.55446E+01       2.72
 -148     20.95    0.93390  0.54832E+01  -0.15617E+00   0.54780E+01       2.85
 -147     21.42    0.93094  0.54164E+01  -0.16125E+00   0.54108E+01       2.98
 -146     21.89    0.92793  0.53492E+01  -0.16630E+00   0.53431E+01       3.11
 -145     22.35    0.92485  0.52816E+01  -0.17132E+00   0.52751E+01       3.24
 -144     22.82    0.92171  0.52136E+01  -0.17628E+00   0.52066E+01       3.38
 -143     23.29    0.91851  0.51453E+01  -0.18120E+00   0.51378E+01       3.52
 -142     23.76    0.91525  0.50767E+01  -0.18605E+00   0.50687E+01       3.66
 -141     24.23    0.91193  0.50079E+01  -0.19085E+00   0.49993E+01       3.81
 -140     24.69    0.90855  0.49389E+01  -0.19557E+00   0.49298E+01       3.96
 -139     25.16    0.90510  0.48698E+01  -0.20022E+00   0.48600E+01       4.11
 -138     25.63    0.90160  0.48006E+01  -0.20479E+00   0.47902E+01       4.27
 -137     26.10    0.89804  0.47313E+01  -0.20928E+00   0.47203E+01       4.42
 -136     26.57    0.89441  0.46620E+01  -0.21368E+00   0.46504E+01       4.58
 -135     27.04    0.89073  0.45927E+01  -0.21798E+00   0.45804E+01       4.75
 -134     27.50    0.88698  0.45235E+01  -0.22219E+00   0.45106E+01       4.91
 -133     27.97    0.88318  0.44544E+01  -0.22630E+00   0.44408E+01       5.08
 -132     28.44    0.87932  0.43855E+01  -0.23031E+00   0.43711E+01       5.25
 -131     28.91    0.87540  0.43167E+01  -0.23421E+00   0.43016E+01       5.43
 -130     29.38    0.87142  0.42482E+01  -0.23800E+00   0.42323E+01       5.60
 -129     29.84    0.86738  0.41799E+01  -0.24167E+00   0.41632E+01       5.78
 -128     30.31    0.86329  0.41119E+01  -0.24522E+00   0.40944E+01       5.96
 -127     30.78    0.85914  0.40442E+01  -0.24866E+00   0.40258E+01       6.15
 -126     31.25    0.85493  0.39768E+01  -0.25198E+00   0.39576E+01       6.34
 -125     31.72    0.85066  0.39098E+01  -0.25517E+00   0.38898E+01       6.53
 -124     32.18    0.84634  0.38432E+01  -0.25823E+00   0.38224E+01       6.72
 -123     32.65    0.84195  0.37771E+01  -0.26117E+00   0.37553E+01       6.91
 -122     33.12    0.83752  0.37114E+01  -0.26398E+00   0.36888E+01       7.11
 -121     33.59    0.83303  0.36462E+01  -0.26666E+00   0.36226E+01       7.31
 -120     34.06    0.82848  0.35815E+01  -0.26920E+00   0.35570E+01       7.52
 -119     34.53    0.82387  0.35174E+01  -0.27162E+00   0.34919E+01       7.72
 -118     34.99    0.81922  0.34538E+01  -0.27390E+00   0.34274E+01       7.93
 -117     35.46    0.81450  0.33907E+01  -0.27604E+00   0.33634E+01       8.14
 -116     35.93    0.80974  0.33283E+01  -0.27806E+00   0.32999E+01       8.35
 -115     36.40    0.80491  0.32664E+01  -0.27994E+00   0.32371E+01       8.57
 -114     36.87    0.80004  0.32052E+01  -0.28168E+00   0.31749E+01       8.79
 -113     37.33    0.79511  0.31447E+01  -0.28330E+00   0.31134E+01       9.01
 -112     37.80    0.79013  0.30848E+01  -0.28477E+00   0.30525E+01       9.23
 -111     38.27    0.78509  0.30256E+01  -0.28612E+00   0.29922E+01       9.46
 -110     38.74    0.78001  0.29670E+01  -0.28733E+00   0.29327E+01       9.68
 -109     39.21    0.77487  0.29092E+01  -0.28842E+00   0.28738E+01       9.91
 -108     39.67    0.76968  0.28521E+01  -0.28937E+00   0.28156E+01      10.15
 -107     40.14    0.76444  0.27957E+01  -0.29019E+00   0.27582E+01      10.38
 -106     40.61    0.75914  0.27400E+01  -0.29089E+00   0.27015E+01      10.62
 -105     41.08    0.75380  0.26851E+01  -0.29146E+00   0.26455E+01      10.85
 -104     41.55    0.74841  0.26309E+01  -0.29190E+00   0.25903E+01      11.10
 -103     42.02    0.74296  0.25775E+01  -0.29223E+00   0.25358E+01      11.34
 -102     42.48    0.73747  0.25248E+01  -0.29243E+00   0.24821E+01      11.58
 -101     42.95    0.73193  0.24729E+01  -0.29251E+00   0.24292E+01      11.83
 -100     43.42    0.72633  0.24218E+01  -0.29248E+00   0.23770E+01      12.08
  -99     43.89    0.72069  0.23715E+01  -0.29233E+00   0.23256E+01      12.33
  -98     44.36    0.71501  0.23219E+01  -0.29207E+00   0.22750E+01      12.58
  -97     44.82    0.70927  0.22731E+01  -0.29170E+00   0.22252E+01      12.83
  -96     45.29    0.70349  0.22251E+01  -0.29121E+00   0.21761E+01      13.09
  -95     45.76    0.69766  0.21778E+01  -0.29063E+00   0.21279E+01      13.34
  -94     46.23    0.69178  0.21314E+01  -0.28994E+00   0.20804E+01      13.60
  -93     46.70    0.68586  0.20857E+01  -0.28915E+00   0.20337E+01      13.86
  -92     47.17    0.67989  0.20408E+01  -0.28826E+00   0.19878E+01      14.12
  -91     47.63    0.67387  0.19967E+01  -0.28728E+00   0.19427E+01      14.39
  -90     48.10    0.66781  0.19533E+01  -0.28620E+00   0.18984E+01      14.65
  -89     48.57    0.66171  0.19108E+01  -0.28504E+00   0.18548E+01      14.92
  -88     49.04    0.65556  0.18689E+01  -0.28378E+00   0.18120E+01      15.18
  -87     49.51    0.64937  0.18279E+01  -0.28244E+00   0.17700E+01      15.45
  -86     49.97    0.64313  0.17876E+01  -0.28102E+00   0.17288E+01      15.72
  -85     50.44    0.63686  0.17481E+01  -0.27952E+00   0.16883E+01      15.99
  -84     50.91    0.63054  0.17093E+01  -0.27795E+00   0.16486E+01      16.26
  -83     51.38    0.62417  0.16712E+01  -0.27630E+00   0.16096E+01      16.53
  -82     51.85    0.61777  0.16339E+01  -0.27458E+00   0.15714E+01      16.81
  -81     52.31    0.61132  0.15973E+01  -0.27279E+00   0.15339E+01      17.08
  -80     52.78    0.60484  0.15615E+01  -0.27094E+00   0.14972E+01      17.35
  -79     53.25    0.59831  0.15263E+01  -0.26903E+00   0.14612E+01      17.63
  -78     53.72    0.59174  0.14919E+01  -0.26706E+00   0.14259E+01      17.90
  -77     54.19    0.58514  0.14582E+01  -0.26503E+00   0.13914E+01      18.18
  -76     54.66    0.57849  0.14251E+01  -0.26294E+00   0.13575E+01      18.45
  -75     55.12    0.57181  0.13928E+01  -0.26081E+00   0.13244E+01      18.73
  -74     55.59    0.56509  0.13611E+01  -0.25863E+00   0.12919E+01      19.00
  -73     56.06    0.55833  0.13301E+01  -0.25640E+00   0.12602E+01      19.28
  -72     56.53    0.55153  0.12998E+01  -0.25413E+00   0.12291E+01      19.55
  -71     57.00    0.54470  0.12701E+01  -0.25181E+00   0.11987E+01      19.83
  -70     57.46    0.53783  0.12410E+01  -0.24946E+00   0.11689E+01      20.10
  -69     57.93    0.53092  0.12126E+01  -0.24708E+00   0.11398E+01      20.38
  -68     58.40    0.52398  0.11848E+01  -0.24466E+00   0.11113E+01      20.65
  -67     58.87    0.51700  0.11577E+01  -0.24221E+00   0.10835E+01      20.92
  -66     59.34    0.50999  0.11311E+01  -0.23973E+00   0.10563E+01      21.20
  -65     59.80    0.50294  0.11051E+01  -0.23723E+00   0.10297E+01      21.47
  -64     60.27    0.49587  0.10797E+01  -0.23470E+00   0.10037E+01      21.74
  -63     60.74    0.48875  0.10549E+01  -0.23216E+00   0.97825E+00      22.01
  -62     61.21    0.48161  0.10307E+01  -0.22959E+00   0.95343E+00      22.28
  -61     61.68    0.47443  0.10070E+01  -0.22701E+00   0.92919E+00      22.54
  -60     62.15    0.46723  0.98384E+00  -0.22441E+00   0.90551E+00      22.81
  -59     62.61    0.45999  0.96124E+00  -0.22180E+00   0.88238E+00      23.07
  -58     63.08    0.45272  0.93917E+00  -0.21917E+00   0.85980E+00      23.34
  -57     63.55    0.44542  0.91762E+00  -0.21654E+00   0.83776E+00      23.60
  -56     64.02    0.43809  0.89657E+00  -0.21390E+00   0.81625E+00      23.86
  -55     64.49    0.43073  0.87603E+00  -0.21126E+00   0.79525E+00      24.12
  -54     64.95    0.42334  0.85598E+00  -0.20861E+00   0.77476E+00      24.37
  -53     65.42    0.41592  0.83641E+00  -0.20597E+00   0.75477E+00      24.63
  -52     65.89    0.40848  0.81731E+00  -0.20332E+00   0.73526E+00      24.88
  -51     66.36    0.40101  0.79867E+00  -0.20067E+00   0.71624E+00      25.13
  -50     66.83    0.39351  0.78048E+00  -0.19803E+00   0.69768E+00      25.37
  -49     67.30    0.38598  0.76274E+00  -0.19539E+00   0.67959E+00      25.62
  -48     67.76    0.37843  0.74544E+00  -0.19275E+00   0.66194E+00      25.86
  -47     68.23    0.37086  0.72856E+00  -0.19013E+00   0.64473E+00      26.10
  -46     68.70    0.36326  0.71209E+00  -0.18751E+00   0.62796E+00      26.33
  -45     69.17    0.35563  0.69603E+00  -0.18490E+00   0.61161E+00      26.56
  -44     69.64    0.34798  0.68038E+00  -0.18230E+00   0.59568E+00      26.79
  -43     70.10    0.34031  0.66511E+00  -0.17972E+00   0.58014E+00      27.02
  -42     70.57    0.33262  0.65022E+00  -0.17714E+00   0.56501E+00      27.24
  -41     71.04    0.32490  0.63571E+00  -0.17459E+00   0.55026E+00      27.46
  -40     71.51    0.31716  0.62156E+00  -0.17204E+00   0.53589E+00      27.68
  -39     71.98    0.30941  0.60777E+00  -0.16952E+00   0.52189E+00      27.89
  -38     72.44    0.30163  0.59433E+00  -0.16701E+00   0.50826E+00      28.10
  -37     72.91    0.29383  0.58123E+00  -0.16452E+00   0.49497E+00      28.31
  -36     73.38    0.28601  0.56846E+00  -0.16204E+00   0.48203E+00      28.51
  -35     73.85    0.27817  0.55601E+00  -0.15959E+00   0.46943E+00      28.70
  -34     74.32    0.27031  0.54389E+00  -0.15716E+00   0.45716E+00      28.90
  -33     74.79    0.26243  0.53207E+00  -0.15474E+00   0.44521E+00      29.08
  -32     75.25    0.25454  0.52056E+00  -0.15235E+00   0.43357E+00      29.27
  -31     75.72    0.24663  0.50934E+00  -0.14998E+00   0.42224E+00      29.45
  -30     76.19    0.23871  0.49841E+00  -0.14764E+00   0.41121E+00      29.62
  -29     76.66    0.23076  0.48776E+00  -0.14531E+00   0.40047E+00      29.79
  -28     77.13    0.22281  0.47739E+00  -0.14301E+00   0.39001E+00      29.96
  -27     77.59    0.21483  0.46728E+00  -0.14074E+00   0.37983E+00      30.12
  -26     78.06    0.20685  0.45743E+00  -0.13848E+00   0.36991E+00      30.27
  -25     78.53    0.19885  0.44784E+00  -0.13625E+00   0.36027E+00      30.42
  -24     79.00    0.19083  0.43850E+00  -0.13405E+00   0.35087E+00      30.57
  -23     79.47    0.18280  0.42940E+00  -0.13187E+00   0.34173E+00      30.71
  -22     79.93    0.17477  0.42054E+00  -0.12972E+00   0.33283E+00      30.85
  -21     80.40    0.16671  0.41190E+00  -0.12759E+00   0.32417E+00      30.98
  -20     80.87    0.15865  0.40350E+00  -0.12549E+00   0.31574E+00      31.10
  -19     81.34    0.15058  0.39531E+00  -0.12341E+00   0.30753E+00      31.22
  -18     81.81    0.14250  0.38733E+00  -0.12136E+00   0.29954E+00      31.33
  -17     82.28    0.13441  0.37956E+00  -0.11933E+00   0.29176E+00      31.44
  -16     82.74    0.12631  0.37199E+00  -0.11734E+00   0.28419E+00      31.54
  -15     83.21    0.11820  0.36462E+00  -0.11536E+00   0.27682E+00      31.64
  -14     83.68    0.11008  0.35744E+00  -0.11341E+00   0.26965E+00      31.73
  -13     84.15    0.10195  0.35045E+00  -0.11149E+00   0.26267E+00      31.81
  -12     84.62    0.09382  0.34364E+00  -0.10960E+00   0.25587E+00      31.89
  -11     85.08    0.08569  0.33701E+00  -0.10773E+00   0.24925E+00      31.97
  -10     85.55    0.07754  0.33055E+00  -0.10588E+00   0.24280E+00      32.03
   -9     86.02    0.06939  0.32426E+00  -0.10406E+00   0.23653E+00      32.09
   -8     86.49    0.06124  0.31813E+00  -0.10227E+00   0.23042E+00      32.15
   -7     86.96    0.05308  0.31216E+00  -0.10050E+00   0.22447E+00      32.19
   -6     87.43    0.04492  0.30635E+00  -0.98755E-01   0.21867E+00      32.24
   -5     87.89    0.03676  0.30069E+00  -0.97035E-01   0.21303E+00      32.27
   -4     88.36    0.02859  0.29518E+00  -0.95341E-01   0.20753E+00      32.30
   -3     88.83    0.02043  0.28981E+00  -0.93671E-01   0.20218E+00      32.32
   -2     89.30    0.01226  0.28457E+00  -0.92025E-01   0.19696E+00      32.34
   -1     89.77    0.00409  0.27948E+00  -0.90403E-01   0.19188E+00      32.35
    0     90.00    0.00000  0.27698E+00  -0.89600E-01   0.18938E+00      32.35
    1     90.23   -0.00409  0.27451E+00  -0.88804E-01   0.18692E+00      32.35
    2     90.70   -0.01226  0.26968E+00  -0.87229E-01   0.18210E+00      32.35
    3     91.17   -0.02043  0.26497E+00  -0.85677E-01   0.17739E+00      32.33
    4     91.64   -0.02859  0.26038E+00  -0.84147E-01   0.17280E+00      32.32
    5     92.11   -0.03676  0.25591E+00  -0.82640E-01   0.16833E+00      32.29
    6     92.57   -0.04492  0.25156E+00  -0.81155E-01   0.16397E+00      32.26
    7     93.04   -0.05308  0.24732E+00  -0.79692E-01   0.15971E+00      32.22
    8     93.51   -0.06124  0.24318E+00  -0.78251E-01   0.15556E+00      32.18
    9     93.98   -0.06939  0.23916E+00  -0.76830E-01   0.15151E+00      32.13
   10     94.45   -0.07754  0.23524E+00  -0.75430E-01   0.14756E+00      32.07
   11     94.92   -0.08569  0.23141E+00  -0.74051E-01   0.14370E+00      32.00
   12     95.38   -0.09382  0.22769E+00  -0.72692E-01   0.13994E+00      31.93
   13     95.85   -0.10195  0.22406E+00  -0.71353E-01   0.13626E+00      31.84
   14     96.32   -0.11008  0.22053E+00  -0.70033E-01   0.13267E+00      31.76
   15     96.79   -0.11820  0.21709E+00  -0.68732E-01   0.12916E+00      31.66
   16     97.26   -0.12631  0.21373E+00  -0.67450E-01   0.12573E+00      31.56
   17     97.72   -0.13441  0.21046E+00  -0.66186E-01   0.12237E+00      31.45
   18     98.19   -0.14250  0.20728E+00  -0.64940E-01   0.11909E+00      31.33
   19     98.66   -0.15058  0.20417E+00  -0.63712E-01   0.11589E+00      31.20
   20     99.13   -0.15865  0.20115E+00  -0.62500E-01   0.11275E+00      31.07
   21     99.60   -0.16671  0.19820E+00  -0.61306E-01   0.10968E+00      30.93
   22    100.07   -0.17477  0.19533E+00  -0.60128E-01   0.10668E+00      30.78
   23    100.53   -0.18280  0.19253E+00  -0.58967E-01   0.10373E+00      30.63
   24    101.00   -0.19083  0.18980E+00  -0.57821E-01   0.10085E+00      30.46
   25    101.47   -0.19885  0.18715E+00  -0.56690E-01   0.98024E-01      30.29
   26    101.94   -0.20685  0.18456E+00  -0.55575E-01   0.95255E-01      30.11
   27    102.41   -0.21483  0.18203E+00  -0.54474E-01   0.92538E-01      29.93
   28    102.87   -0.22281  0.17957E+00  -0.53387E-01   0.89874E-01      29.73
   29    103.34   -0.23076  0.17718E+00  -0.52315E-01   0.87259E-01      29.53
   30    103.81   -0.23871  0.17485E+00  -0.51256E-01   0.84692E-01      29.32
   31    104.28   -0.24663  0.17257E+00  -0.50211E-01   0.82171E-01      29.10
   32    104.75   -0.25454  0.17036E+00  -0.49178E-01   0.79693E-01      28.87
   33    105.21   -0.26243  0.16820E+00  -0.48159E-01   0.77258E-01      28.63
   34    105.68   -0.27031  0.16609E+00  -0.47151E-01   0.74864E-01      28.39
   35    106.15   -0.27817  0.16404E+00  -0.46156E-01   0.72508E-01      28.14
   36    106.62   -0.28601  0.16205E+00  -0.45172E-01   0.70189E-01      27.88
   37    107.09   -0.29383  0.16010E+00  -0.44200E-01   0.67906E-01      27.61
   38    107.56   -0.30163  0.15821E+00  -0.43238E-01   0.65657E-01      27.33
   39    108.02   -0.30941  0.15637E+00  -0.42288E-01   0.63440E-01      27.04
   40    108.49   -0.31716  0.15457E+00  -0.41348E-01   0.61255E-01      26.75
   41    108.96   -0.32490  0.15282E+00  -0.40418E-01   0.59099E-01      26.45
   42    109.43   -0.33262  0.15112E+00  -0.39499E-01   0.56972E-01      26.14
   43    109.90   -0.34031  0.14946E+00  -0.38589E-01   0.54871E-01      25.82
   44    110.36   -0.34798  0.14785E+00  -0.37688E-01   0.52796E-01      25.49
   45    110.83   -0.35563  0.14628E+00  -0.36797E-01   0.50745E-01      25.15
   46    111.30   -0.36326  0.14476E+00  -0.35915E-01   0.48718E-01      24.81
   47    111.77   -0.37086  0.14327E+00  -0.35041E-01   0.46712E-01      24.46
   48    112.24   -0.37843  0.14182E+00  -0.34177E-01   0.44727E-01      24.10
   49    112.70   -0.38598  0.14042E+00  -0.33320E-01   0.42762E-01      23.73
   50    113.17   -0.39351  0.13905E+00  -0.32472E-01   0.40815E-01      23.35
   51    113.64   -0.40101  0.13773E+00  -0.31631E-01   0.38885E-01      22.97
   52    114.11   -0.40848  0.13644E+00  -0.30798E-01   0.36972E-01      22.57
   53    114.58   -0.41592  0.13518E+00  -0.29973E-01   0.35075E-01      22.17
   54    115.05   -0.42334  0.13396E+00  -0.29156E-01   0.33192E-01      21.76
   55    115.51   -0.43073  0.13278E+00  -0.28345E-01   0.31322E-01      21.35
   56    115.98   -0.43809  0.13164E+00  -0.27542E-01   0.29465E-01      20.92
   57    116.45   -0.44542  0.13052E+00  -0.26746E-01   0.27620E-01      20.49
   58    116.92   -0.45272  0.12944E+00  -0.25957E-01   0.25786E-01      20.05
   59    117.39   -0.45999  0.12840E+00  -0.25174E-01   0.23962E-01      19.61
   60    117.85   -0.46723  0.12739E+00  -0.24398E-01   0.22147E-01      19.15
   61    118.32   -0.47443  0.12640E+00  -0.23629E-01   0.20340E-01      18.69
   62    118.79   -0.48161  0.12546E+00  -0.22866E-01   0.18541E-01      18.23
   63    119.26   -0.48875  0.12454E+00  -0.22110E-01   0.16750E-01      17.75
   64    119.73   -0.49587  0.12365E+00  -0.21360E-01   0.14964E-01      17.27
   65    120.20   -0.50294  0.12279E+00  -0.20617E-01   0.13185E-01      16.79
   66    120.66   -0.50999  0.12197E+00  -0.19880E-01   0.11410E-01      16.30
   67    121.13   -0.51700  0.12117E+00  -0.19149E-01   0.96406E-02      15.80
   68    121.60   -0.52398  0.12040E+00  -0.18424E-01   0.78746E-02      15.30
   69    122.07   -0.53092  0.11966E+00  -0.17706E-01   0.61120E-02      14.80
   70    122.54   -0.53783  0.11895E+00  -0.16994E-01   0.43523E-02      14.29
   71    123.00   -0.54470  0.11827E+00  -0.16288E-01   0.25949E-02      13.77
   72    123.47   -0.55153  0.11761E+00  -0.15589E-01   0.83939E-03      13.25
   73    123.94   -0.55833  0.11698E+00  -0.14896E-01  -0.91466E-03      12.73
   74    124.41   -0.56509  0.11638E+00  -0.14209E-01  -0.26677E-02      12.21
   75    124.88   -0.57181  0.11581E+00  -0.13529E-01  -0.44201E-02      11.68
   76    125.34   -0.57849  0.11526E+00  -0.12856E-01  -0.61723E-02      11.15
   77    125.81   -0.58514  0.11474E+00  -0.12189E-01  -0.79245E-02      10.62
   78    126.28   -0.59174  0.11425E+00  -0.11529E-01  -0.96772E-02      10.09
   79    126.75   -0.59831  0.11378E+00  -0.10876E-01  -0.11431E-01       9.56
   80    127.22   -0.60484  0.11334E+00  -0.10229E-01  -0.13185E-01       9.03
   81    127.69   -0.61132  0.11293E+00  -0.95900E-02  -0.14941E-01       8.49
   82    128.15   -0.61777  0.11253E+00  -0.89580E-02  -0.16698E-01       7.96
   83    128.62   -0.62417  0.11217E+00  -0.83333E-02  -0.18457E-01       7.43
   84    129.09   -0.63054  0.11183E+00  -0.77161E-02  -0.20217E-01       6.90
   85    129.56   -0.63686  0.11152E+00  -0.71065E-02  -0.21980E-01       6.37
   86    130.03   -0.64313  0.11123E+00  -0.65047E-02  -0.23745E-01       5.85
   87    130.49   -0.64937  0.11096E+00  -0.59110E-02  -0.25512E-01       5.33
   88    130.96   -0.65556  0.11072E+00  -0.53253E-02  -0.27282E-01       4.81
   89    131.43   -0.66171  0.11050E+00  -0.47481E-02  -0.29053E-01       4.30
   90    131.90   -0.66781  0.11031E+00  -0.41793E-02  -0.30828E-01       3.79
   91    132.37   -0.67387  0.11015E+00  -0.36193E-02  -0.32605E-01       3.29
   92    132.83   -0.67989  0.11000E+00  -0.30683E-02  -0.34384E-01       2.79
   93    133.30   -0.68586  0.10988E+00  -0.25264E-02  -0.36165E-01       2.30
   94    133.77   -0.69178  0.10979E+00  -0.19938E-02  -0.37950E-01       1.82
   95    134.24   -0.69766  0.10972E+00  -0.14709E-02  -0.39736E-01       1.34
   96    134.71   -0.70349  0.10967E+00  -0.95773E-03  -0.41524E-01       0.87
   97    135.18   -0.70927  0.10965E+00  -0.45461E-03  -0.43315E-01       0.41
   98    135.64   -0.71501  0.10965E+00   0.38251E-04  -0.45108E-01      -0.03
   99    136.11   -0.72069  0.10967E+00   0.52062E-03  -0.46902E-01      -0.47
  100    136.58   -0.72633  0.10972E+00   0.99225E-03  -0.48698E-01      -0.90
  101    137.05   -0.73193  0.10979E+00   0.14529E-02  -0.50495E-01      -1.32
  102    137.52   -0.73747  0.10988E+00   0.19024E-02  -0.52294E-01      -1.73
  103    137.98   -0.74296  0.11000E+00   0.23405E-02  -0.54093E-01      -2.13
  104    138.45   -0.74841  0.11014E+00   0.27669E-02  -0.55893E-01      -2.51
  105    138.92   -0.75380  0.11030E+00   0.31814E-02  -0.57693E-01      -2.88
  106    139.39   -0.75914  0.11048E+00   0.35838E-02  -0.59494E-01      -3.24
  107    139.86   -0.76444  0.11069E+00   0.39739E-02  -0.61294E-01      -3.59
  108    140.33   -0.76968  0.11092E+00   0.43514E-02  -0.63093E-01      -3.92
  109    140.79   -0.77487  0.11117E+00   0.47161E-02  -0.64892E-01      -4.24
  110    141.26   -0.78001  0.11144E+00   0.50678E-02  -0.66689E-01      -4.55
  111    141.73   -0.78509  0.11174E+00   0.54063E-02  -0.68484E-01      -4.84
  112    142.20   -0.79013  0.11206E+00   0.57315E-02  -0.70278E-01      -5.11
  113    142.67   -0.79511  0.11240E+00   0.60431E-02  -0.72068E-01      -5.38
  114    143.13   -0.80004  0.11276E+00   0.63409E-02  -0.73856E-01      -5.62
  115    143.60   -0.80491  0.11314E+00   0.66248E-02  -0.75640E-01      -5.86
  116    144.07   -0.80974  0.11354E+00   0.68946E-02  -0.77420E-01      -6.07
  117    144.54   -0.81450  0.11396E+00   0.71501E-02  -0.79195E-01      -6.27
  118    145.01   -0.81922  0.11441E+00   0.73913E-02  -0.80965E-01      -6.46
  119    145.47   -0.82387  0.11487E+00   0.76180E-02  -0.82730E-01      -6.63
  120    145.94   -0.82848  0.11535E+00   0.78301E-02  -0.84489E-01      -6.79
  121    146.41   -0.83303  0.11586E+00   0.80274E-02  -0.86241E-01      -6.93
  122    146.88   -0.83752  0.11638E+00   0.82100E-02  -0.87986E-01      -7.05
  123    147.35   -0.84195  0.11692E+00   0.83777E-02  -0.89724E-01      -7.17
  124    147.82   -0.84634  0.11748E+00   0.85305E-02  -0.91453E-01      -7.26
  125    148.28   -0.85066  0.11806E+00   0.86684E-02  -0.93173E-01      -7.34
  126    148.75   -0.85493  0.11866E+00   0.87913E-02  -0.94884E-01      -7.41
  127    149.22   -0.85914  0.11927E+00   0.88993E-02  -0.96584E-01      -7.46
  128    149.69   -0.86329  0.11990E+00   0.89924E-02  -0.98274E-01      -7.50
  129    150.16   -0.86738  0.12055E+00   0.90705E-02  -0.99953E-01      -7.52
  130    150.62   -0.87142  0.12121E+00   0.91339E-02  -0.10162E+00      -7.54
  131    151.09   -0.87540  0.12189E+00   0.91826E-02  -0.10327E+00      -7.53
  132    151.56   -0.87932  0.12258E+00   0.92166E-02  -0.10492E+00      -7.52
  133    152.03   -0.88318  0.12329E+00   0.92361E-02  -0.10654E+00      -7.49
  134    152.50   -0.88698  0.12402E+00   0.92413E-02  -0.10816E+00      -7.45
  135    152.96   -0.89073  0.12475E+00   0.92323E-02  -0.10976E+00      -7.40
  136    153.43   -0.89441  0.12550E+00   0.92094E-02  -0.11134E+00      -7.34
  137    153.90   -0.89804  0.12626E+00   0.91727E-02  -0.11290E+00      -7.27
  138    154.37   -0.90160  0.12703E+00   0.91225E-02  -0.11445E+00      -7.18
  139    154.84   -0.90510  0.12781E+00   0.90591E-02  -0.11599E+00      -7.09
  140    155.31   -0.90855  0.12860E+00   0.89828E-02  -0.11750E+00      -6.98
  141    155.77   -0.91193  0.12941E+00   0.88938E-02  -0.11900E+00      -6.87
  142    156.24   -0.91525  0.13021E+00   0.87925E-02  -0.12048E+00      -6.75
  143    156.71   -0.91851  0.13103E+00   0.86793E-02  -0.12193E+00      -6.62
  144    157.18   -0.92171  0.13186E+00   0.85546E-02  -0.12337E+00      -6.49
  145    157.65   -0.92485  0.13268E+00   0.84187E-02  -0.12479E+00      -6.34
  146    158.11   -0.92793  0.13352E+00   0.82721E-02  -0.12618E+00      -6.20
  147    158.58   -0.93094  0.13436E+00   0.81153E-02  -0.12755E+00      -6.04
  148    159.05   -0.93390  0.13520E+00   0.79486E-02  -0.12890E+00      -5.88
  149    159.52   -0.93679  0.13605E+00   0.77727E-02  -0.13023E+00      -5.71
  150    159.99   -0.93961  0.13689E+00   0.75880E-02  -0.13154E+00      -5.54
  151    160.46   -0.94238  0.13774E+00   0.73951E-02  -0.13282E+00      -5.37
  152    160.92   -0.94508  0.13858E+00   0.71945E-02  -0.13407E+00      -5.19
  153    161.39   -0.94772  0.13943E+00   0.69868E-02  -0.13530E+00      -5.01
  154    161.86   -0.95030  0.14027E+00   0.67725E-02  -0.13651E+00      -4.83
  155    162.33   -0.95281  0.14111E+00   0.65523E-02  -0.13769E+00      -4.64
  156    162.80   -0.95526  0.14194E+00   0.63267E-02  -0.13884E+00      -4.46
  157    163.26   -0.95764  0.14277E+00   0.60965E-02  -0.13997E+00      -4.27
  158    163.73   -0.95996  0.14359E+00   0.58622E-02  -0.14107E+00      -4.08
  159    164.20   -0.96222  0.14440E+00   0.56245E-02  -0.14214E+00      -3.90
  160    164.67   -0.96441  0.14521E+00   0.53841E-02  -0.14318E+00      -3.71
  161    165.14   -0.96654  0.14600E+00   0.51415E-02  -0.14420E+00      -3.52
  162    165.60   -0.96860  0.14679E+00   0.48976E-02  -0.14519E+00      -3.34
  163    166.07   -0.97060  0.14756E+00   0.46529E-02  -0.14614E+00      -3.15
  164    166.54   -0.97254  0.14832E+00   0.44082E-02  -0.14707E+00      -2.97
  165    167.01   -0.97440  0.14906E+00   0.41640E-02  -0.14797E+00      -2.79
  166    167.48   -0.97621  0.14979E+00   0.39212E-02  -0.14884E+00      -2.62
  167    167.95   -0.97795  0.15050E+00   0.36803E-02  -0.14969E+00      -2.45
  168    168.41   -0.97962  0.15120E+00   0.34421E-02  -0.15050E+00      -2.28
  169    168.88   -0.98123  0.15187E+00   0.32071E-02  -0.15128E+00      -2.11
  170    169.35   -0.98277  0.15253E+00   0.29761E-02  -0.15202E+00      -1.95
  171    169.82   -0.98425  0.15317E+00   0.27498E-02  -0.15274E+00      -1.80
  172    170.29   -0.98566  0.15378E+00   0.25286E-02  -0.15343E+00      -1.64
  173    170.75   -0.98701  0.15438E+00   0.23133E-02  -0.15409E+00      -1.50
  174    171.22   -0.98829  0.15495E+00   0.21045E-02  -0.15471E+00      -1.36
  175    171.69   -0.98950  0.15550E+00   0.19027E-02  -0.15530E+00      -1.22
  176    172.16   -0.99065  0.15602E+00   0.17085E-02  -0.15586E+00      -1.10
  177    172.63   -0.99173  0.15651E+00   0.15225E-02  -0.15639E+00      -0.97
  178    173.09   -0.99275  0.15698E+00   0.13451E-02  -0.15689E+00      -0.86
  179    173.56   -0.99370  0.15743E+00   0.11770E-02  -0.15736E+00      -0.75
  180    174.03   -0.99458  0.15784E+00   0.10185E-02  -0.15779E+00      -0.65
  181    174.50   -0.99539  0.15823E+00   0.87010E-03  -0.15819E+00      -0.55
  182    174.97   -0.99614  0.15858E+00   0.73227E-03  -0.15856E+00      -0.46
  183    175.44   -0.99683  0.15891E+00   0.60537E-03  -0.15889E+00      -0.38
  184    175.90   -0.99744  0.15921E+00   0.48975E-03  -0.15920E+00      -0.31
  185    176.37   -0.99799  0.15947E+00   0.38576E-03  -0.15947E+00      -0.24
  186    176.84   -0.99848  0.15971E+00   0.29369E-03  -0.15970E+00      -0.18
  187    177.31   -0.99890  0.15991E+00   0.21380E-03  -0.15991E+00      -0.13
  188    177.78   -0.99925  0.16008E+00   0.14632E-03  -0.16008E+00      -0.09
  189    178.24   -0.99953  0.16022E+00   0.91444E-04  -0.16022E+00      -0.06
  190    178.71   -0.99975  0.16033E+00   0.49329E-04  -0.16033E+00      -0.03
  191    179.18   -0.99990  0.16040E+00   0.20093E-04  -0.16040E+00      -0.01
  192    179.64   -0.99998  0.16044E+00   0.38158E-05  -0.16044E+00      -0.00
  193    180.00   -1.00000  0.16045E+00   0.00000E+00  -0.16045E+00      -0.00

