 alpha final =    770.00000000000000     

     granulo :  rn =  1.0  rm = 0.15  ln sig =  0.290  pour r <  50. mic.
     ======================================================================

                    longueur d onde :  0.413 microns
                    ================================

     indice reel :   1.45000     indice imaginaire : -0.35000E-02


                    nombre de particules :  0.10000E+01

       Sections d extinction et de diffusion ramenees a une particule :
       ----------------------------------------------------------------
     extinction :  0.20875E+00 mic**2     diffusion :  0.20502E+00 mic**2

            Pizero : 0.982146                 g.assymetrie : 0.73230

 ------------------------------------------------------------------------------
   j      theta       mu         i             q             u         -q/i*100
 ------------------------------------------------------------------------------
 -193      0.00    1.00000  0.11817E+02   0.00000E+00   0.11817E+02      -0.00
 -192      0.36    0.99998  0.11815E+02  -0.43142E-04   0.11815E+02       0.00
 -191      0.82    0.99990  0.11808E+02  -0.22715E-03   0.11808E+02       0.00
 -190      1.29    0.99975  0.11794E+02  -0.55754E-03   0.11794E+02       0.00
 -189      1.76    0.99953  0.11775E+02  -0.10333E-02   0.11775E+02       0.01
 -188      2.22    0.99925  0.11749E+02  -0.16527E-02   0.11749E+02       0.01
 -187      2.69    0.99890  0.11718E+02  -0.24138E-02   0.11718E+02       0.02
 -186      3.16    0.99848  0.11681E+02  -0.33139E-02   0.11681E+02       0.03
 -185      3.63    0.99799  0.11638E+02  -0.43500E-02   0.11638E+02       0.04
 -184      4.10    0.99744  0.11589E+02  -0.55186E-02   0.11589E+02       0.05
 -183      4.56    0.99683  0.11535E+02  -0.68158E-02   0.11535E+02       0.06
 -182      5.03    0.99614  0.11475E+02  -0.82372E-02   0.11475E+02       0.07
 -181      5.50    0.99539  0.11410E+02  -0.97781E-02   0.11410E+02       0.09
 -180      5.97    0.99458  0.11340E+02  -0.11433E-01   0.11340E+02       0.10
 -179      6.44    0.99370  0.11264E+02  -0.13197E-01   0.11264E+02       0.12
 -178      6.91    0.99275  0.11184E+02  -0.15065E-01   0.11184E+02       0.13
 -177      7.37    0.99173  0.11098E+02  -0.17029E-01   0.11098E+02       0.15
 -176      7.84    0.99065  0.11008E+02  -0.19083E-01   0.11008E+02       0.17
 -175      8.31    0.98950  0.10913E+02  -0.21222E-01   0.10913E+02       0.19
 -174      8.78    0.98829  0.10814E+02  -0.23437E-01   0.10814E+02       0.22
 -173      9.25    0.98701  0.10711E+02  -0.25722E-01   0.10710E+02       0.24
 -172      9.71    0.98566  0.10603E+02  -0.28070E-01   0.10602E+02       0.26
 -171     10.18    0.98425  0.10492E+02  -0.30473E-01   0.10491E+02       0.29
 -170     10.65    0.98277  0.10376E+02  -0.32924E-01   0.10375E+02       0.32
 -169     11.12    0.98123  0.10258E+02  -0.35415E-01   0.10256E+02       0.35
 -168     11.59    0.97962  0.10136E+02  -0.37938E-01   0.10134E+02       0.37
 -167     12.05    0.97795  0.10010E+02  -0.40486E-01   0.10009E+02       0.40
 -166     12.52    0.97621  0.98820E+01  -0.43052E-01   0.98800E+01       0.44
 -165     12.99    0.97440  0.97509E+01  -0.45626E-01   0.97486E+01       0.47
 -164     13.46    0.97254  0.96173E+01  -0.48203E-01   0.96147E+01       0.50
 -163     13.93    0.97060  0.94812E+01  -0.50774E-01   0.94783E+01       0.54
 -162     14.40    0.96860  0.93429E+01  -0.53333E-01   0.93396E+01       0.57
 -161     14.86    0.96654  0.92026E+01  -0.55871E-01   0.91989E+01       0.61
 -160     15.33    0.96441  0.90605E+01  -0.58382E-01   0.90564E+01       0.64
 -159     15.80    0.96222  0.89167E+01  -0.60859E-01   0.89121E+01       0.68
 -158     16.27    0.95996  0.87715E+01  -0.63296E-01   0.87664E+01       0.72
 -157     16.74    0.95764  0.86250E+01  -0.65685E-01   0.86194E+01       0.76
 -156     17.20    0.95526  0.84774E+01  -0.68021E-01   0.84713E+01       0.80
 -155     17.67    0.95281  0.83289E+01  -0.70298E-01   0.83223E+01       0.84
 -154     18.14    0.95030  0.81797E+01  -0.72510E-01   0.81725E+01       0.89
 -153     18.61    0.94772  0.80300E+01  -0.74652E-01   0.80221E+01       0.93
 -152     19.08    0.94508  0.78798E+01  -0.76719E-01   0.78714E+01       0.97
 -151     19.54    0.94238  0.77295E+01  -0.78707E-01   0.77203E+01       1.02
 -150     20.01    0.93961  0.75791E+01  -0.80610E-01   0.75692E+01       1.06
 -149     20.48    0.93679  0.74288E+01  -0.82424E-01   0.74182E+01       1.11
 -148     20.95    0.93390  0.72787E+01  -0.84147E-01   0.72674E+01       1.16
 -147     21.42    0.93094  0.71291E+01  -0.85775E-01   0.71169E+01       1.20
 -146     21.89    0.92793  0.69799E+01  -0.87304E-01   0.69670E+01       1.25
 -145     22.35    0.92485  0.68315E+01  -0.88732E-01   0.68177E+01       1.30
 -144     22.82    0.92171  0.66838E+01  -0.90058E-01   0.66692E+01       1.35
 -143     23.29    0.91851  0.65371E+01  -0.91278E-01   0.65216E+01       1.40
 -142     23.76    0.91525  0.63914E+01  -0.92391E-01   0.63750E+01       1.45
 -141     24.23    0.91193  0.62468E+01  -0.93396E-01   0.62295E+01       1.50
 -140     24.69    0.90855  0.61035E+01  -0.94292E-01   0.60853E+01       1.54
 -139     25.16    0.90510  0.59616E+01  -0.95079E-01   0.59424E+01       1.59
 -138     25.63    0.90160  0.58211E+01  -0.95755E-01   0.58010E+01       1.64
 -137     26.10    0.89804  0.56821E+01  -0.96322E-01   0.56611E+01       1.70
 -136     26.57    0.89441  0.55448E+01  -0.96780E-01   0.55228E+01       1.75
 -135     27.04    0.89073  0.54092E+01  -0.97129E-01   0.53862E+01       1.80
 -134     27.50    0.88698  0.52753E+01  -0.97369E-01   0.52513E+01       1.85
 -133     27.97    0.88318  0.51433E+01  -0.97504E-01   0.51183E+01       1.90
 -132     28.44    0.87932  0.50132E+01  -0.97532E-01   0.49872E+01       1.95
 -131     28.91    0.87540  0.48850E+01  -0.97458E-01   0.48580E+01       2.00
 -130     29.38    0.87142  0.47589E+01  -0.97282E-01   0.47308E+01       2.04
 -129     29.84    0.86738  0.46348E+01  -0.97006E-01   0.46057E+01       2.09
 -128     30.31    0.86329  0.45128E+01  -0.96633E-01   0.44827E+01       2.14
 -127     30.78    0.85914  0.43929E+01  -0.96165E-01   0.43618E+01       2.19
 -126     31.25    0.85493  0.42751E+01  -0.95606E-01   0.42431E+01       2.24
 -125     31.72    0.85066  0.41596E+01  -0.94958E-01   0.41265E+01       2.28
 -124     32.18    0.84634  0.40462E+01  -0.94223E-01   0.40122E+01       2.33
 -123     32.65    0.84195  0.39351E+01  -0.93406E-01   0.39000E+01       2.37
 -122     33.12    0.83752  0.38262E+01  -0.92509E-01   0.37902E+01       2.42
 -121     33.59    0.83303  0.37195E+01  -0.91536E-01   0.36826E+01       2.46
 -120     34.06    0.82848  0.36151E+01  -0.90491E-01   0.35772E+01       2.50
 -119     34.53    0.82387  0.35130E+01  -0.89376E-01   0.34741E+01       2.54
 -118     34.99    0.81922  0.34131E+01  -0.88195E-01   0.33733E+01       2.58
 -117     35.46    0.81450  0.33154E+01  -0.86953E-01   0.32748E+01       2.62
 -116     35.93    0.80974  0.32200E+01  -0.85652E-01   0.31785E+01       2.66
 -115     36.40    0.80491  0.31268E+01  -0.84297E-01   0.30845E+01       2.70
 -114     36.87    0.80004  0.30359E+01  -0.82891E-01   0.29927E+01       2.73
 -113     37.33    0.79511  0.29471E+01  -0.81437E-01   0.29031E+01       2.76
 -112     37.80    0.79013  0.28606E+01  -0.79941E-01   0.28157E+01       2.79
 -111     38.27    0.78509  0.27762E+01  -0.78404E-01   0.27305E+01       2.82
 -110     38.74    0.78001  0.26939E+01  -0.76831E-01   0.26475E+01       2.85
 -109     39.21    0.77487  0.26138E+01  -0.75226E-01   0.25667E+01       2.88
 -108     39.67    0.76968  0.25358E+01  -0.73592E-01   0.24879E+01       2.90
 -107     40.14    0.76444  0.24598E+01  -0.71933E-01   0.24113E+01       2.92
 -106     40.61    0.75914  0.23859E+01  -0.70251E-01   0.23367E+01       2.94
 -105     41.08    0.75380  0.23140E+01  -0.68551E-01   0.22641E+01       2.96
 -104     41.55    0.74841  0.22440E+01  -0.66836E-01   0.21936E+01       2.98
 -103     42.02    0.74296  0.21760E+01  -0.65108E-01   0.21250E+01       2.99
 -102     42.48    0.73747  0.21100E+01  -0.63372E-01   0.20584E+01       3.00
 -101     42.95    0.73193  0.20458E+01  -0.61630E-01   0.19937E+01       3.01
 -100     43.42    0.72633  0.19834E+01  -0.59884E-01   0.19309E+01       3.02
  -99     43.89    0.72069  0.19229E+01  -0.58139E-01   0.18699E+01       3.02
  -98     44.36    0.71501  0.18641E+01  -0.56396E-01   0.18106E+01       3.03
  -97     44.82    0.70927  0.18071E+01  -0.54658E-01   0.17532E+01       3.02
  -96     45.29    0.70349  0.17518E+01  -0.52928E-01   0.16975E+01       3.02
  -95     45.76    0.69766  0.16981E+01  -0.51208E-01   0.16435E+01       3.02
  -94     46.23    0.69178  0.16461E+01  -0.49501E-01   0.15911E+01       3.01
  -93     46.70    0.68586  0.15957E+01  -0.47808E-01   0.15404E+01       3.00
  -92     47.17    0.67989  0.15468E+01  -0.46132E-01   0.14912E+01       2.98
  -91     47.63    0.67387  0.14995E+01  -0.44475E-01   0.14436E+01       2.97
  -90     48.10    0.66781  0.14536E+01  -0.42838E-01   0.13975E+01       2.95
  -89     48.57    0.66171  0.14091E+01  -0.41223E-01   0.13528E+01       2.93
  -88     49.04    0.65556  0.13661E+01  -0.39632E-01   0.13096E+01       2.90
  -87     49.51    0.64937  0.13245E+01  -0.38066E-01   0.12678E+01       2.87
  -86     49.97    0.64313  0.12841E+01  -0.36527E-01   0.12274E+01       2.84
  -85     50.44    0.63686  0.12451E+01  -0.35016E-01   0.11882E+01       2.81
  -84     50.91    0.63054  0.12073E+01  -0.33535E-01   0.11504E+01       2.78
  -83     51.38    0.62417  0.11708E+01  -0.32083E-01   0.11138E+01       2.74
  -82     51.85    0.61777  0.11355E+01  -0.30663E-01   0.10784E+01       2.70
  -81     52.31    0.61132  0.11013E+01  -0.29274E-01   0.10442E+01       2.66
  -80     52.78    0.60484  0.10682E+01  -0.27919E-01   0.10111E+01       2.61
  -79     53.25    0.59831  0.10362E+01  -0.26597E-01   0.97915E+00       2.57
  -78     53.72    0.59174  0.10053E+01  -0.25309E-01   0.94828E+00       2.52
  -77     54.19    0.58514  0.97547E+00  -0.24056E-01   0.91846E+00       2.47
  -76     54.66    0.57849  0.94659E+00  -0.22838E-01   0.88966E+00       2.41
  -75     55.12    0.57181  0.91868E+00  -0.21655E-01   0.86184E+00       2.36
  -74     55.59    0.56509  0.89171E+00  -0.20508E-01   0.83498E+00       2.30
  -73     56.06    0.55833  0.86565E+00  -0.19397E-01   0.80904E+00       2.24
  -72     56.53    0.55153  0.84046E+00  -0.18322E-01   0.78399E+00       2.18
  -71     57.00    0.54470  0.81613E+00  -0.17282E-01   0.75981E+00       2.12
  -70     57.46    0.53783  0.79262E+00  -0.16279E-01   0.73647E+00       2.05
  -69     57.93    0.53092  0.76991E+00  -0.15311E-01   0.71394E+00       1.99
  -68     58.40    0.52398  0.74797E+00  -0.14379E-01   0.69220E+00       1.92
  -67     58.87    0.51700  0.72678E+00  -0.13483E-01   0.67121E+00       1.86
  -66     59.34    0.50999  0.70631E+00  -0.12622E-01   0.65096E+00       1.79
  -65     59.80    0.50294  0.68654E+00  -0.11795E-01   0.63141E+00       1.72
  -64     60.27    0.49587  0.66744E+00  -0.11004E-01   0.61255E+00       1.65
  -63     60.74    0.48875  0.64899E+00  -0.10246E-01   0.59435E+00       1.58
  -62     61.21    0.48161  0.63118E+00  -0.95221E-02   0.57679E+00       1.51
  -61     61.68    0.47443  0.61397E+00  -0.88314E-02   0.55984E+00       1.44
  -60     62.15    0.46723  0.59735E+00  -0.81734E-02   0.54349E+00       1.37
  -59     62.61    0.45999  0.58129E+00  -0.75476E-02   0.52772E+00       1.30
  -58     63.08    0.45272  0.56578E+00  -0.69534E-02   0.51249E+00       1.23
  -57     63.55    0.44542  0.55080E+00  -0.63901E-02   0.49780E+00       1.16
  -56     64.02    0.43809  0.53633E+00  -0.58572E-02   0.48363E+00       1.09
  -55     64.49    0.43073  0.52236E+00  -0.53541E-02   0.46995E+00       1.02
  -54     64.95    0.42334  0.50885E+00  -0.48800E-02   0.45675E+00       0.96
  -53     65.42    0.41592  0.49581E+00  -0.44342E-02   0.44402E+00       0.89
  -52     65.89    0.40848  0.48321E+00  -0.40161E-02   0.43173E+00       0.83
  -51     66.36    0.40101  0.47103E+00  -0.36249E-02   0.41986E+00       0.77
  -50     66.83    0.39351  0.45926E+00  -0.32600E-02   0.40841E+00       0.71
  -49     67.30    0.38598  0.44789E+00  -0.29206E-02   0.39736E+00       0.65
  -48     67.76    0.37843  0.43690E+00  -0.26059E-02   0.38669E+00       0.60
  -47     68.23    0.37086  0.42629E+00  -0.23152E-02   0.37639E+00       0.54
  -46     68.70    0.36326  0.41602E+00  -0.20478E-02   0.36645E+00       0.49
  -45     69.17    0.35563  0.40610E+00  -0.18029E-02   0.35685E+00       0.44
  -44     69.64    0.34798  0.39651E+00  -0.15797E-02   0.34757E+00       0.40
  -43     70.10    0.34031  0.38723E+00  -0.13776E-02   0.33862E+00       0.36
  -42     70.57    0.33262  0.37827E+00  -0.11958E-02   0.32997E+00       0.32
  -41     71.04    0.32490  0.36960E+00  -0.10335E-02   0.32161E+00       0.28
  -40     71.51    0.31716  0.36121E+00  -0.88997E-03   0.31354E+00       0.25
  -39     71.98    0.30941  0.35310E+00  -0.76452E-03   0.30574E+00       0.22
  -38     72.44    0.30163  0.34526E+00  -0.65640E-03   0.29820E+00       0.19
  -37     72.91    0.29383  0.33767E+00  -0.56490E-03   0.29092E+00       0.17
  -36     73.38    0.28601  0.33032E+00  -0.48932E-03   0.28388E+00       0.15
  -35     73.85    0.27817  0.32322E+00  -0.42894E-03   0.27707E+00       0.13
  -34     74.32    0.27031  0.31634E+00  -0.38309E-03   0.27049E+00       0.12
  -33     74.79    0.26243  0.30968E+00  -0.35108E-03   0.26412E+00       0.11
  -32     75.25    0.25454  0.30324E+00  -0.33224E-03   0.25797E+00       0.11
  -31     75.72    0.24663  0.29700E+00  -0.32593E-03   0.25201E+00       0.11
  -30     76.19    0.23871  0.29096E+00  -0.33149E-03   0.24625E+00       0.11
  -29     76.66    0.23076  0.28511E+00  -0.34829E-03   0.24067E+00       0.12
  -28     77.13    0.22281  0.27944E+00  -0.37572E-03   0.23527E+00       0.13
  -27     77.59    0.21483  0.27395E+00  -0.41317E-03   0.23005E+00       0.15
  -26     78.06    0.20685  0.26864E+00  -0.46005E-03   0.22499E+00       0.17
  -25     78.53    0.19885  0.26348E+00  -0.51578E-03   0.22009E+00       0.20
  -24     79.00    0.19083  0.25849E+00  -0.57979E-03   0.21535E+00       0.22
  -23     79.47    0.18280  0.25365E+00  -0.65154E-03   0.21075E+00       0.26
  -22     79.93    0.17477  0.24896E+00  -0.73048E-03   0.20630E+00       0.29
  -21     80.40    0.16671  0.24442E+00  -0.81609E-03   0.20198E+00       0.33
  -20     80.87    0.15865  0.24001E+00  -0.90787E-03   0.19780E+00       0.38
  -19     81.34    0.15058  0.23574E+00  -0.10053E-02   0.19374E+00       0.43
  -18     81.81    0.14250  0.23159E+00  -0.11079E-02   0.18981E+00       0.48
  -17     82.28    0.13441  0.22758E+00  -0.12153E-02   0.18600E+00       0.53
  -16     82.74    0.12631  0.22368E+00  -0.13269E-02   0.18230E+00       0.59
  -15     83.21    0.11820  0.21990E+00  -0.14423E-02   0.17871E+00       0.66
  -14     83.68    0.11008  0.21623E+00  -0.15611E-02   0.17523E+00       0.72
  -13     84.15    0.10195  0.21267E+00  -0.16829E-02   0.17185E+00       0.79
  -12     84.62    0.09382  0.20921E+00  -0.18072E-02   0.16857E+00       0.86
  -11     85.08    0.08569  0.20586E+00  -0.19338E-02   0.16538E+00       0.94
  -10     85.55    0.07754  0.20261E+00  -0.20621E-02   0.16229E+00       1.02
   -9     86.02    0.06939  0.19945E+00  -0.21918E-02   0.15929E+00       1.10
   -8     86.49    0.06124  0.19638E+00  -0.23226E-02   0.15637E+00       1.18
   -7     86.96    0.05308  0.19341E+00  -0.24542E-02   0.15353E+00       1.27
   -6     87.43    0.04492  0.19052E+00  -0.25861E-02   0.15078E+00       1.36
   -5     87.89    0.03676  0.18771E+00  -0.27182E-02   0.14810E+00       1.45
   -4     88.36    0.02859  0.18499E+00  -0.28499E-02   0.14550E+00       1.54
   -3     88.83    0.02043  0.18235E+00  -0.29812E-02   0.14297E+00       1.63
   -2     89.30    0.01226  0.17978E+00  -0.31115E-02   0.14050E+00       1.73
   -1     89.77    0.00409  0.17728E+00  -0.32408E-02   0.13811E+00       1.83
    0     90.00    0.00000  0.17606E+00  -0.33049E-02   0.13694E+00       1.88
    1     90.23   -0.00409  0.17486E+00  -0.33686E-02   0.13578E+00       1.93
    2     90.70   -0.01226  0.17251E+00  -0.34948E-02   0.13351E+00       2.03
    3     91.17   -0.02043  0.17022E+00  -0.36191E-02   0.13131E+00       2.13
    4     91.64   -0.02859  0.16800E+00  -0.37411E-02   0.12916E+00       2.23
    5     92.11   -0.03676  0.16585E+00  -0.38608E-02   0.12707E+00       2.33
    6     92.57   -0.04492  0.16376E+00  -0.39777E-02   0.12504E+00       2.43
    7     93.04   -0.05308  0.16172E+00  -0.40918E-02   0.12306E+00       2.53
    8     93.51   -0.06124  0.15975E+00  -0.42027E-02   0.12113E+00       2.63
    9     93.98   -0.06939  0.15783E+00  -0.43103E-02   0.11925E+00       2.73
   10     94.45   -0.07754  0.15597E+00  -0.44143E-02   0.11742E+00       2.83
   11     94.92   -0.08569  0.15416E+00  -0.45145E-02   0.11564E+00       2.93
   12     95.38   -0.09382  0.15240E+00  -0.46107E-02   0.11390E+00       3.03
   13     95.85   -0.10195  0.15070E+00  -0.47028E-02   0.11221E+00       3.12
   14     96.32   -0.11008  0.14904E+00  -0.47904E-02   0.11056E+00       3.21
   15     96.79   -0.11820  0.14743E+00  -0.48735E-02   0.10895E+00       3.31
   16     97.26   -0.12631  0.14587E+00  -0.49518E-02   0.10738E+00       3.39
   17     97.72   -0.13441  0.14436E+00  -0.50251E-02   0.10585E+00       3.48
   18     98.19   -0.14250  0.14289E+00  -0.50933E-02   0.10435E+00       3.56
   19     98.66   -0.15058  0.14146E+00  -0.51562E-02   0.10290E+00       3.64
   20     99.13   -0.15865  0.14008E+00  -0.52135E-02   0.10148E+00       3.72
   21     99.60   -0.16671  0.13873E+00  -0.52651E-02   0.10009E+00       3.80
   22    100.07   -0.17477  0.13743E+00  -0.53108E-02   0.98734E-01       3.86
   23    100.53   -0.18280  0.13617E+00  -0.53505E-02   0.97412E-01       3.93
   24    101.00   -0.19083  0.13494E+00  -0.53840E-02   0.96121E-01       3.99
   25    101.47   -0.19885  0.13375E+00  -0.54110E-02   0.94861E-01       4.05
   26    101.94   -0.20685  0.13260E+00  -0.54314E-02   0.93629E-01       4.10
   27    102.41   -0.21483  0.13149E+00  -0.54450E-02   0.92425E-01       4.14
   28    102.87   -0.22281  0.13040E+00  -0.54517E-02   0.91249E-01       4.18
   29    103.34   -0.23076  0.12936E+00  -0.54513E-02   0.90099E-01       4.21
   30    103.81   -0.23871  0.12834E+00  -0.54435E-02   0.88975E-01       4.24
   31    104.28   -0.24663  0.12736E+00  -0.54282E-02   0.87875E-01       4.26
   32    104.75   -0.25454  0.12641E+00  -0.54053E-02   0.86799E-01       4.28
   33    105.21   -0.26243  0.12549E+00  -0.53745E-02   0.85745E-01       4.28
   34    105.68   -0.27031  0.12460E+00  -0.53356E-02   0.84714E-01       4.28
   35    106.15   -0.27817  0.12374E+00  -0.52885E-02   0.83704E-01       4.27
   36    106.62   -0.28601  0.12291E+00  -0.52330E-02   0.82714E-01       4.26
   37    107.09   -0.29383  0.12211E+00  -0.51689E-02   0.81743E-01       4.23
   38    107.56   -0.30163  0.12134E+00  -0.50960E-02   0.80792E-01       4.20
   39    108.02   -0.30941  0.12059E+00  -0.50142E-02   0.79858E-01       4.16
   40    108.49   -0.31716  0.11987E+00  -0.49231E-02   0.78942E-01       4.11
   41    108.96   -0.32490  0.11917E+00  -0.48227E-02   0.78042E-01       4.05
   42    109.43   -0.33262  0.11850E+00  -0.47127E-02   0.77157E-01       3.98
   43    109.90   -0.34031  0.11785E+00  -0.45929E-02   0.76288E-01       3.90
   44    110.36   -0.34798  0.11723E+00  -0.44632E-02   0.75432E-01       3.81
   45    110.83   -0.35563  0.11663E+00  -0.43233E-02   0.74590E-01       3.71
   46    111.30   -0.36326  0.11606E+00  -0.41731E-02   0.73760E-01       3.60
   47    111.77   -0.37086  0.11550E+00  -0.40123E-02   0.72941E-01       3.47
   48    112.24   -0.37843  0.11497E+00  -0.38408E-02   0.72134E-01       3.34
   49    112.70   -0.38598  0.11446E+00  -0.36583E-02   0.71336E-01       3.20
   50    113.17   -0.39351  0.11397E+00  -0.34646E-02   0.70548E-01       3.04
   51    113.64   -0.40101  0.11350E+00  -0.32596E-02   0.69768E-01       2.87
   52    114.11   -0.40848  0.11305E+00  -0.30430E-02   0.68996E-01       2.69
   53    114.58   -0.41592  0.11262E+00  -0.28147E-02   0.68231E-01       2.50
   54    115.05   -0.42334  0.11221E+00  -0.25744E-02   0.67471E-01       2.29
   55    115.51   -0.43073  0.11182E+00  -0.23220E-02   0.66717E-01       2.08
   56    115.98   -0.43809  0.11144E+00  -0.20573E-02   0.65967E-01       1.85
   57    116.45   -0.44542  0.11108E+00  -0.17800E-02   0.65221E-01       1.60
   58    116.92   -0.45272  0.11074E+00  -0.14900E-02   0.64477E-01       1.35
   59    117.39   -0.45999  0.11042E+00  -0.11871E-02   0.63735E-01       1.08
   60    117.85   -0.46723  0.11011E+00  -0.87119E-03   0.62993E-01       0.79
   61    118.32   -0.47443  0.10981E+00  -0.54203E-03   0.62252E-01       0.49
   62    118.79   -0.48161  0.10954E+00  -0.19947E-03   0.61510E-01       0.18
   63    119.26   -0.48875  0.10927E+00   0.15663E-03   0.60765E-01      -0.14
   64    119.73   -0.49587  0.10902E+00   0.52643E-03   0.60018E-01      -0.48
   65    120.20   -0.50294  0.10879E+00   0.91006E-03   0.59268E-01      -0.84
   66    120.66   -0.50999  0.10856E+00   0.13077E-02   0.58512E-01      -1.20
   67    121.13   -0.51700  0.10835E+00   0.17193E-02   0.57751E-01      -1.59
   68    121.60   -0.52398  0.10816E+00   0.21452E-02   0.56984E-01      -1.98
   69    122.07   -0.53092  0.10797E+00   0.25853E-02   0.56209E-01      -2.39
   70    122.54   -0.53783  0.10780E+00   0.30398E-02   0.55425E-01      -2.82
   71    123.00   -0.54470  0.10763E+00   0.35087E-02   0.54632E-01      -3.26
   72    123.47   -0.55153  0.10748E+00   0.39921E-02   0.53828E-01      -3.71
   73    123.94   -0.55833  0.10734E+00   0.44900E-02   0.53013E-01      -4.18
   74    124.41   -0.56509  0.10720E+00   0.50024E-02   0.52185E-01      -4.67
   75    124.88   -0.57181  0.10708E+00   0.55292E-02   0.51344E-01      -5.16
   76    125.34   -0.57849  0.10696E+00   0.60706E-02   0.50488E-01      -5.68
   77    125.81   -0.58514  0.10686E+00   0.66264E-02   0.49616E-01      -6.20
   78    126.28   -0.59174  0.10676E+00   0.71965E-02   0.48728E-01      -6.74
   79    126.75   -0.59831  0.10667E+00   0.77808E-02   0.47821E-01      -7.29
   80    127.22   -0.60484  0.10659E+00   0.83793E-02   0.46896E-01      -7.86
   81    127.69   -0.61132  0.10651E+00   0.89918E-02   0.45952E-01      -8.44
   82    128.15   -0.61777  0.10644E+00   0.96180E-02   0.44986E-01      -9.04
   83    128.62   -0.62417  0.10638E+00   0.10258E-01   0.43998E-01      -9.64
   84    129.09   -0.63054  0.10632E+00   0.10911E-01   0.42988E-01     -10.26
   85    129.56   -0.63686  0.10627E+00   0.11577E-01   0.41953E-01     -10.89
   86    130.03   -0.64313  0.10622E+00   0.12256E-01   0.40893E-01     -11.54
   87    130.49   -0.64937  0.10618E+00   0.12947E-01   0.39807E-01     -12.19
   88    130.96   -0.65556  0.10615E+00   0.13650E-01   0.38695E-01     -12.86
   89    131.43   -0.66171  0.10611E+00   0.14365E-01   0.37553E-01     -13.54
   90    131.90   -0.66781  0.10608E+00   0.15091E-01   0.36383E-01     -14.23
   91    132.37   -0.67387  0.10606E+00   0.15827E-01   0.35183E-01     -14.92
   92    132.83   -0.67989  0.10604E+00   0.16574E-01   0.33952E-01     -15.63
   93    133.30   -0.68586  0.10602E+00   0.17330E-01   0.32688E-01     -16.35
   94    133.77   -0.69178  0.10601E+00   0.18094E-01   0.31392E-01     -17.07
   95    134.24   -0.69766  0.10600E+00   0.18867E-01   0.30062E-01     -17.80
   96    134.71   -0.70349  0.10599E+00   0.19647E-01   0.28697E-01     -18.54
   97    135.18   -0.70927  0.10598E+00   0.20433E-01   0.27297E-01     -19.28
   98    135.64   -0.71501  0.10598E+00   0.21226E-01   0.25861E-01     -20.03
   99    136.11   -0.72069  0.10598E+00   0.22023E-01   0.24388E-01     -20.78
  100    136.58   -0.72633  0.10599E+00   0.22824E-01   0.22877E-01     -21.53
  101    137.05   -0.73193  0.10599E+00   0.23628E-01   0.21328E-01     -22.29
  102    137.52   -0.73747  0.10600E+00   0.24434E-01   0.19740E-01     -23.05
  103    137.98   -0.74296  0.10601E+00   0.25241E-01   0.18112E-01     -23.81
  104    138.45   -0.74841  0.10603E+00   0.26047E-01   0.16444E-01     -24.57
  105    138.92   -0.75380  0.10605E+00   0.26852E-01   0.14736E-01     -25.32
  106    139.39   -0.75914  0.10607E+00   0.27654E-01   0.12987E-01     -26.07
  107    139.86   -0.76444  0.10609E+00   0.28452E-01   0.11196E-01     -26.82
  108    140.33   -0.76968  0.10612E+00   0.29245E-01   0.93645E-02     -27.56
  109    140.79   -0.77487  0.10616E+00   0.30031E-01   0.74910E-02     -28.29
  110    141.26   -0.78001  0.10620E+00   0.30809E-01   0.55758E-02     -29.01
  111    141.73   -0.78509  0.10624E+00   0.31577E-01   0.36187E-02     -29.72
  112    142.20   -0.79013  0.10629E+00   0.32334E-01   0.16198E-02     -30.42
  113    142.67   -0.79511  0.10635E+00   0.33078E-01  -0.42084E-03     -31.10
  114    143.13   -0.80004  0.10641E+00   0.33809E-01  -0.25029E-02     -31.77
  115    143.60   -0.80491  0.10648E+00   0.34523E-01  -0.46262E-02     -32.42
  116    144.07   -0.80974  0.10656E+00   0.35220E-01  -0.67903E-02     -33.05
  117    144.54   -0.81450  0.10664E+00   0.35898E-01  -0.89948E-02     -33.66
  118    145.01   -0.81922  0.10674E+00   0.36554E-01  -0.11239E-01     -34.25
  119    145.47   -0.82387  0.10685E+00   0.37189E-01  -0.13523E-01     -34.81
  120    145.94   -0.82848  0.10697E+00   0.37799E-01  -0.15844E-01     -35.34
  121    146.41   -0.83303  0.10709E+00   0.38383E-01  -0.18204E-01     -35.84
  122    146.88   -0.83752  0.10724E+00   0.38939E-01  -0.20600E-01     -36.31
  123    147.35   -0.84195  0.10739E+00   0.39466E-01  -0.23032E-01     -36.75
  124    147.82   -0.84634  0.10757E+00   0.39962E-01  -0.25498E-01     -37.15
  125    148.28   -0.85066  0.10775E+00   0.40425E-01  -0.27997E-01     -37.52
  126    148.75   -0.85493  0.10796E+00   0.40853E-01  -0.30528E-01     -37.84
  127    149.22   -0.85914  0.10818E+00   0.41245E-01  -0.33090E-01     -38.13
  128    149.69   -0.86329  0.10842E+00   0.41599E-01  -0.35680E-01     -38.37
  129    150.16   -0.86738  0.10868E+00   0.41914E-01  -0.38298E-01     -38.56
  130    150.62   -0.87142  0.10897E+00   0.42188E-01  -0.40941E-01     -38.72
  131    151.09   -0.87540  0.10927E+00   0.42419E-01  -0.43607E-01     -38.82
  132    151.56   -0.87932  0.10960E+00   0.42607E-01  -0.46296E-01     -38.87
  133    152.03   -0.88318  0.10996E+00   0.42749E-01  -0.49004E-01     -38.88
  134    152.50   -0.88698  0.11034E+00   0.42845E-01  -0.51730E-01     -38.83
  135    152.96   -0.89073  0.11074E+00   0.42894E-01  -0.54471E-01     -38.73
  136    153.43   -0.89441  0.11118E+00   0.42893E-01  -0.57226E-01     -38.58
  137    153.90   -0.89804  0.11164E+00   0.42844E-01  -0.59992E-01     -38.38
  138    154.37   -0.90160  0.11213E+00   0.42744E-01  -0.62766E-01     -38.12
  139    154.84   -0.90510  0.11266E+00   0.42592E-01  -0.65546E-01     -37.81
  140    155.31   -0.90855  0.11321E+00   0.42389E-01  -0.68329E-01     -37.44
  141    155.77   -0.91193  0.11380E+00   0.42134E-01  -0.71114E-01     -37.02
  142    156.24   -0.91525  0.11442E+00   0.41826E-01  -0.73897E-01     -36.55
  143    156.71   -0.91851  0.11508E+00   0.41466E-01  -0.76676E-01     -36.03
  144    157.18   -0.92171  0.11576E+00   0.41053E-01  -0.79448E-01     -35.46
  145    157.65   -0.92485  0.11649E+00   0.40588E-01  -0.82211E-01     -34.84
  146    158.11   -0.92793  0.11724E+00   0.40070E-01  -0.84961E-01     -34.18
  147    158.58   -0.93094  0.11803E+00   0.39501E-01  -0.87696E-01     -33.47
  148    159.05   -0.93390  0.11886E+00   0.38881E-01  -0.90413E-01     -32.71
  149    159.52   -0.93679  0.11972E+00   0.38212E-01  -0.93110E-01     -31.92
  150    159.99   -0.93961  0.12061E+00   0.37493E-01  -0.95784E-01     -31.09
  151    160.46   -0.94238  0.12154E+00   0.36727E-01  -0.98432E-01     -30.22
  152    160.92   -0.94508  0.12250E+00   0.35915E-01  -0.10105E+00     -29.32
  153    161.39   -0.94772  0.12349E+00   0.35058E-01  -0.10364E+00     -28.39
  154    161.86   -0.95030  0.12452E+00   0.34158E-01  -0.10619E+00     -27.43
  155    162.33   -0.95281  0.12557E+00   0.33219E-01  -0.10871E+00     -26.45
  156    162.80   -0.95526  0.12665E+00   0.32240E-01  -0.11119E+00     -25.46
  157    163.26   -0.95764  0.12776E+00   0.31226E-01  -0.11363E+00     -24.44
  158    163.73   -0.95996  0.12889E+00   0.30179E-01  -0.11602E+00     -23.41
  159    164.20   -0.96222  0.13005E+00   0.29101E-01  -0.11837E+00     -22.38
  160    164.67   -0.96441  0.13122E+00   0.27996E-01  -0.12067E+00     -21.34
  161    165.14   -0.96654  0.13242E+00   0.26867E-01  -0.12292E+00     -20.29
  162    165.60   -0.96860  0.13362E+00   0.25716E-01  -0.12512E+00     -19.24
  163    166.07   -0.97060  0.13485E+00   0.24548E-01  -0.12726E+00     -18.20
  164    166.54   -0.97254  0.13608E+00   0.23365E-01  -0.12935E+00     -17.17
  165    167.01   -0.97440  0.13732E+00   0.22172E-01  -0.13138E+00     -16.15
  166    167.48   -0.97621  0.13856E+00   0.20973E-01  -0.13335E+00     -15.14
  167    167.95   -0.97795  0.13980E+00   0.19770E-01  -0.13526E+00     -14.14
  168    168.41   -0.97962  0.14104E+00   0.18569E-01  -0.13710E+00     -13.17
  169    168.88   -0.98123  0.14227E+00   0.17373E-01  -0.13889E+00     -12.21
  170    169.35   -0.98277  0.14349E+00   0.16186E-01  -0.14060E+00     -11.28
  171    169.82   -0.98425  0.14470E+00   0.15013E-01  -0.14225E+00     -10.38
  172    170.29   -0.98566  0.14588E+00   0.13857E-01  -0.14383E+00      -9.50
  173    170.75   -0.98701  0.14705E+00   0.12723E-01  -0.14534E+00      -8.65
  174    171.22   -0.98829  0.14819E+00   0.11614E-01  -0.14679E+00      -7.84
  175    171.69   -0.98950  0.14930E+00   0.10535E-01  -0.14816E+00      -7.06
  176    172.16   -0.99065  0.15037E+00   0.94891E-02  -0.14946E+00      -6.31
  177    172.63   -0.99173  0.15140E+00   0.84809E-02  -0.15068E+00      -5.60
  178    173.09   -0.99275  0.15240E+00   0.75140E-02  -0.15184E+00      -4.93
  179    173.56   -0.99370  0.15335E+00   0.65920E-02  -0.15292E+00      -4.30
  180    174.03   -0.99458  0.15424E+00   0.57184E-02  -0.15393E+00      -3.71
  181    174.50   -0.99539  0.15509E+00   0.48965E-02  -0.15486E+00      -3.16
  182    174.97   -0.99614  0.15588E+00   0.41296E-02  -0.15572E+00      -2.65
  183    175.44   -0.99683  0.15661E+00   0.34205E-02  -0.15650E+00      -2.18
  184    175.90   -0.99744  0.15728E+00   0.27721E-02  -0.15721E+00      -1.76
  185    176.37   -0.99799  0.15788E+00   0.21869E-02  -0.15784E+00      -1.39
  186    176.84   -0.99848  0.15842E+00   0.16673E-02  -0.15839E+00      -1.05
  187    177.31   -0.99890  0.15888E+00   0.12152E-02  -0.15887E+00      -0.76
  188    177.78   -0.99925  0.15928E+00   0.83247E-03  -0.15927E+00      -0.52
  189    178.24   -0.99953  0.15960E+00   0.52068E-03  -0.15960E+00      -0.33
  190    178.71   -0.99975  0.15985E+00   0.28105E-03  -0.15985E+00      -0.18
  191    179.18   -0.99990  0.16002E+00   0.11453E-03  -0.16002E+00      -0.07
  192    179.64   -0.99998  0.16012E+00   0.21755E-04  -0.16012E+00      -0.01
  193    180.00   -1.00000  0.16014E+00   0.00000E+00  -0.16014E+00      -0.00

