 alpha final =    573.00000000000000     

     granulo :  rn =  1.0  rm = 0.10  ln sig =  0.500  pour r <  50. mic.
     ======================================================================

                    longueur d onde :  0.558 microns
                    ================================

     indice reel :   1.43000     indice imaginaire : -0.20000E-02


                    nombre de particules :  0.10000E+01

       Sections d extinction et de diffusion ramenees a une particule :
       ----------------------------------------------------------------
     extinction :  0.72002E-01 mic**2     diffusion :  0.71098E-01 mic**2

            Pizero : 0.987452                 g.assymetrie : 0.69433

 ------------------------------------------------------------------------------
   j      theta       mu         i             q             u         -q/i*100
 ------------------------------------------------------------------------------
 -193      0.00    1.00000  0.11345E+02   0.00000E+00   0.11345E+02      -0.00
 -192      0.36    0.99998  0.11343E+02  -0.29859E-04   0.11343E+02       0.00
 -191      0.82    0.99990  0.11333E+02  -0.15733E-03   0.11333E+02       0.00
 -190      1.29    0.99975  0.11317E+02  -0.38668E-03   0.11317E+02       0.00
 -189      1.76    0.99953  0.11292E+02  -0.71797E-03   0.11292E+02       0.01
 -188      2.22    0.99925  0.11261E+02  -0.11512E-02   0.11261E+02       0.01
 -187      2.69    0.99890  0.11222E+02  -0.16864E-02   0.11222E+02       0.02
 -186      3.16    0.99848  0.11177E+02  -0.23236E-02   0.11176E+02       0.02
 -185      3.63    0.99799  0.11124E+02  -0.30625E-02   0.11124E+02       0.03
 -184      4.10    0.99744  0.11065E+02  -0.39031E-02   0.11064E+02       0.04
 -183      4.56    0.99683  0.10999E+02  -0.48450E-02   0.10999E+02       0.04
 -182      5.03    0.99614  0.10926E+02  -0.58878E-02   0.10926E+02       0.05
 -181      5.50    0.99539  0.10848E+02  -0.70310E-02   0.10848E+02       0.06
 -180      5.97    0.99458  0.10764E+02  -0.82737E-02   0.10764E+02       0.08
 -179      6.44    0.99370  0.10674E+02  -0.96151E-02   0.10674E+02       0.09
 -178      6.91    0.99275  0.10579E+02  -0.11054E-01   0.10579E+02       0.10
 -177      7.37    0.99173  0.10479E+02  -0.12589E-01   0.10478E+02       0.12
 -176      7.84    0.99065  0.10374E+02  -0.14218E-01   0.10373E+02       0.14
 -175      8.31    0.98950  0.10265E+02  -0.15940E-01   0.10264E+02       0.16
 -174      8.78    0.98829  0.10151E+02  -0.17752E-01   0.10150E+02       0.17
 -173      9.25    0.98701  0.10033E+02  -0.19652E-01   0.10032E+02       0.20
 -172      9.71    0.98566  0.99118E+01  -0.21637E-01   0.99103E+01       0.22
 -171     10.18    0.98425  0.97870E+01  -0.23704E-01   0.97853E+01       0.24
 -170     10.65    0.98277  0.96591E+01  -0.25850E-01   0.96571E+01       0.27
 -169     11.12    0.98123  0.95284E+01  -0.28072E-01   0.95261E+01       0.29
 -168     11.59    0.97962  0.93952E+01  -0.30365E-01   0.93925E+01       0.32
 -167     12.05    0.97795  0.92596E+01  -0.32727E-01   0.92566E+01       0.35
 -166     12.52    0.97621  0.91220E+01  -0.35152E-01   0.91187E+01       0.39
 -165     12.99    0.97440  0.89826E+01  -0.37637E-01   0.89789E+01       0.42
 -164     13.46    0.97254  0.88417E+01  -0.40177E-01   0.88375E+01       0.45
 -163     13.93    0.97060  0.86994E+01  -0.42768E-01   0.86949E+01       0.49
 -162     14.40    0.96860  0.85561E+01  -0.45404E-01   0.85511E+01       0.53
 -161     14.86    0.96654  0.84120E+01  -0.48081E-01   0.84065E+01       0.57
 -160     15.33    0.96441  0.82672E+01  -0.50795E-01   0.82612E+01       0.61
 -159     15.80    0.96222  0.81220E+01  -0.53540E-01   0.81155E+01       0.66
 -158     16.27    0.95996  0.79765E+01  -0.56312E-01   0.79695E+01       0.71
 -157     16.74    0.95764  0.78310E+01  -0.59106E-01   0.78234E+01       0.75
 -156     17.20    0.95526  0.76856E+01  -0.61916E-01   0.76775E+01       0.81
 -155     17.67    0.95281  0.75406E+01  -0.64738E-01   0.75318E+01       0.86
 -154     18.14    0.95030  0.73960E+01  -0.67567E-01   0.73866E+01       0.91
 -153     18.61    0.94772  0.72519E+01  -0.70399E-01   0.72420E+01       0.97
 -152     19.08    0.94508  0.71087E+01  -0.73228E-01   0.70981E+01       1.03
 -151     19.54    0.94238  0.69663E+01  -0.76051E-01   0.69550E+01       1.09
 -150     20.01    0.93961  0.68249E+01  -0.78863E-01   0.68130E+01       1.16
 -149     20.48    0.93679  0.66847E+01  -0.81660E-01   0.66720E+01       1.22
 -148     20.95    0.93390  0.65456E+01  -0.84437E-01   0.65323E+01       1.29
 -147     21.42    0.93094  0.64079E+01  -0.87191E-01   0.63939E+01       1.36
 -146     21.89    0.92793  0.62717E+01  -0.89918E-01   0.62569E+01       1.43
 -145     22.35    0.92485  0.61369E+01  -0.92614E-01   0.61213E+01       1.51
 -144     22.82    0.92171  0.60037E+01  -0.95276E-01   0.59874E+01       1.59
 -143     23.29    0.91851  0.58721E+01  -0.97900E-01   0.58551E+01       1.67
 -142     23.76    0.91525  0.57423E+01  -0.10048E+00   0.57244E+01       1.75
 -141     24.23    0.91193  0.56142E+01  -0.10302E+00   0.55956E+01       1.84
 -140     24.69    0.90855  0.54880E+01  -0.10552E+00   0.54686E+01       1.92
 -139     25.16    0.90510  0.53636E+01  -0.10796E+00   0.53434E+01       2.01
 -138     25.63    0.90160  0.52411E+01  -0.11035E+00   0.52201E+01       2.11
 -137     26.10    0.89804  0.51206E+01  -0.11269E+00   0.50988E+01       2.20
 -136     26.57    0.89441  0.50020E+01  -0.11498E+00   0.49794E+01       2.30
 -135     27.04    0.89073  0.48855E+01  -0.11720E+00   0.48620E+01       2.40
 -134     27.50    0.88698  0.47709E+01  -0.11937E+00   0.47467E+01       2.50
 -133     27.97    0.88318  0.46584E+01  -0.12148E+00   0.46333E+01       2.61
 -132     28.44    0.87932  0.45479E+01  -0.12352E+00   0.45220E+01       2.72
 -131     28.91    0.87540  0.44395E+01  -0.12550E+00   0.44128E+01       2.83
 -130     29.38    0.87142  0.43331E+01  -0.12741E+00   0.43056E+01       2.94
 -129     29.84    0.86738  0.42288E+01  -0.12926E+00   0.42004E+01       3.06
 -128     30.31    0.86329  0.41265E+01  -0.13105E+00   0.40974E+01       3.18
 -127     30.78    0.85914  0.40263E+01  -0.13276E+00   0.39963E+01       3.30
 -126     31.25    0.85493  0.39281E+01  -0.13441E+00   0.38973E+01       3.42
 -125     31.72    0.85066  0.38320E+01  -0.13599E+00   0.38004E+01       3.55
 -124     32.18    0.84634  0.37379E+01  -0.13750E+00   0.37055E+01       3.68
 -123     32.65    0.84195  0.36457E+01  -0.13894E+00   0.36125E+01       3.81
 -122     33.12    0.83752  0.35556E+01  -0.14032E+00   0.35216E+01       3.95
 -121     33.59    0.83303  0.34674E+01  -0.14162E+00   0.34327E+01       4.08
 -120     34.06    0.82848  0.33812E+01  -0.14286E+00   0.33457E+01       4.23
 -119     34.53    0.82387  0.32969E+01  -0.14403E+00   0.32606E+01       4.37
 -118     34.99    0.81922  0.32146E+01  -0.14513E+00   0.31774E+01       4.51
 -117     35.46    0.81450  0.31341E+01  -0.14617E+00   0.30962E+01       4.66
 -116     35.93    0.80974  0.30554E+01  -0.14714E+00   0.30168E+01       4.82
 -115     36.40    0.80491  0.29786E+01  -0.14804E+00   0.29392E+01       4.97
 -114     36.87    0.80004  0.29036E+01  -0.14888E+00   0.28635E+01       5.13
 -113     37.33    0.79511  0.28304E+01  -0.14965E+00   0.27895E+01       5.29
 -112     37.80    0.79013  0.27589E+01  -0.15036E+00   0.27173E+01       5.45
 -111     38.27    0.78509  0.26891E+01  -0.15101E+00   0.26468E+01       5.62
 -110     38.74    0.78001  0.26211E+01  -0.15159E+00   0.25781E+01       5.78
 -109     39.21    0.77487  0.25547E+01  -0.15212E+00   0.25110E+01       5.95
 -108     39.67    0.76968  0.24899E+01  -0.15258E+00   0.24455E+01       6.13
 -107     40.14    0.76444  0.24267E+01  -0.15299E+00   0.23816E+01       6.30
 -106     40.61    0.75914  0.23651E+01  -0.15334E+00   0.23194E+01       6.48
 -105     41.08    0.75380  0.23050E+01  -0.15364E+00   0.22587E+01       6.67
 -104     41.55    0.74841  0.22465E+01  -0.15388E+00   0.21994E+01       6.85
 -103     42.02    0.74296  0.21894E+01  -0.15406E+00   0.21417E+01       7.04
 -102     42.48    0.73747  0.21338E+01  -0.15420E+00   0.20855E+01       7.23
 -101     42.95    0.73193  0.20796E+01  -0.15428E+00   0.20307E+01       7.42
 -100     43.42    0.72633  0.20267E+01  -0.15431E+00   0.19772E+01       7.61
  -99     43.89    0.72069  0.19753E+01  -0.15430E+00   0.19252E+01       7.81
  -98     44.36    0.71501  0.19251E+01  -0.15424E+00   0.18745E+01       8.01
  -97     44.82    0.70927  0.18763E+01  -0.15413E+00   0.18250E+01       8.21
  -96     45.29    0.70349  0.18287E+01  -0.15398E+00   0.17769E+01       8.42
  -95     45.76    0.69766  0.17824E+01  -0.15378E+00   0.17300E+01       8.63
  -94     46.23    0.69178  0.17373E+01  -0.15355E+00   0.16844E+01       8.84
  -93     46.70    0.68586  0.16934E+01  -0.15327E+00   0.16399E+01       9.05
  -92     47.17    0.67989  0.16506E+01  -0.15295E+00   0.15966E+01       9.27
  -91     47.63    0.67387  0.16090E+01  -0.15260E+00   0.15545E+01       9.48
  -90     48.10    0.66781  0.15684E+01  -0.15221E+00   0.15134E+01       9.70
  -89     48.57    0.66171  0.15290E+01  -0.15178E+00   0.14735E+01       9.93
  -88     49.04    0.65556  0.14906E+01  -0.15132E+00   0.14346E+01      10.15
  -87     49.51    0.64937  0.14532E+01  -0.15083E+00   0.13967E+01      10.38
  -86     49.97    0.64313  0.14168E+01  -0.15031E+00   0.13599E+01      10.61
  -85     50.44    0.63686  0.13814E+01  -0.14975E+00   0.13240E+01      10.84
  -84     50.91    0.63054  0.13469E+01  -0.14917E+00   0.12891E+01      11.07
  -83     51.38    0.62417  0.13134E+01  -0.14855E+00   0.12551E+01      11.31
  -82     51.85    0.61777  0.12807E+01  -0.14791E+00   0.12220E+01      11.55
  -81     52.31    0.61132  0.12490E+01  -0.14725E+00   0.11898E+01      11.79
  -80     52.78    0.60484  0.12181E+01  -0.14656E+00   0.11585E+01      12.03
  -79     53.25    0.59831  0.11880E+01  -0.14585E+00   0.11280E+01      12.28
  -78     53.72    0.59174  0.11587E+01  -0.14511E+00   0.10984E+01      12.52
  -77     54.19    0.58514  0.11303E+01  -0.14436E+00   0.10695E+01      12.77
  -76     54.66    0.57849  0.11026E+01  -0.14358E+00   0.10415E+01      13.02
  -75     55.12    0.57181  0.10756E+01  -0.14278E+00   0.10141E+01      13.27
  -74     55.59    0.56509  0.10494E+01  -0.14197E+00   0.98755E+00      13.53
  -73     56.06    0.55833  0.10239E+01  -0.14114E+00   0.96168E+00      13.78
  -72     56.53    0.55153  0.99910E+00  -0.14029E+00   0.93651E+00      14.04
  -71     57.00    0.54470  0.97495E+00  -0.13942E+00   0.91203E+00      14.30
  -70     57.46    0.53783  0.95147E+00  -0.13855E+00   0.88820E+00      14.56
  -69     57.93    0.53092  0.92862E+00  -0.13765E+00   0.86502E+00      14.82
  -68     58.40    0.52398  0.90639E+00  -0.13675E+00   0.84247E+00      15.09
  -67     58.87    0.51700  0.88476E+00  -0.13583E+00   0.82053E+00      15.35
  -66     59.34    0.50999  0.86372E+00  -0.13490E+00   0.79918E+00      15.62
  -65     59.80    0.50294  0.84326E+00  -0.13396E+00   0.77840E+00      15.89
  -64     60.27    0.49587  0.82335E+00  -0.13301E+00   0.75819E+00      16.16
  -63     60.74    0.48875  0.80398E+00  -0.13206E+00   0.73853E+00      16.43
  -62     61.21    0.48161  0.78513E+00  -0.13109E+00   0.71940E+00      16.70
  -61     61.68    0.47443  0.76680E+00  -0.13012E+00   0.70078E+00      16.97
  -60     62.15    0.46723  0.74896E+00  -0.12914E+00   0.68267E+00      17.24
  -59     62.61    0.45999  0.73161E+00  -0.12815E+00   0.66504E+00      17.52
  -58     63.08    0.45272  0.71472E+00  -0.12716E+00   0.64789E+00      17.79
  -57     63.55    0.44542  0.69830E+00  -0.12616E+00   0.63120E+00      18.07
  -56     64.02    0.43809  0.68232E+00  -0.12516E+00   0.61497E+00      18.34
  -55     64.49    0.43073  0.66677E+00  -0.12415E+00   0.59917E+00      18.62
  -54     64.95    0.42334  0.65164E+00  -0.12314E+00   0.58379E+00      18.90
  -53     65.42    0.41592  0.63692E+00  -0.12213E+00   0.56883E+00      19.17
  -52     65.89    0.40848  0.62260E+00  -0.12111E+00   0.55427E+00      19.45
  -51     66.36    0.40101  0.60867E+00  -0.12010E+00   0.54010E+00      19.73
  -50     66.83    0.39351  0.59511E+00  -0.11908E+00   0.52631E+00      20.01
  -49     67.30    0.38598  0.58192E+00  -0.11806E+00   0.51288E+00      20.29
  -48     67.76    0.37843  0.56908E+00  -0.11704E+00   0.49982E+00      20.57
  -47     68.23    0.37086  0.55659E+00  -0.11602E+00   0.48711E+00      20.84
  -46     68.70    0.36326  0.54443E+00  -0.11500E+00   0.47473E+00      21.12
  -45     69.17    0.35563  0.53260E+00  -0.11398E+00   0.46268E+00      21.40
  -44     69.64    0.34798  0.52109E+00  -0.11296E+00   0.45096E+00      21.68
  -43     70.10    0.34031  0.50988E+00  -0.11194E+00   0.43954E+00      21.95
  -42     70.57    0.33262  0.49898E+00  -0.11093E+00   0.42843E+00      22.23
  -41     71.04    0.32490  0.48837E+00  -0.10991E+00   0.41762E+00      22.51
  -40     71.51    0.31716  0.47804E+00  -0.10890E+00   0.40708E+00      22.78
  -39     71.98    0.30941  0.46799E+00  -0.10789E+00   0.39683E+00      23.05
  -38     72.44    0.30163  0.45820E+00  -0.10688E+00   0.38685E+00      23.33
  -37     72.91    0.29383  0.44868E+00  -0.10588E+00   0.37713E+00      23.60
  -36     73.38    0.28601  0.43941E+00  -0.10488E+00   0.36766E+00      23.87
  -35     73.85    0.27817  0.43039E+00  -0.10388E+00   0.35845E+00      24.14
  -34     74.32    0.27031  0.42161E+00  -0.10288E+00   0.34947E+00      24.40
  -33     74.79    0.26243  0.41306E+00  -0.10189E+00   0.34073E+00      24.67
  -32     75.25    0.25454  0.40474E+00  -0.10091E+00   0.33221E+00      24.93
  -31     75.72    0.24663  0.39663E+00  -0.99924E-01   0.32392E+00      25.19
  -30     76.19    0.23871  0.38875E+00  -0.98945E-01   0.31585E+00      25.45
  -29     76.66    0.23076  0.38107E+00  -0.97972E-01   0.30798E+00      25.71
  -28     77.13    0.22281  0.37359E+00  -0.97003E-01   0.30031E+00      25.96
  -27     77.59    0.21483  0.36631E+00  -0.96038E-01   0.29285E+00      26.22
  -26     78.06    0.20685  0.35922E+00  -0.95079E-01   0.28557E+00      26.47
  -25     78.53    0.19885  0.35232E+00  -0.94124E-01   0.27849E+00      26.72
  -24     79.00    0.19083  0.34561E+00  -0.93175E-01   0.27158E+00      26.96
  -23     79.47    0.18280  0.33906E+00  -0.92230E-01   0.26485E+00      27.20
  -22     79.93    0.17477  0.33269E+00  -0.91291E-01   0.25829E+00      27.44
  -21     80.40    0.16671  0.32649E+00  -0.90358E-01   0.25190E+00      27.68
  -20     80.87    0.15865  0.32045E+00  -0.89429E-01   0.24567E+00      27.91
  -19     81.34    0.15058  0.31457E+00  -0.88506E-01   0.23960E+00      28.14
  -18     81.81    0.14250  0.30884E+00  -0.87589E-01   0.23368E+00      28.36
  -17     82.28    0.13441  0.30326E+00  -0.86677E-01   0.22791E+00      28.58
  -16     82.74    0.12631  0.29783E+00  -0.85771E-01   0.22229E+00      28.80
  -15     83.21    0.11820  0.29254E+00  -0.84870E-01   0.21680E+00      29.01
  -14     83.68    0.11008  0.28738E+00  -0.83975E-01   0.21146E+00      29.22
  -13     84.15    0.10195  0.28236E+00  -0.83085E-01   0.20624E+00      29.42
  -12     84.62    0.09382  0.27748E+00  -0.82202E-01   0.20116E+00      29.62
  -11     85.08    0.08569  0.27272E+00  -0.81324E-01   0.19620E+00      29.82
  -10     85.55    0.07754  0.26808E+00  -0.80451E-01   0.19136E+00      30.01
   -9     86.02    0.06939  0.26357E+00  -0.79585E-01   0.18664E+00      30.20
   -8     86.49    0.06124  0.25917E+00  -0.78724E-01   0.18204E+00      30.38
   -7     86.96    0.05308  0.25489E+00  -0.77869E-01   0.17755E+00      30.55
   -6     87.43    0.04492  0.25071E+00  -0.77019E-01   0.17317E+00      30.72
   -5     87.89    0.03676  0.24665E+00  -0.76176E-01   0.16889E+00      30.88
   -4     88.36    0.02859  0.24269E+00  -0.75337E-01   0.16472E+00      31.04
   -3     88.83    0.02043  0.23884E+00  -0.74505E-01   0.16065E+00      31.19
   -2     89.30    0.01226  0.23509E+00  -0.73678E-01   0.15668E+00      31.34
   -1     89.77    0.00409  0.23143E+00  -0.72857E-01   0.15280E+00      31.48
    0     90.00    0.00000  0.22964E+00  -0.72448E-01   0.15089E+00      31.55
    1     90.23   -0.00409  0.22787E+00  -0.72041E-01   0.14901E+00      31.61
    2     90.70   -0.01226  0.22440E+00  -0.71231E-01   0.14531E+00      31.74
    3     91.17   -0.02043  0.22103E+00  -0.70426E-01   0.14170E+00      31.86
    4     91.64   -0.02859  0.21774E+00  -0.69626E-01   0.13818E+00      31.98
    5     92.11   -0.03676  0.21454E+00  -0.68832E-01   0.13473E+00      32.08
    6     92.57   -0.04492  0.21142E+00  -0.68043E-01   0.13137E+00      32.18
    7     93.04   -0.05308  0.20838E+00  -0.67260E-01   0.12809E+00      32.28
    8     93.51   -0.06124  0.20543E+00  -0.66481E-01   0.12488E+00      32.36
    9     93.98   -0.06939  0.20255E+00  -0.65708E-01   0.12174E+00      32.44
   10     94.45   -0.07754  0.19974E+00  -0.64939E-01   0.11868E+00      32.51
   11     94.92   -0.08569  0.19702E+00  -0.64176E-01   0.11568E+00      32.57
   12     95.38   -0.09382  0.19436E+00  -0.63417E-01   0.11276E+00      32.63
   13     95.85   -0.10195  0.19177E+00  -0.62663E-01   0.10989E+00      32.68
   14     96.32   -0.11008  0.18926E+00  -0.61914E-01   0.10710E+00      32.71
   15     96.79   -0.11820  0.18680E+00  -0.61169E-01   0.10436E+00      32.74
   16     97.26   -0.12631  0.18442E+00  -0.60429E-01   0.10168E+00      32.77
   17     97.72   -0.13441  0.18210E+00  -0.59693E-01   0.99068E-01      32.78
   18     98.19   -0.14250  0.17984E+00  -0.58961E-01   0.96507E-01      32.79
   19     98.66   -0.15058  0.17764E+00  -0.58234E-01   0.94003E-01      32.78
   20     99.13   -0.15865  0.17550E+00  -0.57510E-01   0.91551E-01      32.77
   21     99.60   -0.16671  0.17342E+00  -0.56791E-01   0.89152E-01      32.75
   22    100.07   -0.17477  0.17140E+00  -0.56075E-01   0.86803E-01      32.72
   23    100.53   -0.18280  0.16943E+00  -0.55364E-01   0.84504E-01      32.68
   24    101.00   -0.19083  0.16752E+00  -0.54656E-01   0.82252E-01      32.63
   25    101.47   -0.19885  0.16566E+00  -0.53951E-01   0.80047E-01      32.57
   26    101.94   -0.20685  0.16385E+00  -0.53250E-01   0.77887E-01      32.50
   27    102.41   -0.21483  0.16209E+00  -0.52553E-01   0.75770E-01      32.42
   28    102.87   -0.22281  0.16039E+00  -0.51858E-01   0.73696E-01      32.33
   29    103.34   -0.23076  0.15873E+00  -0.51167E-01   0.71663E-01      32.24
   30    103.81   -0.23871  0.15712E+00  -0.50479E-01   0.69670E-01      32.13
   31    104.28   -0.24663  0.15555E+00  -0.49794E-01   0.67716E-01      32.01
   32    104.75   -0.25454  0.15403E+00  -0.49112E-01   0.65799E-01      31.88
   33    105.21   -0.26243  0.15256E+00  -0.48432E-01   0.63919E-01      31.75
   34    105.68   -0.27031  0.15112E+00  -0.47755E-01   0.62074E-01      31.60
   35    106.15   -0.27817  0.14974E+00  -0.47080E-01   0.60263E-01      31.44
   36    106.62   -0.28601  0.14839E+00  -0.46408E-01   0.58485E-01      31.27
   37    107.09   -0.29383  0.14708E+00  -0.45738E-01   0.56740E-01      31.10
   38    107.56   -0.30163  0.14582E+00  -0.45071E-01   0.55026E-01      30.91
   39    108.02   -0.30941  0.14459E+00  -0.44405E-01   0.53341E-01      30.71
   40    108.49   -0.31716  0.14341E+00  -0.43741E-01   0.51686E-01      30.50
   41    108.96   -0.32490  0.14226E+00  -0.43079E-01   0.50060E-01      30.28
   42    109.43   -0.33262  0.14114E+00  -0.42419E-01   0.48460E-01      30.05
   43    109.90   -0.34031  0.14007E+00  -0.41760E-01   0.46887E-01      29.81
   44    110.36   -0.34798  0.13903E+00  -0.41102E-01   0.45339E-01      29.56
   45    110.83   -0.35563  0.13802E+00  -0.40446E-01   0.43815E-01      29.30
   46    111.30   -0.36326  0.13705E+00  -0.39791E-01   0.42316E-01      29.03
   47    111.77   -0.37086  0.13612E+00  -0.39137E-01   0.40839E-01      28.75
   48    112.24   -0.37843  0.13521E+00  -0.38483E-01   0.39384E-01      28.46
   49    112.70   -0.38598  0.13434E+00  -0.37831E-01   0.37950E-01      28.16
   50    113.17   -0.39351  0.13351E+00  -0.37179E-01   0.36536E-01      27.85
   51    113.64   -0.40101  0.13270E+00  -0.36527E-01   0.35142E-01      27.53
   52    114.11   -0.40848  0.13192E+00  -0.35875E-01   0.33767E-01      27.19
   53    114.58   -0.41592  0.13118E+00  -0.35224E-01   0.32410E-01      26.85
   54    115.05   -0.42334  0.13046E+00  -0.34573E-01   0.31070E-01      26.50
   55    115.51   -0.43073  0.12978E+00  -0.33922E-01   0.29746E-01      26.14
   56    115.98   -0.43809  0.12912E+00  -0.33270E-01   0.28438E-01      25.77
   57    116.45   -0.44542  0.12849E+00  -0.32618E-01   0.27145E-01      25.39
   58    116.92   -0.45272  0.12789E+00  -0.31966E-01   0.25866E-01      24.99
   59    117.39   -0.45999  0.12732E+00  -0.31312E-01   0.24601E-01      24.59
   60    117.85   -0.46723  0.12678E+00  -0.30658E-01   0.23349E-01      24.18
   61    118.32   -0.47443  0.12626E+00  -0.30003E-01   0.22109E-01      23.76
   62    118.79   -0.48161  0.12577E+00  -0.29348E-01   0.20880E-01      23.33
   63    119.26   -0.48875  0.12530E+00  -0.28690E-01   0.19662E-01      22.90
   64    119.73   -0.49587  0.12486E+00  -0.28032E-01   0.18454E-01      22.45
   65    120.20   -0.50294  0.12445E+00  -0.27372E-01   0.17256E-01      21.99
   66    120.66   -0.50999  0.12406E+00  -0.26711E-01   0.16066E-01      21.53
   67    121.13   -0.51700  0.12370E+00  -0.26047E-01   0.14885E-01      21.06
   68    121.60   -0.52398  0.12336E+00  -0.25382E-01   0.13711E-01      20.58
   69    122.07   -0.53092  0.12304E+00  -0.24716E-01   0.12544E-01      20.09
   70    122.54   -0.53783  0.12275E+00  -0.24047E-01   0.11383E-01      19.59
   71    123.00   -0.54470  0.12249E+00  -0.23375E-01   0.10228E-01      19.08
   72    123.47   -0.55153  0.12224E+00  -0.22702E-01   0.90775E-02      18.57
   73    123.94   -0.55833  0.12202E+00  -0.22026E-01   0.79314E-02      18.05
   74    124.41   -0.56509  0.12182E+00  -0.21348E-01   0.67890E-02      17.52
   75    124.88   -0.57181  0.12165E+00  -0.20667E-01   0.56497E-02      16.99
   76    125.34   -0.57849  0.12149E+00  -0.19984E-01   0.45127E-02      16.45
   77    125.81   -0.58514  0.12136E+00  -0.19297E-01   0.33776E-02      15.90
   78    126.28   -0.59174  0.12125E+00  -0.18608E-01   0.22436E-02      15.35
   79    126.75   -0.59831  0.12116E+00  -0.17916E-01   0.11102E-02      14.79
   80    127.22   -0.60484  0.12109E+00  -0.17220E-01  -0.23311E-04      14.22
   81    127.69   -0.61132  0.12104E+00  -0.16522E-01  -0.11575E-02      13.65
   82    128.15   -0.61777  0.12102E+00  -0.15820E-01  -0.22931E-02      13.07
   83    128.62   -0.62417  0.12101E+00  -0.15115E-01  -0.34306E-02      12.49
   84    129.09   -0.63054  0.12102E+00  -0.14407E-01  -0.45708E-02      11.90
   85    129.56   -0.63686  0.12105E+00  -0.13695E-01  -0.57141E-02      11.31
   86    130.03   -0.64313  0.12111E+00  -0.12979E-01  -0.68613E-02      10.72
   87    130.49   -0.64937  0.12118E+00  -0.12261E-01  -0.80129E-02      10.12
   88    130.96   -0.65556  0.12127E+00  -0.11538E-01  -0.91697E-02       9.51
   89    131.43   -0.66171  0.12138E+00  -0.10812E-01  -0.10332E-01       8.91
   90    131.90   -0.66781  0.12151E+00  -0.10083E-01  -0.11501E-01       8.30
   91    132.37   -0.67387  0.12165E+00  -0.93495E-02  -0.12677E-01       7.69
   92    132.83   -0.67989  0.12182E+00  -0.86128E-02  -0.13860E-01       7.07
   93    133.30   -0.68586  0.12200E+00  -0.78726E-02  -0.15052E-01       6.45
   94    133.77   -0.69178  0.12220E+00  -0.71289E-02  -0.16253E-01       5.83
   95    134.24   -0.69766  0.12241E+00  -0.63817E-02  -0.17463E-01       5.21
   96    134.71   -0.70349  0.12265E+00  -0.56312E-02  -0.18683E-01       4.59
   97    135.18   -0.70927  0.12289E+00  -0.48775E-02  -0.19914E-01       3.97
   98    135.64   -0.71501  0.12316E+00  -0.41206E-02  -0.21156E-01       3.35
   99    136.11   -0.72069  0.12344E+00  -0.33606E-02  -0.22411E-01       2.72
  100    136.58   -0.72633  0.12374E+00  -0.25978E-02  -0.23678E-01       2.10
  101    137.05   -0.73193  0.12405E+00  -0.18322E-02  -0.24959E-01       1.48
  102    137.52   -0.73747  0.12438E+00  -0.10641E-02  -0.26253E-01       0.86
  103    137.98   -0.74296  0.12473E+00  -0.29364E-03  -0.27562E-01       0.24
  104    138.45   -0.74841  0.12508E+00   0.47892E-03  -0.28887E-01      -0.38
  105    138.92   -0.75380  0.12546E+00   0.12533E-02  -0.30227E-01      -1.00
  106    139.39   -0.75914  0.12584E+00   0.20293E-02  -0.31583E-01      -1.61
  107    139.86   -0.76444  0.12624E+00   0.28065E-02  -0.32957E-01      -2.22
  108    140.33   -0.76968  0.12665E+00   0.35846E-02  -0.34348E-01      -2.83
  109    140.79   -0.77487  0.12708E+00   0.43633E-02  -0.35758E-01      -3.43
  110    141.26   -0.78001  0.12751E+00   0.51420E-02  -0.37187E-01      -4.03
  111    141.73   -0.78509  0.12796E+00   0.59205E-02  -0.38635E-01      -4.63
  112    142.20   -0.79013  0.12842E+00   0.66982E-02  -0.40103E-01      -5.22
  113    142.67   -0.79511  0.12889E+00   0.74746E-02  -0.41592E-01      -5.80
  114    143.13   -0.80004  0.12937E+00   0.82492E-02  -0.43102E-01      -6.38
  115    143.60   -0.80491  0.12986E+00   0.90213E-02  -0.44634E-01      -6.95
  116    144.07   -0.80974  0.13036E+00   0.97903E-02  -0.46188E-01      -7.51
  117    144.54   -0.81450  0.13087E+00   0.10556E-01  -0.47765E-01      -8.07
  118    145.01   -0.81922  0.13139E+00   0.11316E-01  -0.49366E-01      -8.61
  119    145.47   -0.82387  0.13191E+00   0.12072E-01  -0.50990E-01      -9.15
  120    145.94   -0.82848  0.13245E+00   0.12822E-01  -0.52638E-01      -9.68
  121    146.41   -0.83303  0.13298E+00   0.13564E-01  -0.54311E-01     -10.20
  122    146.88   -0.83752  0.13353E+00   0.14299E-01  -0.56009E-01     -10.71
  123    147.35   -0.84195  0.13408E+00   0.15025E-01  -0.57733E-01     -11.21
  124    147.82   -0.84634  0.13464E+00   0.15741E-01  -0.59482E-01     -11.69
  125    148.28   -0.85066  0.13520E+00   0.16446E-01  -0.61258E-01     -12.16
  126    148.75   -0.85493  0.13577E+00   0.17139E-01  -0.63059E-01     -12.62
  127    149.22   -0.85914  0.13633E+00   0.17818E-01  -0.64887E-01     -13.07
  128    149.69   -0.86329  0.13691E+00   0.18484E-01  -0.66741E-01     -13.50
  129    150.16   -0.86738  0.13748E+00   0.19133E-01  -0.68623E-01     -13.92
  130    150.62   -0.87142  0.13806E+00   0.19765E-01  -0.70530E-01     -14.32
  131    151.09   -0.87540  0.13864E+00   0.20379E-01  -0.72465E-01     -14.70
  132    151.56   -0.87932  0.13922E+00   0.20973E-01  -0.74426E-01     -15.06
  133    152.03   -0.88318  0.13980E+00   0.21545E-01  -0.76413E-01     -15.41
  134    152.50   -0.88698  0.14038E+00   0.22094E-01  -0.78427E-01     -15.74
  135    152.96   -0.89073  0.14097E+00   0.22619E-01  -0.80466E-01     -16.05
  136    153.43   -0.89441  0.14155E+00   0.23118E-01  -0.82530E-01     -16.33
  137    153.90   -0.89804  0.14213E+00   0.23588E-01  -0.84619E-01     -16.60
  138    154.37   -0.90160  0.14271E+00   0.24029E-01  -0.86733E-01     -16.84
  139    154.84   -0.90510  0.14329E+00   0.24439E-01  -0.88870E-01     -17.06
  140    155.31   -0.90855  0.14387E+00   0.24816E-01  -0.91029E-01     -17.25
  141    155.77   -0.91193  0.14445E+00   0.25159E-01  -0.93211E-01     -17.42
  142    156.24   -0.91525  0.14503E+00   0.25465E-01  -0.95413E-01     -17.56
  143    156.71   -0.91851  0.14561E+00   0.25733E-01  -0.97634E-01     -17.67
  144    157.18   -0.92171  0.14618E+00   0.25961E-01  -0.99874E-01     -17.76
  145    157.65   -0.92485  0.14676E+00   0.26149E-01  -0.10213E+00     -17.82
  146    158.11   -0.92793  0.14734E+00   0.26293E-01  -0.10440E+00     -17.85
  147    158.58   -0.93094  0.14792E+00   0.26393E-01  -0.10669E+00     -17.84
  148    159.05   -0.93390  0.14850E+00   0.26448E-01  -0.10899E+00     -17.81
  149    159.52   -0.93679  0.14908E+00   0.26455E-01  -0.11129E+00     -17.75
  150    159.99   -0.93961  0.14967E+00   0.26415E-01  -0.11361E+00     -17.65
  151    160.46   -0.94238  0.15026E+00   0.26325E-01  -0.11593E+00     -17.52
  152    160.92   -0.94508  0.15086E+00   0.26184E-01  -0.11825E+00     -17.36
  153    161.39   -0.94772  0.15147E+00   0.25993E-01  -0.12058E+00     -17.16
  154    161.86   -0.95030  0.15208E+00   0.25750E-01  -0.12290E+00     -16.93
  155    162.33   -0.95281  0.15270E+00   0.25455E-01  -0.12523E+00     -16.67
  156    162.80   -0.95526  0.15334E+00   0.25108E-01  -0.12754E+00     -16.37
  157    163.26   -0.95764  0.15399E+00   0.24709E-01  -0.12984E+00     -16.05
  158    163.73   -0.95996  0.15465E+00   0.24259E-01  -0.13213E+00     -15.69
  159    164.20   -0.96222  0.15533E+00   0.23757E-01  -0.13441E+00     -15.30
  160    164.67   -0.96441  0.15602E+00   0.23206E-01  -0.13667E+00     -14.87
  161    165.14   -0.96654  0.15674E+00   0.22605E-01  -0.13890E+00     -14.42
  162    165.60   -0.96860  0.15747E+00   0.21957E-01  -0.14111E+00     -13.94
  163    166.07   -0.97060  0.15823E+00   0.21264E-01  -0.14329E+00     -13.44
  164    166.54   -0.97254  0.15901E+00   0.20528E-01  -0.14544E+00     -12.91
  165    167.01   -0.97440  0.15981E+00   0.19751E-01  -0.14756E+00     -12.36
  166    167.48   -0.97621  0.16063E+00   0.18936E-01  -0.14964E+00     -11.79
  167    167.95   -0.97795  0.16148E+00   0.18088E-01  -0.15167E+00     -11.20
  168    168.41   -0.97962  0.16236E+00   0.17208E-01  -0.15366E+00     -10.60
  169    168.88   -0.98123  0.16325E+00   0.16302E-01  -0.15561E+00      -9.99
  170    169.35   -0.98277  0.16417E+00   0.15373E-01  -0.15750E+00      -9.36
  171    169.82   -0.98425  0.16511E+00   0.14427E-01  -0.15934E+00      -8.74
  172    170.29   -0.98566  0.16606E+00   0.13468E-01  -0.16112E+00      -8.11
  173    170.75   -0.98701  0.16703E+00   0.12501E-01  -0.16284E+00      -7.48
  174    171.22   -0.98829  0.16801E+00   0.11532E-01  -0.16449E+00      -6.86
  175    171.69   -0.98950  0.16899E+00   0.10566E-01  -0.16608E+00      -6.25
  176    172.16   -0.99065  0.16998E+00   0.96085E-02  -0.16760E+00      -5.65
  177    172.63   -0.99173  0.17096E+00   0.86662E-02  -0.16905E+00      -5.07
  178    173.09   -0.99275  0.17193E+00   0.77446E-02  -0.17043E+00      -4.50
  179    173.56   -0.99370  0.17289E+00   0.68497E-02  -0.17172E+00      -3.96
  180    174.03   -0.99458  0.17382E+00   0.59872E-02  -0.17294E+00      -3.44
  181    174.50   -0.99539  0.17472E+00   0.51631E-02  -0.17407E+00      -2.96
  182    174.97   -0.99614  0.17559E+00   0.43830E-02  -0.17512E+00      -2.50
  183    175.44   -0.99683  0.17641E+00   0.36523E-02  -0.17609E+00      -2.07
  184    175.90   -0.99744  0.17717E+00   0.29761E-02  -0.17696E+00      -1.68
  185    176.37   -0.99799  0.17788E+00   0.23593E-02  -0.17775E+00      -1.33
  186    176.84   -0.99848  0.17852E+00   0.18064E-02  -0.17844E+00      -1.01
  187    177.31   -0.99890  0.17908E+00   0.13215E-02  -0.17904E+00      -0.74
  188    177.78   -0.99925  0.17957E+00   0.90817E-03  -0.17955E+00      -0.51
  189    178.24   -0.99953  0.17997E+00   0.56948E-03  -0.17996E+00      -0.32
  190    178.71   -0.99975  0.18028E+00   0.30799E-03  -0.18027E+00      -0.17
  191    179.18   -0.99990  0.18049E+00   0.12568E-03  -0.18049E+00      -0.07
  192    179.64   -0.99998  0.18061E+00   0.23891E-04  -0.18061E+00      -0.01
  193    180.00   -1.00000  0.18064E+00   0.00000E+00  -0.18064E+00      -0.00

