index,Jn,Je,datetime,seconds,J_norm,AoJapp,AoJlos
0,14.524046357196212,-4.16851400937577,2020-02-24 20:01:00,0.0,15.110408056447271,0.3963611151139066,1.1882227345844725
1,13.560229925226658,-3.3818382811002987,2020-02-24 20:02:00,60.0,13.975573898217132,0.43364573554560204,1.1938789606114957
2,13.588020269725954,-4.169508005533885,2020-02-24 20:03:00,120.0,14.213342036927646,0.376918128000288,1.1854733710986038
3,12.489509294806659,-5.3238839717196695,2020-02-24 20:04:00,180.0,13.57687677521585,0.263967200498024,1.172225462078244
4,11.2454583809615,-4.835727062672712,2020-02-24 20:05:00,240.0,12.241102500289854,0.2605491185156805,1.171897165272456
5,12.155813051496766,-6.665167743502932,2020-02-24 20:06:00,300.0,13.863197754918275,0.15715975719094377,1.1639869216895926
6,13.513786764019914,-8.646532232481539,2020-02-24 20:07:00,360.0,16.043221383211726,0.0835317100304338,1.1607399786519532
7,16.102294562594608,-10.192421920922797,2020-02-24 20:08:00,420.0,19.05700277574287,0.08884524670576788,1.1609078060401212
8,17.696926705491627,-11.145682118775602,2020-02-24 20:09:00,480.0,20.914288051768267,0.09131519732718196,1.1609893412960304
9,18.834330586365173,-12.767909387620024,2020-02-24 20:10:00,540.0,22.75415387939016,0.05458729437285825,1.1600074476485984
10,18.8527780252905,-13.325698010057714,2020-02-24 20:11:00,600.0,23.08682452668908,0.0332635104467256,1.1596641847186935
11,21.60905521978939,-14.531412155460186,2020-02-24 20:12:00,660.0,26.040606880865184,0.05865998628414637,1.1600919604822262
12,25.28324215850641,-17.862068972857575,2020-02-24 20:13:00,720.0,30.95635382335583,0.03351874782020747,1.159667308100387
13,27.27481480591977,-22.886318291316144,2020-02-24 20:14:00,780.0,35.604762148182544,-0.05710066820388482,1.1600588848176963
14,23.385354523158327,-20.876997415983137,2020-02-24 20:15:00,840.0,31.348426232919063,-0.09051701462923578,1.1609627481104856
15,19.91701602748679,-18.499052759110477,2020-02-24 20:16:00,900.0,27.182760721154104,-0.11199167290458689,1.1617595679352943
16,16.8125930012256,-17.93064935036375,2020-02-24 20:17:00,960.0,24.579899705868616,-0.18706719466955724,1.1658729184322691
17,12.559671617729142,-14.102318195278597,2020-02-24 20:18:00,1020.0,18.884404402206513,-0.21484635922138517,1.1679180528321156
18,12.416027424744408,-13.093124247485662,2020-02-24 20:19:00,1080.0,18.044047205992957,-0.18095514423147208,1.1654608577926373
19,13.070957739369009,-11.554040323274355,2020-02-24 20:20:00,1140.0,17.445508992752846,-0.08516318428879321,1.1607904079762639
20,15.343090010923033,-12.84545285980816,2020-02-24 20:21:00,1200.0,20.010399052913456,-0.055892327607451886,1.1600338667208543
21,18.131511314238264,-14.391509550043994,2020-02-24 20:22:00,1260.0,23.148806657522492,-0.02740495482805594,1.1595990558077247
22,19.27602376793698,-18.543331684948075,2020-02-24 20:23:00,1320.0,26.74734084502739,-0.131064185905029,1.1626089218352318
23,18.710436360505206,-18.197609219152035,2020-02-24 20:24:00,1380.0,26.100448465370906,-0.1370227771943675,1.162901594892245
24,17.279473726215393,-18.77861186335429,2020-02-24 20:25:00,1440.0,25.518943468911065,-0.1972435868697806,1.1665893305901163
25,17.210378345728852,-17.42753946690893,2020-02-24 20:26:00,1500.0,24.493187923865708,-0.158944307350529,1.16409026814523
26,14.869535569113856,-15.414909620784414,2020-02-24 20:27:00,1560.0,21.41780863342686,-0.17169400759865638,1.1648625579646215
27,14.529115911118007,-12.972731252535722,2020-02-24 20:28:00,1620.0,19.477858334766157,-0.09060196112350782,1.1609655671869725
28,17.100923931063168,-11.57250661637502,2020-02-24 20:29:00,1680.0,20.64859580412316,0.055475361402606005,1.1600253578148623
29,21.039495499963163,-14.197612740236213,2020-02-24 20:30:00,1740.0,25.381737103962916,0.05690559847167087,1.1600548097782677
30,21.45366048580854,-14.654467743394875,2020-02-24 20:31:00,1800.0,25.98101177942352,0.050734347947792635,1.1599330900684182
31,22.515151223975835,-10.510879977454238,2020-02-24 20:32:00,1860.0,24.847749043705125,0.22741740312408965,1.1689363703092426
32,24.88412850302392,-10.490589579026953,2020-02-24 20:33:00,1920.0,27.005042511919815,0.2682574299653968,1.1726435705326022
33,30.664571260323356,-14.251255797877276,2020-02-24 20:34:00,1980.0,33.81440850282583,0.22927505891106792,1.1690917533769443
34,32.78806180717937,-13.7333425558039,2020-02-24 20:35:00,2040.0,35.548019562648896,0.27075615874311865,1.1728901868016597
35,31.44464536385143,-14.808758005622726,2020-02-24 20:36:00,2100.0,34.75722997776834,0.22377003981903298,1.1686349608461215
36,31.500823586516304,-16.76033983020587,2020-02-24 20:37:00,2160.0,35.68208062673486,0.17082596975577635,1.1648080896744029
37,32.21350972508453,-13.982105876624772,2020-02-24 20:38:00,2220.0,35.11708264581869,0.25688382956029887,1.171549870749204
38,33.227880988422484,-16.26819332001107,2020-02-24 20:39:00,2280.0,36.9965699609845,0.20735951345863368,1.167339057945068
39,31.065915446832484,-11.863225064565865,2020-02-24 20:40:00,2340.0,33.253980385546164,0.30507695197222073,1.1765083828142195
40,30.188243527971203,-9.534804450424096,2020-02-24 20:41:00,2400.0,31.658214466579164,0.36816307944448523,1.1842802366402545
41,32.89770131122921,-8.437564011194665,2020-02-24 20:42:00,2460.0,33.96249752308949,0.42658277133442724,1.1927687843840244
42,37.9038198230576,-11.691937084034054,2020-02-24 20:43:00,2520.0,39.66611841302127,0.3753466199018405,1.1852571531492866
43,38.69550984159697,-12.531887630448566,2020-02-24 20:44:00,2580.0,40.674201768237786,0.36039222789186853,1.183244595010081
44,41.84242401344233,-15.697542195965381,2020-02-24 20:45:00,2640.0,44.69005793590795,0.31138986304345995,1.1772207452437553
45,37.61156832642619,-12.920876608264392,2020-02-24 20:46:00,2700.0,39.76907245963149,0.3414421461509414,1.1808112682068717
46,34.312417943104876,-5.9371675803301835,2020-02-24 20:47:00,2760.0,34.82229148087801,0.5107265305514015,1.207166112987777
47,34.96622548729021,-5.5735090199015245,2020-02-24 20:48:00,2820.0,35.40763939636399,0.5246361818104037,1.2097915458919821
48,33.815053961578684,-3.701102626672193,2020-02-24 20:49:00,2880.0,34.01699626771356,0.5758096188205442,1.2200455044337029
49,32.91718415488297,-3.6043052439935055,2020-02-24 20:50:00,2940.0,33.11392500109822,0.5757635795550815,1.2200358603084203
50,33.1829478408842,-7.6453747560955225,2020-02-24 20:51:00,3000.0,34.05230950423163,0.45266326085329434,1.1969579512264166
51,36.4169359545714,-11.398472792644315,2020-02-24 20:52:00,3060.0,38.1591195695604,0.3709295298333273,1.184654233532183
52,38.34597913192487,-12.390765348493176,2020-02-24 20:53:00,3120.0,40.29820320445363,0.361097109588846,1.1833376298762581
53,37.981582446929,-11.461353015163468,2020-02-24 20:54:00,3180.0,39.67320529162047,0.3818901473310081,1.1861633690086315
54,38.35315982029479,-11.725049263738187,2020-02-24 20:55:00,3240.0,40.10538178895897,0.378029566017962,1.1856268320157726
55,35.2117976566769,-9.609661898611183,2020-02-24 20:56:00,3300.0,36.49953829872888,0.41027224806303453,1.190274136604247
56,32.644732128729146,-8.409166866643982,2020-02-24 20:57:00,3360.0,33.71042306390627,0.42547024765797614,1.1925955623308333
57,32.49820739501977,-8.894482602731678,2020-02-24 20:58:00,3420.0,33.693401500294,0.40949933238929725,1.190158315800071
58,34.21716625991418,-6.792998304466237,2020-02-24 20:59:00,3480.0,34.884943640818605,0.4848222745404147,1.2024618446597193
59,34.597039594015214,-6.143384375568885,2020-02-24 21:00:00,3540.0,35.138245833505124,0.506106127863827,1.2063093697553207
60,32.36419425158675,-4.851825886083835,2020-02-24 21:01:00,3600.0,32.7258503935851,0.5343288773124524,1.21166199833122
61,37.57583323843647,-6.708036183273093,2020-02-24 21:02:00,3660.0,38.16989642373802,0.5051388892421143,1.2061309885752483
62,36.778725927657966,-6.516309485708567,2020-02-24 21:03:00,3720.0,37.35153236716421,0.5065067982676652,1.2063833610458636
63,33.939203390471356,-5.16603787542935,2020-02-24 21:04:00,3780.0,34.330124877578776,0.5319757600915436,1.2112048151954857
64,35.313400110376094,-4.731746858952993,2020-02-24 21:05:00,3840.0,35.62900020619049,0.5506292162829913,1.214883272134273
65,34.48805237443253,-4.274099478485672,2020-02-24 21:06:00,3900.0,34.75188747296458,0.5609477915248484,1.2169714068308537
66,31.893598819807853,-3.6987403541962314,2020-02-24 21:07:00,3960.0,32.10735625813201,0.5691151380579491,1.2186510699441095
67,29.556987488161226,-4.122475919632831,2020-02-24 21:08:00,4020.0,29.843094964887136,0.5450121572696665,1.213762518242893
68,28.62412021600437,-1.551677567788729,2020-02-24 21:09:00,4080.0,28.66614660910407,0.632574394654204,1.2325060990982388
69,28.83249727596854,-3.268215177573746,2020-02-24 21:10:00,4140.0,29.017135103515244,0.5718043794875447,1.219209316418543
70,28.06003195024923,3.5453445971259585,2020-02-24 21:11:00,4200.0,28.283119724694053,0.8149976303670434,1.2800830896519806
71,33.14439024733714,3.3860392436161346,2020-02-24 21:12:00,4260.0,33.31690061555976,0.7911050078441839,1.2732148893762345
72,35.84452079101583,0.052089220144337055,2020-02-24 21:13:00,4320.0,35.84455863899598,0.6895866952394205,1.2461562296174815
73,33.648975074982125,-1.7938796311803171,2020-02-24 21:14:00,4380.0,33.69675841572794,0.633495785776578,1.2327177043720317
74,32.06410395816616,-2.176120874512385,2020-02-24 21:15:00,4440.0,32.137863412189915,0.6185416476520786,1.2293201383471144
75,29.06527443477173,2.0211809537324306,2020-02-24 21:16:00,4500.0,29.13546550883177,0.7585430514802081,1.2641579855876335
76,25.731436676992626,7.868240073644626,2020-02-24 21:17:00,4560.0,26.90754606645854,0.9833567350919865,1.333581744706782
77,24.065932716880518,14.059970258694346,2020-02-24 21:18:00,4620.0,27.87206273688386,1.2045916894610817,1.4158494813722362
78,23.778266885368552,15.173151693998346,2020-02-24 21:19:00,4680.0,28.20692305801715,1.241345152407219,1.4305949529311015
79,18.554319110339037,19.050159109488078,2020-02-24 21:20:00,4740.0,26.592692976550985,1.4548156279367475,1.5203594821296453
80,18.49242129211253,20.84459528771865,2020-02-24 21:21:00,4800.0,27.865153829716416,1.4975467518691485,1.5388828618981556
81,24.67429788473526,20.105407939597768,2020-02-24 21:22:00,4860.0,31.8284213325495,1.3489497724658208,1.4751075801039466
82,26.537894342432427,21.1242462954245,2020-02-24 21:23:00,4920.0,33.91892713043652,1.3383807713905507,1.4706585461312933
83,29.288623880377422,20.195846273551926,2020-02-24 21:24:00,4980.0,35.576617257844454,1.2746610001003222,1.4441772870141134
84,29.05317267863521,21.101718699873878,2020-02-24 21:25:00,5040.0,35.90778988998352,1.297448786383262,1.4535761128937952
85,28.98761226316387,21.102922730162998,2020-02-24 21:26:00,5100.0,35.85547395412252,1.298472536381228,1.45400031248471
86,26.20679061418692,26.396126684254483,2020-02-24 21:27:00,5160.0,37.19612047279995,1.4460054872803756,1.5165546041659743
87,23.938076169336053,30.22456682155025,2020-02-24 21:28:00,5220.0,38.55588061812738,1.548739994324979,1.561176008330692
88,22.93080705816861,29.824822345453054,2020-02-24 21:29:00,5280.0,37.62103055840963,1.5619322341393427,1.5669297094356227
89,23.202925080892854,28.42297712462686,2020-02-24 21:30:00,5340.0,36.691161891340926,1.535191256831103,1.555269241580062
90,26.037737191392146,25.708083281428145,2020-02-24 21:31:00,5400.0,36.590563046403794,1.4368382591276967,1.5126016419478279
91,27.343468170095214,23.52943452637821,2020-02-24 21:32:00,5460.0,36.07352964016869,1.3737597558749126,1.485606948346246
92,25.56097438940328,25.069087250687094,2020-02-24 21:33:00,5520.0,35.80254945277351,1.4337621231738626,1.5112766726815094
93,24.239436254325145,29.87322315300457,2020-02-24 21:34:00,5580.0,38.47024475457234,1.5379121912440756,1.5564552044420357
94,22.129074022372613,36.862807629724,2020-02-24 21:35:00,5640.0,42.99491252966663,-1.4743706274555597,1.5288234049037395
95,20.65540352787449,36.9605007611941,2020-02-24 21:36:00,5700.0,42.34057523720668,-1.4458591713847249,1.5164914616318346
96,21.30870580169392,34.39017584222506,2020-02-24 21:37:00,5760.0,40.45670695202842,-1.4872884280644942,1.5344269473021976
97,25.261344184713888,30.38934417834777,2020-02-24 21:38:00,5820.0,39.51768907222002,1.5270460038580151,1.55171999869746
98,29.212978863473378,23.249404688069355,2020-02-24 21:39:00,5880.0,37.335411507406256,1.338298950417775,1.4706241614749722
99,34.918708512820245,13.894838561405876,2020-02-24 21:40:00,5940.0,37.58168094764837,1.062359572078364,1.361547873844601
100,35.79463155427872,9.702062148985243,2020-02-24 21:41:00,6000.0,37.086192282968845,0.9521667621840524,1.3230225423421436
101,31.142453868324605,12.478045877282774,2020-02-24 21:42:00,6060.0,33.549278112297735,1.064636810659446,1.3623788243819488
102,25.863825719972578,16.627340686046594,2020-02-24 21:43:00,6120.0,30.747454189948403,1.24450667701116,1.431875338740332
103,20.98224968890776,19.533495937176273,2020-02-24 21:44:00,6180.0,28.66726819101101,1.4098053203859566,1.5009855586248515
104,18.232649601217734,22.865989333650685,2020-02-24 21:45:00,6240.0,29.245221484670143,1.5457270067918885,1.5598621896746927
105,18.59232711111224,24.558774836297783,2020-02-24 21:46:00,6300.0,30.80272794520921,1.568765973663934,1.5699106486491265
106,16.73829751414406,25.02310298712762,2020-02-24 21:47:00,6360.0,30.10525347470764,-1.5192489706710521,1.5483241214490504
107,17.37599123907407,21.714279989538344,2020-02-24 21:48:00,6420.0,27.8106998654195,1.5441373753244942,1.5591690821647062
108,20.90671923727116,18.09963001561809,2020-02-24 21:49:00,6480.0,27.652983852892753,1.3765207430364828,1.4867799279305587
109,24.34395466045157,14.072045473192047,2020-02-24 21:50:00,6540.0,28.118509781098044,1.2002554389137037,1.41412731691719
110,23.306976376073084,10.458381508557,2020-02-24 21:51:00,6600.0,25.545897744517724,1.1034975786812748,1.3767622457369884
111,22.194005496451997,12.806819118209512,2020-02-24 21:52:00,6660.0,25.6239828267012,1.1995429249350267,1.413844703933696
112,24.31432526041976,11.183638583488,2020-02-24 21:53:00,6720.0,26.76303766084052,1.1123593403199523,1.3800947119733062
113,21.519282013363394,8.491924105381942,2020-02-24 21:54:00,6780.0,23.134222990674058,1.0596266300164663,1.3605524178842567
114,22.438081720877882,3.8028052555362346,2020-02-24 21:55:00,6840.0,22.758049985100396,0.8569880470734996,1.2926021877468292
115,19.83793721408384,0.4813546257909021,2020-02-24 21:56:00,6900.0,19.843776233008246,0.7128129260608747,1.2520389758028296
116,15.621983709779204,-0.4403463311919719,2020-02-24 21:57:00,6960.0,15.628188632084047,0.6592721897306895,1.2387576437051555
117,15.44312733305902,0.13193234491850284,2020-02-24 21:58:00,7020.0,15.443690879084258,0.6968166668902556,1.2479676093674732
118,17.83885621604491,-10.670337079357033,2020-02-24 21:59:00,7080.0,20.786555378028023,0.11635493847470713,1.1619421202372733
119,17.952259704483726,-14.055725336881581,2020-02-24 22:00:00,7140.0,22.80015445656202,-0.02015302213996195,1.1595358585212077
120,11.043792300905356,-4.499517965305595,2020-02-24 22:01:00,7200.0,11.92522579684109,0.28127875213421216,1.173953768709094
121,3.748784220751882,-3.3258910194623437,2020-02-24 22:02:00,7260.0,5.011480241116248,-0.08714469357923571,1.16085296862321
122,5.847190666532028,-5.757211916845826,2020-02-24 22:03:00,7320.0,8.205798422228689,-0.1437007230985481,1.1632450568812824
123,10.857554821480043,-12.5651317912324,2020-02-24 22:04:00,7380.0,16.606295000164355,-0.2310607007226091,1.169242302918979
124,4.062325507573968,-8.34824269080277,2020-02-24 22:05:00,7440.0,9.284160950459011,-0.5082962242293143,1.2067145155312422
125,0.22198228092232405,-12.88637115740095,2020-02-24 22:06:00,7500.0,12.888282963193296,-0.9495452716723749,1.3221479709216366
126,7.736025505559831,-16.605604448547222,2020-02-24 22:07:00,7560.0,18.319175465186294,-0.5260195667280811,1.2100564484822753
127,20.225634940577237,-15.695350923808588,2020-02-24 22:08:00,7620.0,25.60117867151819,-0.015445119066515467,1.159505148728082
128,36.01572104712564,-39.21160312920997,2020-02-24 22:09:00,7680.0,53.241731588172804,-0.19822566751436366,1.1666604743517623
129,44.093713051137726,-67.75574617409511,2020-02-24 22:10:00,7740.0,80.8399447689351,-0.3769573265198525,1.1854787757595013
130,32.435496293107946,-51.68091334815324,2020-02-24 22:11:00,7800.0,61.01621279856316,-0.39449281442535966,1.1879525785433995
131,28.852717627597162,-46.11279874380552,2020-02-24 22:12:00,7860.0,54.39549174779623,-0.39595517236865385,1.1881639274970335
132,17.543983569129452,-32.23326103624926,2020-02-24 22:13:00,7920.0,36.69842607667076,-0.4603079525903042,1.1982324951778185
133,16.43701246043967,-23.293814221581968,2020-02-24 22:14:00,7980.0,28.509246914189497,-0.3367573020275456,1.1802298733186032
134,15.14745599640817,-21.28823419666388,2020-02-24 22:15:00,8040.0,26.12727192753065,-0.33254399426008696,1.1797138302224854
135,19.242119268278913,-24.786942692948728,2020-02-24 22:16:00,8100.0,31.379159995101762,-0.2877359269710493,1.1746264645370803
136,27.11277503546186,-36.28935487711157,2020-02-24 22:17:00,8160.0,45.299225683454075,-0.307600896702803,1.1767914448138443
137,32.07310359833165,-35.57935452978353,2020-02-24 22:18:00,8220.0,47.90171649518775,-0.20833145612036397,1.1674130643515956
138,35.63220761162608,-30.274892604437838,2020-02-24 22:19:00,8280.0,46.757067289215954,-0.0638154196428089,1.1602076584413015
139,31.28554711214427,-24.048350625450727,2020-02-24 22:20:00,8340.0,39.460215735735844,-0.010429398516940136,1.1594813678388405
140,38.11397016217114,-35.36674558897029,2020-02-24 22:21:00,8400.0,51.99501336741651,-0.11147373976907016,1.16173836153116
141,49.629302942496786,-57.86993588202606,2020-02-24 22:22:00,8460.0,76.23645577771784,-0.23509977436285512,1.1695871453469928
142,49.72437407204779,-63.559923380587065,2020-02-24 22:23:00,8520.0,80.69930134148025,-0.2837002093901795,1.174204246334688
143,52.64258305056728,-73.03437346914744,2020-02-24 22:24:00,8580.0,90.02922446776259,-0.3259845028636206,1.1789233115279338
144,50.39349644470045,-72.19355606508476,2020-02-24 22:25:00,8640.0,88.04211504299845,-0.34221791525009637,1.1809083141202714
145,49.86664136037383,-77.97299768071765,2020-02-24 22:26:00,8700.0,92.55522831197246,-0.3854224779577309,1.1866590338722292
146,58.42133610008704,-93.7467389821197,2020-02-24 22:27:00,8760.0,110.46041635581958,-0.39788295898059545,1.1884437300178265
147,54.21669600911908,-81.23864610377959,2020-02-24 22:28:00,8820.0,97.66866307531997,-0.36459533851425263,1.183802025285272
148,41.02657214257804,-58.88874897519231,2020-02-24 22:29:00,8880.0,71.77091595927541,-0.3431937651204322,1.1810307008953111
149,29.538704441476426,-33.62879940014819,2020-02-24 22:30:00,8940.0,44.759705195368596,-0.22227954149824747,1.1685131905885953
150,35.789718591922565,-22.455560252168546,2020-02-24 22:31:00,9000.0,42.251108188162114,0.09317258353200764,1.1610521277929102
151,43.58606847770573,-23.231417206254825,2020-02-24 22:32:00,9060.0,49.39072899597986,0.17003016233536616,1.1647583961905659
152,41.51280567723342,-23.67820246295847,2020-02-24 22:33:00,9120.0,47.790901927799986,0.13888170790512477,1.1629955632247975
153,31.429459959324866,-14.007286941258855,2020-02-24 22:34:00,9180.0,34.409519624510395,0.24635868946942097,1.1705798951454496
154,15.155982360457989,-6.790667215215852,2020-02-24 22:35:00,9240.0,16.60773803196333,0.2442163891572342,1.1703874270727952
155,11.405242659248822,-5.9276167700473925,2020-02-24 22:36:00,9300.0,12.853645424115923,0.18131451454330572,1.165484707262619
156,17.272273142871093,-14.816750039482448,2020-02-24 22:37:00,9360.0,22.756702336991825,-0.06897676310693468,1.1603332454889352
157,21.004388848460906,-23.14186509096133,2020-02-24 22:38:00,9420.0,31.252684217289296,-0.20464612291157858,1.1671342828685767
158,20.585085882493093,-27.75351004902405,2020-02-24 22:39:00,9480.0,34.554349665865445,-0.31134678418382755,1.1772158348406698
159,16.446184806229056,-30.744263255197573,2020-02-24 22:40:00,9540.0,34.86669926714502,-0.46795277666537816,1.1995281660474846
160,13.075044241355947,-26.87400795292148,2020-02-24 22:41:00,9600.0,29.88593457409526,-0.5083617684893276,1.2067266670958758
161,12.306688847178734,-24.92329270118564,2020-02-24 22:42:00,9660.0,27.79613479335296,-0.502221956290227,1.2055950731371707
162,9.54694016378677,-16.349268205099325,2020-02-24 22:43:00,9720.0,18.93258137004029,-0.42845837243789653,1.1930618343754713
163,12.079926873429965,-13.667412395568721,2020-02-24 22:44:00,9780.0,18.24069063544363,-0.21894348289152,1.1682435882263529
164,11.265872694329222,-12.491084592602155,2020-02-24 22:45:00,9840.0,16.821030939403677,-0.2080562792338485,1.1673920765337906
165,13.459162430054768,-11.913059575264187,2020-02-24 22:46:00,9900.0,17.974149263939907,-0.08588392781787313,1.1608129969675065
166,12.610352087666907,-9.30534869836695,2020-02-24 22:47:00,9960.0,15.671965230089194,0.010980601768291187,1.1594835303139401
167,10.111393981205376,-4.2704901671806486,2020-02-24 22:48:00,10020.0,10.97621858889221,0.2675552281180864,1.172574676300223
168,5.743942370630344,6.9396997209082105,2020-02-24 22:49:00,10080.0,9.008457480251323,1.528981594523865,1.552563274170187
169,6.580148349815233,15.506604769928927,2020-02-24 22:50:00,10140.0,16.844973843742196,-1.346009021401214,1.4738681903742958
170,7.352044517234275,15.512751641095885,2020-02-24 22:51:00,10200.0,17.16677086879526,-1.3841320765077096,1.4900179978937023
171,7.701349167062503,13.937522214067744,2020-02-24 22:52:00,10260.0,15.923733998677765,-1.441441750509744,1.5145858851527279
172,7.2905996560630255,13.534974152176133,2020-02-24 22:53:00,10320.0,15.373625748178675,-1.4315808887521393,1.5103376262343764
173,8.922618264398428,10.107669392174436,2020-02-24 22:54:00,10380.0,13.482510791157424,1.4998104092715678,1.5398667735882623
174,12.651974950955756,4.661553838688296,2020-02-24 22:55:00,10440.0,13.4834177548054,1.037693156819945,1.352634397891778
175,16.33193597360749,2.9457069196002763,2020-02-24 22:56:00,10500.0,16.59546088248818,0.8674487937081792,1.2958085638945807
176,16.231529772178973,4.825844156202226,2020-02-24 22:57:00,10560.0,16.9337335093323,0.9758195075370435,1.3310042893603833
177,12.9686546318682,3.6931998378763615,2020-02-24 22:58:00,10620.0,13.48427706638982,0.9645845753921103,1.3271927120570375
178,10.848315272656832,0.22682072303218925,2020-02-24 22:59:00,10680.0,10.85068624075714,0.7094026410395209,1.251163648617989
179,7.920838154961103,-0.07249519563743229,2020-02-24 23:00:00,10740.0,7.9211699028917515,0.6787550750385098,1.2434761778813423
180,5.255042877304915,4.681578151747101,2020-02-24 23:01:00,10800.0,7.037943565646781,1.3896159247869855,1.4923549336330126
181,6.903982965783405,7.446750317562575,2020-02-24 23:02:00,10860.0,10.154756081952227,1.477427844748038,1.5301487562776843
182,4.660928475128001,12.913715929136483,2020-02-24 23:03:00,10920.0,13.729104608411008,-1.2950638203766638,1.4525885191634786
183,6.741374315485728,14.209673601561642,2020-02-24 23:04:00,10980.0,15.727712851028546,-1.3844980856063254,1.490173870454496
184,7.2669208136363315,13.3891074542065,2020-02-24 23:05:00,11040.0,15.234051875057698,-1.4344990281531453,1.5115940066344848
185,2.918515599803374,11.453484246997947,2020-02-24 23:06:00,11100.0,11.819476921696905,-1.2045815680293577,1.4158454571590635
186,-2.0247399583590733,11.21592622821662,2020-02-24 23:07:00,11160.0,11.397217776974054,-0.7899197375649949,1.2728790497651048
187,-4.209886346414997,13.97617874922533,2020-02-24 23:08:00,11220.0,14.596462430329792,-0.6744631841328534,1.2424254427865848
188,-1.775430617177766,14.962416930565071,2020-02-24 23:09:00,11280.0,15.067384453861676,-0.8502761907559344,1.2905631647716442
189,0.3313649508318888,15.545094402596678,2020-02-24 23:10:00,11340.0,15.548625750087446,-0.9870272007109839,1.3348427856954894
190,-2.0621483624885824,17.62544535590805,2020-02-24 23:11:00,11400.0,17.74566932699398,-0.8519019248873724,1.2910557387735353
191,-3.522654047992848,19.67924395669102,2020-02-24 23:12:00,11460.0,19.992041772885543,-0.7913965161921676,1.2732975575768133
192,-5.189992108911048,18.833810721798123,2020-02-24 23:13:00,11520.0,19.53582464077411,-0.6986390542009976,1.2484270191896998
193,-5.7916987965357825,17.272086332282512,2020-02-24 23:14:00,11580.0,18.21726492148628,-0.6427041074141112,1.234848786654731
194,-4.332168074174716,15.802613088059745,2020-02-24 23:15:00,11640.0,16.385672419336835,-0.6999890737842229,1.2487680834013857
195,-3.2086854354528307,11.221374250279336,2020-02-24 23:16:00,11700.0,11.67111401231773,-0.6888315873855833,1.245968083443389
196,-6.630078946945223,11.72523780431877,2020-02-24 23:17:00,11760.0,13.469934981675017,-0.4431851184329003,1.1954070587854109
197,-8.540154855648924,12.839940293810027,2020-02-24 23:18:00,11820.0,15.42071047997044,-0.36626183046453215,1.184024821241262
198,-9.065241544363284,13.016030573622437,2020-02-24 23:19:00,11880.0,15.861767119432944,-0.3433465678725676,1.181049896166362
199,-10.300112605241745,9.093904196879176,2020-02-24 23:20:00,11940.0,13.740138762861042,-0.08451816869903118,1.160770353789907
200,-12.81229123949445,8.106222763373719,2020-02-24 23:21:00,12000.0,15.161320994394403,0.08906960380826409,1.1609151199635634
201,-12.999448174071526,8.262625931184749,2020-02-24 23:22:00,12060.0,15.40313734630248,0.08679844484598062,1.160841933046797
202,-11.068923448328936,7.340549391044292,2020-02-24 23:23:00,12120.0,13.281744300630352,0.06567350309091112,1.1602517451938004
203,-9.313360930877147,5.970719135897434,2020-02-24 23:24:00,12180.0,11.062919091657529,0.08255694555782883,1.160710313856824
204,-11.191367625293005,4.887900759594058,2020-02-24 23:25:00,12240.0,12.212218601060847,0.2544223837211049,1.1713193999902538
205,-11.014863387065477,6.407925253530654,2020-02-24 23:26:00,12300.0,12.743183334259593,0.12959494359753015,1.1625387547496029
206,-8.03749625706553,6.165328605661143,2020-02-24 23:27:00,12360.0,10.129788887144983,-0.009329880779835445,1.159477386803244
207,-11.130914074159717,6.654731630411363,2020-02-24 23:28:00,12420.0,12.968527333476395,0.1165883785617998,1.161952083577434
208,-14.550202052620412,10.716223999350335,2020-02-24 23:29:00,12480.0,18.07057930937277,0.011979683191537601,1.1594877337145009
209,-13.418701765736067,9.60840058306632,2020-02-24 23:30:00,12540.0,16.504027352208233,0.02658863802746108,1.1595909793335413
210,-16.351520746655815,11.798586013372764,2020-02-24 23:31:00,12600.0,20.163800798541704,0.022622969650521994,1.1595552187044103
211,-15.47676453634656,11.220897356030877,2020-02-24 23:32:00,12660.0,19.116453070276798,0.02014712896590048,1.1595358150023234
212,-11.055418741399492,9.449439434546274,2020-02-24 23:33:00,12720.0,14.543527397947354,-0.06702644883591813,1.1602846425325557
213,-11.903067940145185,10.027000150458985,2020-02-24 23:34:00,12780.0,15.563539391957624,-0.05920061822121041,1.1601036361808088
214,-10.253983485786307,10.542409055903253,2020-02-24 23:35:00,12840.0,14.706684399577263,-0.16719962522092024,1.1645835252502796
215,-8.811155037685365,10.283440427395568,2020-02-24 23:36:00,12900.0,13.5419939492647,-0.23558061914545111,1.1696285957794934
216,-7.356436126314407,6.798593206761184,2020-02-24 23:37:00,12960.0,10.016886845300942,-0.10927470296317102,1.1616494180331076
217,-5.8921928858278525,4.611383829755584,2020-02-24 23:38:00,13020.0,7.482165316880645,-0.019933775175802502,1.1595342480358908
218,-2.7084858926242603,3.371986393437415,2020-02-24 23:39:00,13080.0,4.325065094084909,-0.269859531637185,1.1728014301576308
219,-2.5443329049990644,5.164983033150486,2020-02-24 23:40:00,13140.0,5.757662691074684,-0.5032110615724871,1.205776454708497
220,-2.208443302675064,6.152890984051807,2020-02-24 23:41:00,13200.0,6.53722336185298,-0.6210014945012234,1.2298736213255494
221,-1.8096702355738865,5.657293307380173,2020-02-24 23:42:00,13260.0,5.939686349231796,-0.6570247051557621,1.2382217990901208
222,-1.6404687931544568,3.71486703363882,2020-02-24 23:43:00,13320.0,4.060957391912666,-0.5470624780735888,1.2141703079571369
223,-3.2700881904659758,5.250065050701816,2020-02-24 23:44:00,13380.0,6.185196828721436,-0.3981256354900765,1.1884790481891212
224,-2.374791573584652,5.766923224808044,2020-02-24 23:45:00,13440.0,6.236749032853501,-0.5733247787188636,1.219526065064659
225,-1.8912694310243945,6.764312699775541,2020-02-24 23:46:00,13500.0,7.023733078717614,-0.6948280665461459,1.2474675993059812
226,-1.0380551536681428,7.159375029385442,2020-02-24 23:47:00,13560.0,7.234238682366293,-0.8245304063580513,1.282875372414243
227,-0.9093707346816018,6.527837833170094,2020-02-24 23:48:00,13620.0,6.590874138478308,-0.830084089702135,1.2845156915511744
228,-2.4062546277865184,6.405361698607402,2020-02-24 23:49:00,13680.0,6.842420611430631,-0.6057664391781935,1.2264798505638181
229,-3.379348736130524,7.314082202203162,2020-02-24 23:50:00,13740.0,8.057033966725722,-0.529323062058298,1.2106918016140464
230,-5.514825943413942,9.95315176374226,2020-02-24 23:51:00,13800.0,11.378863529291365,-0.45235153272143863,1.1969064271424652
231,-3.730295445932975,9.134499112812914,2020-02-24 23:52:00,13860.0,9.866822090010958,-0.576368678070147,1.2201626739879812
232,-1.7205028614015434,6.723834871474452,2020-02-24 23:53:00,13920.0,6.940467237509789,-0.7173439091521873,1.2532080946831947
233,-1.712782793282665,7.841653780738673,2020-02-24 23:54:00,13980.0,8.026528447214169,-0.7532500665327828,1.262719181059
234,-4.587277787552166,9.616143265049796,2020-02-24 23:55:00,14040.0,10.654263409271055,-0.5164436467333184,1.2082368181062961
235,-6.528347905555482,10.423615893490616,2020-02-24 23:56:00,14100.0,12.299231466681194,-0.39549230216217146,1.1880969466240432
236,-6.273007451321227,10.907191326338182,2020-02-24 23:57:00,14160.0,12.582426042448192,-0.43545276112941894,1.194165896271643
237,-4.863513817227106,8.478887869851256,2020-02-24 23:58:00,14220.0,9.77472793278001,-0.43666657191621805,1.194359299746709
238,-4.969237198819128,7.665144118432112,2020-02-24 23:59:00,14280.0,9.134974148538252,-0.37882209337243467,1.1857365339957138
239,-2.771568810609456,4.555498628936348,2020-02-25 00:00:00,14340.0,5.33236921360328,-0.4092876928743718,1.1901266395897987
240,-2.0785387702827918,2.2015257281744214,2020-02-25 00:01:00,14400.0,3.027711834270662,-0.18333176995998446,1.165619459320084
241,-0.8574519724127849,0.8105800050392592,2020-02-25 00:02:00,14460.0,1.179942299251968,-0.12157291602339211,1.1621695905243483
242,0.025468943490678,0.5291976195279582,2020-02-25 00:03:00,14520.0,0.5298101429725454,-1.0129344309037533,1.343851621131633
243,-0.9414185410808368,-0.3567565387034532,2020-02-25 00:04:00,14580.0,1.0067492723605216,1.0465565532754095,1.3558187684979977
244,-3.9126922263359933,1.1121740027410432,2020-02-25 00:05:00,14640.0,4.0676887135575095,0.3990783826643109,1.1886179140290738
245,-6.240252521992584,4.263016836068663,2020-02-25 00:06:00,14700.0,7.557384738309919,0.050680269393055276,1.1599320851266024
246,-4.36991735252749,4.679684118357213,2020-02-25 00:07:00,14760.0,6.40278229487194,-0.18928807008775667,1.166026032652575
247,-4.364367317787342,5.325375244476109,2020-02-25 00:08:00,14820.0,6.8852976391038645,-0.2592465172672074,1.171773178224795
248,-3.0144698168062587,3.2827976906097027,2020-02-25 00:09:00,14880.0,4.4568810791750275,-0.1983633455339124,1.1666704762224327
249,-1.8894823408417007,2.8526322440027814,2020-02-25 00:10:00,14940.0,3.421644960523663,-0.3683087892258206,1.1842998656894848
250,-1.4475662006236194,1.6382278241869437,2020-02-25 00:11:00,15000.0,2.1861469093197257,-0.2190843541688832,1.1682548903347485
251,-4.944996892436005,3.6344836306184383,2020-02-25 00:12:00,15060.0,6.136975275120076,0.01305417592543899,1.159492662657926
252,-8.708939477569416,4.7983750531646745,2020-02-25 00:13:00,15120.0,9.94334098654975,0.1549395448225638,1.1638599734921713
253,-10.036116851187384,5.556073147504195,2020-02-25 00:14:00,15180.0,11.47142494510183,0.15274358864021673,1.1637361881385042
254,-8.49673695809843,2.955569849936215,2020-02-25 00:15:00,15240.0,8.996106495199339,0.3373134212403242,1.1802984699145973
255,-9.340533941462727,2.1355214419710293,2020-02-25 00:16:00,15300.0,9.581546124751227,0.4544426327694598,1.1972527276362441
256,-11.447015336227295,1.1580626292984757,2020-02-25 00:17:00,15360.0,11.50544519613216,0.5843191676246058,1.22184095924306
257,-12.393949527257364,2.8837405202365405,2020-02-25 00:18:00,15420.0,12.725012545072683,0.45038169137807504,1.1965816535231726
258,-10.879639106396425,5.5911995771561065,2020-02-25 00:19:00,15480.0,12.232254894213945,0.186293156726338,1.165819978152249
259,-9.862536959631004,7.49996209504745,2020-02-25 00:20:00,15540.0,12.390281139152417,-0.004767528848608865,1.159465601223507
260,-7.505468619783016,6.178959096902625,2020-02-25 00:21:00,15600.0,9.72170739755848,-0.04688459576839955,1.159864227577616
261,-4.907187227105905,5.36755384260168,2020-02-25 00:22:00,15660.0,7.272628186226724,-0.20073901070619135,1.166844153575741
262,-2.7909913349911646,3.0060739958500395,2020-02-25 00:23:00,15720.0,4.10196459035443,-0.1923995662218574,1.1662435862398555
263,-1.2285047364705115,-0.23020253449236344,2020-02-25 00:24:00,15780.0,1.2498868326441352,0.8741638136739356,1.2978849945538335
264,-1.917735604122917,1.6648706816152976,2020-02-25 00:25:00,15840.0,2.5395874140936505,-0.07541808314668853,1.160503670609364
265,-3.5730975239030727,3.667682552474308,2020-02-25 00:26:00,15900.0,5.1204415064569115,-0.16632409582554314,1.1645300290587062
266,-5.967586203007397,3.90105809317042,2020-02-25 00:27:00,15960.0,7.129539910584321,0.07286722526923746,1.1604343614624542
267,-10.164498791239849,6.061469129556179,2020-02-25 00:28:00,16020.0,11.83462900498697,0.1178106422491788,1.1620045763330642
268,-12.497255803357687,4.0530564953126635,2020-02-25 00:29:00,16080.0,13.138061865007089,0.3599502246370349,1.1831863488315348
269,-13.262223789216524,5.454267214117078,2020-02-25 00:30:00,16140.0,14.340000372324024,0.2777357653480845,1.173591139561293
270,-13.188277544088221,5.031902655864158,2020-02-25 00:31:00,16200.0,14.115619324634482,0.3053858339919635,1.1765428992485414
271,-14.337971387494779,6.385051051328048,2020-02-25 00:32:00,16260.0,15.695422913597593,0.24667357324824649,1.1706083263495202
272,-16.14309237463737,3.1959060536485278,2020-02-25 00:33:00,16320.0,16.456404434742797,0.48538203453475276,1.2025609470241645
273,-15.198702048330667,1.775852635914411,2020-02-25 00:34:00,16380.0,15.302097782278576,0.5682208978769097,1.2184660081620258
274,-15.879053693961362,0.5785987832173964,2020-02-25 00:35:00,16440.0,15.889591648864002,0.6508140441640593,1.2367501918537163
275,-21.688580481509035,0.3276834653764767,2020-02-25 00:36:00,16500.0,21.6910557547662,0.6726642424339291,1.2419869225599152
276,-22.122781708816763,-6.815321414244778,2020-02-25 00:37:00,16560.0,23.148781318147638,0.9853822329148427,1.3342771590882765
277,-19.667894667315238,-15.167098430732393,2020-02-25 00:38:00,16620.0,24.836806466454828,1.3241211537592033,1.4646799495617406
278,-17.374188417630688,-22.257407136882108,2020-02-25 00:39:00,16680.0,28.235697186863703,1.55520006719529,1.563993319921554
279,-20.140198660874766,-26.330920088173148,2020-02-25 00:40:00,16740.0,33.15033868287415,1.5642189746434292,1.5679271881673083
280,-19.786758446615764,-25.74232245351439,2020-02-25 00:41:00,16800.0,32.46818404415978,1.5620490516060794,1.5669806647281392
281,-24.22862753735795,-23.96021769152629,2020-02-25 00:42:00,16860.0,34.075187808277,1.4375746042171291,1.5129189168285322
282,-26.218249825086797,-16.672408912056817,2020-02-25 00:43:00,16920.0,31.070337024588184,1.2398810079883331,1.4300026132899164
283,-27.727124381263277,-20.861688145566045,2020-02-25 00:44:00,16980.0,34.69875298532925,1.3131068103923365,1.4600817575098914
284,-28.160512956595372,-22.545695707867278,2020-02-25 00:45:00,17040.0,36.073853203259574,1.3409877019072238,1.4717545607237197
285,-28.684574815448862,-25.22929208664377,2020-02-25 00:46:00,17100.0,38.20107343434565,1.3837555988153165,1.4898576824102399
286,-29.587591645777174,-25.983303468101802,2020-02-25 00:47:00,17160.0,39.377120749398806,1.3830477971771675,1.489556321495689
287,-28.71927996406964,-30.78488230121809,2020-02-25 00:48:00,17220.0,42.10114036406215,1.4745779845881424,1.5289132805950323
288,-28.06090553972766,-29.4930219496017,2020-02-25 00:49:00,17280.0,40.70936947963216,1.465558160995519,1.5250061403810988
289,-28.422745473192943,-30.599412788672353,2020-02-25 00:50:00,17340.0,41.76333946472043,1.4765634855504677,1.5297739893804372
290,-30.369909986988052,-36.013665772281854,2020-02-25 00:51:00,17400.0,47.10961212932433,1.520559951396442,1.5488949748250944
291,-27.605327427819386,-35.753693942337364,2020-02-25 00:52:00,17460.0,45.17057375016891,1.5600643941804604,1.5661149759693598
292,-25.630317827390247,-38.056495533172296,2020-02-25 00:53:00,17520.0,45.8825679773855,-1.5221362933215592,1.5495814456772312
293,-23.406873638283873,-43.42086337590744,2020-02-25 00:54:00,17580.0,49.32801546614062,-1.4318808809535464,1.5104667531068716
294,-23.58768043961204,-50.4457431980614,2020-02-25 00:55:00,17640.0,55.687985017650036,-1.3793352961982999,1.4879765592751844
295,-24.66946657020609,-52.63508591584597,2020-02-25 00:56:00,17700.0,58.12946628197271,-1.3801706141596513,1.488331873865814
296,-28.792563820761398,-52.788105327562405,2020-02-25 00:57:00,17760.0,60.12982450869486,-1.4364065407935596,1.5124156441052041
297,-30.682939524474016,-49.18515199778668,2020-02-25 00:58:00,17820.0,57.97087160728143,-1.4900745169471965,1.5356366483863428
298,-30.17332741841239,-56.43580230517208,2020-02-25 00:59:00,17880.0,63.99554257389482,-1.428723488220814,1.5091080790786724
299,-29.917877354315948,-53.97197343523735,2020-02-25 01:00:00,17940.0,61.70942636163342,-1.442680683700884,1.515120183713055
300,-28.859999508886013,-54.5674578301758,2020-02-25 01:01:00,18000.0,61.72930443234327,-1.4245901474903158,1.5073307142254497
301,-33.16352169638385,-57.39087352742751,2020-02-25 01:02:00,18060.0,66.28371998875518,-1.4590592316371689,1.5221941293167454
302,-33.842211760855584,-54.375839055722686,2020-02-25 01:03:00,18120.0,64.04706995546672,-1.4891163957041018,1.5352205955453413
303,-35.24860206615941,-55.006079598390436,2020-02-25 01:04:00,18180.0,65.33094779966783,-1.501209743516455,1.5404751118801365
304,-33.318588208067176,-60.55758927330441,2020-02-25 01:05:00,18240.0,69.11837627413557,-1.4397736875697316,1.5138667083354282
305,-32.106370926197485,-65.23325325081339,2020-02-25 01:06:00,18300.0,72.70623345859237,-1.3977718648898174,1.4958364857009796
306,-31.49006434129353,-75.00688162094998,2020-02-25 01:07:00,18360.0,81.3489793587972,-1.3424620087255563,1.4723747962132114
307,-31.655521249260502,-74.4456723004202,2020-02-25 01:08:00,18420.0,80.89641617416642,-1.3466921232399973,1.4741559856329687
308,-32.06887429422142,-77.13717260439098,2020-02-25 01:09:00,18480.0,83.53775251883535,-1.3392381293521722,1.4710188987282604
309,-33.4458014688052,-78.04857827146512,2020-02-25 01:10:00,18540.0,84.91290953728856,-1.349281493207752,1.4752474553618926
310,-33.901940232875816,-79.56963255714834,2020-02-25 01:11:00,18600.0,86.49085487398702,-1.347357833015464,1.4744365120751355
311,-34.58855469016161,-84.63314870583649,2020-02-25 01:12:00,18660.0,91.42832151701425,-1.333657866444764,1.4686752689509839
312,-35.47441110063271,-87.05469279280283,2020-02-25 01:13:00,18720.0,94.00507103441797,-1.332711120701895,1.4682780716876052
313,-35.223665342984845,-92.1445238046108,2020-02-25 01:14:00,18780.0,98.64745241197603,-1.3124755201125873,1.4598187496436967
314,-34.65650432148103,-91.5083829424793,2020-02-25 01:15:00,18840.0,97.85120050634161,-1.3096051566101163,1.458623649603033
315,-34.829120909048804,-94.58508082637628,2020-02-25 01:16:00,18900.0,100.79387470590301,-1.3010531228258388,1.455070325054675
316,-36.36550652188825,-94.1254371492738,2020-02-25 01:17:00,18960.0,100.90613451686367,-1.3157788443059717,1.4611956324602215
317,-41.053152631510244,-88.9556791272414,2020-02-25 01:18:00,19020.0,97.97180303523461,-1.374716265010946,1.486013213159362
318,-41.69962049240458,-88.08414475713415,2020-02-25 01:19:00,19080.0,97.45601524178142,-1.383733532584331,1.4898482864312206
319,-40.99322751143443,-86.81529236272475,2020-02-25 01:20:00,19140.0,96.00697729764019,-1.3828153301358068,1.4894573559898343
320,-38.15677951901592,-97.42310028386677,2020-02-25 01:21:00,19200.0,104.62886930567086,-1.3200557324128737,1.4629806937710714
321,-36.24349146881591,-101.8219232628983,2020-02-25 01:22:00,19260.0,108.0800385399898,-1.2909620554321255,1.4508921171152882
322,-38.60945281830264,-100.57779093098992,2020-02-25 01:23:00,19320.0,107.73384739944386,-1.313779180170614,1.4603619449395464
323,-39.029027711464465,-96.42091035233959,2020-02-25 01:24:00,19380.0,104.02046412738297,-1.3305497070192116,1.4673717375014919
324,-40.64571518462027,-91.87123506373507,2020-02-25 01:25:00,19440.0,100.46092770328838,-1.360080936992952,1.4798088526512128
325,-44.30245214911307,-83.82846815450351,2020-02-25 01:26:00,19500.0,94.81518517386897,-1.4243043885986615,1.5072078902671722
326,-44.562933099034545,-79.02548353432724,2020-02-25 01:27:00,19560.0,90.72420875501342,-1.4493924387739543,1.5180166821417016
327,-42.892022421112266,-78.96985634452797,2020-02-25 01:28:00,19620.0,89.86636633606915,-1.4347800046945745,1.511715015379508
328,-42.270346921637405,-77.03870775854605,2020-02-25 01:29:00,19680.0,87.87345857528452,-1.4387092025997832,1.5134078743311907
329,-38.84472710892524,-81.14539493914131,2020-02-25 01:30:00,19740.0,89.96381463675321,-1.3877183752540356,1.4915459272533538
330,-38.23426894003453,-80.68521170621841,2020-02-25 01:31:00,19800.0,89.28584831571112,-1.3840823877481898,1.489996838038846
331,-37.96555446869676,-75.66701353355458,2020-02-25 01:32:00,19860.0,84.65742887191125,-1.4048422727777512,1.4988601601501923
332,-39.37981338270621,-67.94177294768848,2020-02-25 01:33:00,19920.0,78.52932072374,-1.4602688786790083,1.5227173208912492
333,-41.28930183952296,-58.323239850242025,2020-02-25 01:34:00,19980.0,71.45912645018895,-1.5435255133242414,1.5589023101577435
334,-39.9348174692687,-47.88904863007157,2020-02-25 01:35:00,20040.0,62.35503688554092,1.5256129335790902,1.5510957186933503
335,-37.580628359102406,-42.00950499048775,2020-02-25 01:36:00,20100.0,56.365788714527774,1.4937520454447217,1.5372339796686767
336,-34.906406331950734,-36.77557512785798,2020-02-25 01:37:00,20160.0,50.70404450333303,1.4666530440465122,1.5254801494216472
337,-30.3568124441583,-37.154247575370654,2020-02-25 01:38:00,20220.0,47.97889301205,1.5348039075794102,1.5551004218179547
338,-25.030850207192394,-39.61209892388038,2020-02-25 01:39:00,20280.0,46.85788987193287,-1.4953886206169305,1.5379450273661255
339,-21.895651079936453,-43.26602598064595,2020-02-25 01:40:00,20340.0,48.49091193586951,-1.4080199923026693,1.5002207276061763
340,-19.86592595542215,-44.25503117046846,2020-02-25 01:41:00,20400.0,48.50940937555776,-1.365073427762205,1.4819224439507814
341,-17.082734372667947,-45.07715041807409,2020-02-25 01:42:00,20460.0,48.205490387100184,-1.309801335725249,1.4587052911600913
342,-17.194299482062082,-42.88044287575606,2020-02-25 01:43:00,20520.0,46.19931077299551,-1.3275241199114662,1.466104127241388
343,-17.30580221246137,-39.00226230683894,2020-02-25 01:44:00,20580.0,42.66927765111922,-1.3610792818288227,1.4802312626731429
344,-17.13346999716274,-34.446878986589674,2020-02-25 01:45:00,20640.0,38.47263009023985,-1.401629428946446,1.4974855609702997
345,-14.719911613835945,-33.13913709921038,2020-02-25 01:46:00,20700.0,36.26124936622295,-1.3614439214850385,1.4803855759754059
346,-13.685270137293243,-30.592010581926516,2020-02-25 01:47:00,20760.0,33.513545473067964,-1.3638819397188566,1.481417747437922
347,-13.209450163843773,-29.552440273762517,2020-02-25 01:48:00,20820.0,32.370299655168054,-1.3636013144279688,1.4812989037316222
348,-13.9170112366803,-30.052551647273727,2020-02-25 01:49:00,20880.0,33.11856069146032,-1.375924095792878,1.4865263738892227
349,-12.523274298573975,-34.57757363081327,2020-02-25 01:50:00,20940.0,36.77554890619087,-1.2960918038687252,1.4530140885545224
350,-10.112008903270002,-39.39102671397377,2020-02-25 01:51:00,21000.0,40.66823956899053,-1.2062503928157262,1.4165092497078258
351,-9.548315964402963,-44.11207672771638,2020-02-25 01:52:00,21060.0,45.13364211968727,-1.170388004424767,1.4023713803595474
352,-10.294404634971174,-44.08287935494336,2020-02-25 01:53:00,21120.0,45.26891890702723,-1.1856934172435671,1.4083721940096494
353,-9.496153027033976,-44.73853034700442,2020-02-25 01:54:00,21180.0,45.73524920586617,-1.1666029002695948,1.40089513262723
354,-6.823634810271607,-41.33706924920471,2020-02-25 01:55:00,21240.0,41.896482980525896,-1.12348985301669,1.384307125330976
355,-5.618588793763004,-40.07344293841359,2020-02-25 01:56:00,21300.0,40.46540953668564,-1.1003866612447952,1.3755969237396277
356,-9.488570613467989,-39.563220454317424,2020-02-25 01:57:00,21360.0,40.68514944059673,-1.1913146443094567,1.410588573635946
357,-13.218152551655422,-33.64200431596031,2020-02-25 01:58:00,21420.0,36.14559463162733,-1.3210568159882052,1.4633989038161808
358,-9.139703485378831,-30.622880774569587,2020-02-25 01:59:00,21480.0,31.957706531197598,-1.2425578818899026,1.4310858789227547
359,-3.928459594740037,-29.31334166049923,2020-02-25 02:00:00,21540.0,29.57540860398491,-1.0945963890345358,1.373434278536698
