 alpha final =    516.00000000000000     

     granulo :  rn =  1.0  rm = 0.19  ln sig =  2.000  pour r <  50. mic.
     ======================================================================

                    longueur d onde :  0.620 microns
                    ================================

     indice reel :   1.53000     indice imaginaire : -0.10000E+00


                    nombre de particules :  0.99606E+00

       Sections d extinction et de diffusion ramenees a une particule :
       ----------------------------------------------------------------
     extinction :  0.78146E+02 mic**2     diffusion :  0.42648E+02 mic**2

            Pizero : 0.545751                 g.assymetrie : 0.94592

 ------------------------------------------------------------------------------
   j      theta       mu         i             q             u         -q/i*100
 ------------------------------------------------------------------------------
 -193      0.00    1.00000  0.74447E+05   0.00000E+00   0.74447E+05      -0.00
 -192      0.36    0.99998  0.18473E+05  -0.70277E+01   0.18473E+05       0.04
 -191      0.82    0.99990  0.22042E+04  -0.28293E+01   0.22040E+04       0.13
 -190      1.29    0.99975  0.67509E+03  -0.17849E+01   0.67493E+03       0.26
 -189      1.76    0.99953  0.29551E+03  -0.13546E+01   0.29538E+03       0.46
 -188      2.22    0.99925  0.15305E+03  -0.11004E+01   0.15293E+03       0.72
 -187      2.69    0.99890  0.90209E+02  -0.92748E+00   0.90107E+02       1.03
 -186      3.16    0.99848  0.58179E+02  -0.80807E+00   0.58089E+02       1.39
 -185      3.63    0.99799  0.39481E+02  -0.71779E+00   0.39399E+02       1.82
 -184      4.10    0.99744  0.28180E+02  -0.64567E+00   0.28105E+02       2.29
 -183      4.56    0.99683  0.20986E+02  -0.58873E+00   0.20917E+02       2.81
 -182      5.03    0.99614  0.16010E+02  -0.54194E+00   0.15945E+02       3.38
 -181      5.50    0.99539  0.12543E+02  -0.50215E+00   0.12482E+02       4.00
 -180      5.97    0.99458  0.10080E+02  -0.46878E+00   0.10022E+02       4.65
 -179      6.44    0.99370  0.82169E+01  -0.44019E+00   0.81612E+01       5.36
 -178      6.91    0.99275  0.68072E+01  -0.41506E+00   0.67537E+01       6.10
 -177      7.37    0.99173  0.57362E+01  -0.39324E+00   0.56848E+01       6.86
 -176      7.84    0.99065  0.48808E+01  -0.37407E+00   0.48309E+01       7.66
 -175      8.31    0.98950  0.41976E+01  -0.35687E+00   0.41490E+01       8.50
 -174      8.78    0.98829  0.36544E+01  -0.34159E+00   0.36071E+01       9.35
 -173      9.25    0.98701  0.32041E+01  -0.32793E+00   0.31578E+01      10.23
 -172      9.71    0.98566  0.28303E+01  -0.31550E+00   0.27849E+01      11.15
 -171     10.18    0.98425  0.25232E+01  -0.30428E+00   0.24786E+01      12.06
 -170     10.65    0.98277  0.22619E+01  -0.29412E+00   0.22178E+01      13.00
 -169     11.12    0.98123  0.20384E+01  -0.28478E+00   0.19949E+01      13.97
 -168     11.59    0.97962  0.18501E+01  -0.27624E+00   0.18069E+01      14.93
 -167     12.05    0.97795  0.16868E+01  -0.26842E+00   0.16440E+01      15.91
 -166     12.52    0.97621  0.15439E+01  -0.26118E+00   0.15014E+01      16.92
 -165     12.99    0.97440  0.14208E+01  -0.25450E+00   0.13785E+01      17.91
 -164     13.46    0.97254  0.13126E+01  -0.24832E+00   0.12704E+01      18.92
 -163     13.93    0.97060  0.12163E+01  -0.24257E+00   0.11742E+01      19.94
 -162     14.40    0.96860  0.11317E+01  -0.23721E+00   0.10896E+01      20.96
 -161     14.86    0.96654  0.10564E+01  -0.23222E+00   0.10144E+01      21.98
 -160     15.33    0.96441  0.98865E+00  -0.22755E+00   0.94652E+00      23.02
 -159     15.80    0.96222  0.92810E+00  -0.22316E+00   0.88590E+00      24.04
 -158     16.27    0.95996  0.87364E+00  -0.21905E+00   0.83134E+00      25.07
 -157     16.74    0.95764  0.82412E+00  -0.21517E+00   0.78166E+00      26.11
 -156     17.20    0.95526  0.77933E+00  -0.21151E+00   0.73671E+00      27.14
 -155     17.67    0.95281  0.73862E+00  -0.20806E+00   0.69581E+00      28.17
 -154     18.14    0.95030  0.70126E+00  -0.20479E+00   0.65823E+00      29.20
 -153     18.61    0.94772  0.66714E+00  -0.20168E+00   0.62386E+00      30.23
 -152     19.08    0.94508  0.63586E+00  -0.19873E+00   0.59234E+00      31.25
 -151     19.54    0.94238  0.60693E+00  -0.19592E+00   0.56312E+00      32.28
 -150     20.01    0.93961  0.58025E+00  -0.19323E+00   0.53615E+00      33.30
 -149     20.48    0.93679  0.55563E+00  -0.19067E+00   0.51123E+00      34.32
 -148     20.95    0.93390  0.53271E+00  -0.18822E+00   0.48799E+00      35.33
 -147     21.42    0.93094  0.51139E+00  -0.18586E+00   0.46633E+00      36.34
 -146     21.89    0.92793  0.49158E+00  -0.18360E+00   0.44618E+00      37.35
 -145     22.35    0.92485  0.47305E+00  -0.18142E+00   0.42730E+00      38.35
 -144     22.82    0.92171  0.45569E+00  -0.17932E+00   0.40958E+00      39.35
 -143     23.29    0.91851  0.43945E+00  -0.17729E+00   0.39298E+00      40.34
 -142     23.76    0.91525  0.42419E+00  -0.17533E+00   0.37734E+00      41.33
 -141     24.23    0.91193  0.40983E+00  -0.17344E+00   0.36259E+00      42.32
 -140     24.69    0.90855  0.39631E+00  -0.17159E+00   0.34868E+00      43.30
 -139     25.16    0.90510  0.38353E+00  -0.16981E+00   0.33551E+00      44.27
 -138     25.63    0.90160  0.37145E+00  -0.16807E+00   0.32303E+00      45.25
 -137     26.10    0.89804  0.36004E+00  -0.16637E+00   0.31121E+00      46.21
 -136     26.57    0.89441  0.34921E+00  -0.16472E+00   0.29997E+00      47.17
 -135     27.04    0.89073  0.33891E+00  -0.16310E+00   0.28927E+00      48.13
 -134     27.50    0.88698  0.32914E+00  -0.16153E+00   0.27909E+00      49.08
 -133     27.97    0.88318  0.31985E+00  -0.15998E+00   0.26938E+00      50.02
 -132     28.44    0.87932  0.31097E+00  -0.15847E+00   0.26009E+00      50.96
 -131     28.91    0.87540  0.30252E+00  -0.15698E+00   0.25122E+00      51.89
 -130     29.38    0.87142  0.29445E+00  -0.15553E+00   0.24274E+00      52.82
 -129     29.84    0.86738  0.28673E+00  -0.15409E+00   0.23461E+00      53.74
 -128     30.31    0.86329  0.27934E+00  -0.15268E+00   0.22680E+00      54.66
 -127     30.78    0.85914  0.27227E+00  -0.15129E+00   0.21932E+00      55.57
 -126     31.25    0.85493  0.26549E+00  -0.14993E+00   0.21213E+00      56.47
 -125     31.72    0.85066  0.25898E+00  -0.14858E+00   0.20520E+00      57.37
 -124     32.18    0.84634  0.25273E+00  -0.14725E+00   0.19854E+00      58.26
 -123     32.65    0.84195  0.24673E+00  -0.14593E+00   0.19213E+00      59.15
 -122     33.12    0.83752  0.24096E+00  -0.14463E+00   0.18595E+00      60.03
 -121     33.59    0.83303  0.23540E+00  -0.14335E+00   0.17999E+00      60.90
 -120     34.06    0.82848  0.23004E+00  -0.14208E+00   0.17423E+00      61.76
 -119     34.53    0.82387  0.22488E+00  -0.14082E+00   0.16867E+00      62.62
 -118     34.99    0.81922  0.21991E+00  -0.13958E+00   0.16330E+00      63.47
 -117     35.46    0.81450  0.21510E+00  -0.13835E+00   0.15810E+00      64.32
 -116     35.93    0.80974  0.21047E+00  -0.13713E+00   0.15308E+00      65.15
 -115     36.40    0.80491  0.20598E+00  -0.13591E+00   0.14821E+00      65.98
 -114     36.87    0.80004  0.20165E+00  -0.13471E+00   0.14349E+00      66.80
 -113     37.33    0.79511  0.19746E+00  -0.13352E+00   0.13893E+00      67.62
 -112     37.80    0.79013  0.19341E+00  -0.13234E+00   0.13450E+00      68.43
 -111     38.27    0.78509  0.18949E+00  -0.13117E+00   0.13020E+00      69.22
 -110     38.74    0.78001  0.18569E+00  -0.13000E+00   0.12603E+00      70.01
 -109     39.21    0.77487  0.18200E+00  -0.12885E+00   0.12198E+00      70.80
 -108     39.67    0.76968  0.17843E+00  -0.12770E+00   0.11805E+00      71.57
 -107     40.14    0.76444  0.17497E+00  -0.12656E+00   0.11424E+00      72.33
 -106     40.61    0.75914  0.17161E+00  -0.12543E+00   0.11053E+00      73.09
 -105     41.08    0.75380  0.16835E+00  -0.12430E+00   0.10692E+00      73.84
 -104     41.55    0.74841  0.16519E+00  -0.12319E+00   0.10341E+00      74.57
 -103     42.02    0.74296  0.16211E+00  -0.12207E+00   0.99998E-01      75.30
 -102     42.48    0.73747  0.15913E+00  -0.12097E+00   0.96678E-01      76.02
 -101     42.95    0.73193  0.15622E+00  -0.11987E+00   0.93446E-01      76.73
 -100     43.42    0.72633  0.15340E+00  -0.11878E+00   0.90299E-01      77.43
  -99     43.89    0.72069  0.15066E+00  -0.11770E+00   0.87236E-01      78.12
  -98     44.36    0.71501  0.14800E+00  -0.11662E+00   0.84252E-01      78.80
  -97     44.82    0.70927  0.14540E+00  -0.11555E+00   0.81345E-01      79.47
  -96     45.29    0.70349  0.14288E+00  -0.11449E+00   0.78512E-01      80.13
  -95     45.76    0.69766  0.14042E+00  -0.11343E+00   0.75752E-01      80.78
  -94     46.23    0.69178  0.13803E+00  -0.11237E+00   0.73060E-01      81.41
  -93     46.70    0.68586  0.13570E+00  -0.11133E+00   0.70436E-01      82.04
  -92     47.17    0.67989  0.13343E+00  -0.11029E+00   0.67878E-01      82.66
  -91     47.63    0.67387  0.13122E+00  -0.10926E+00   0.65383E-01      83.26
  -90     48.10    0.66781  0.12907E+00  -0.10823E+00   0.62949E-01      83.85
  -89     48.57    0.66171  0.12697E+00  -0.10721E+00   0.60574E-01      84.43
  -88     49.04    0.65556  0.12493E+00  -0.10619E+00   0.58258E-01      85.00
  -87     49.51    0.64937  0.12294E+00  -0.10518E+00   0.55997E-01      85.56
  -86     49.97    0.64313  0.12100E+00  -0.10418E+00   0.53791E-01      86.10
  -85     50.44    0.63686  0.11911E+00  -0.10318E+00   0.51637E-01      86.63
  -84     50.91    0.63054  0.11726E+00  -0.10219E+00   0.49535E-01      87.15
  -83     51.38    0.62417  0.11546E+00  -0.10120E+00   0.47483E-01      87.65
  -82     51.85    0.61777  0.11370E+00  -0.10023E+00   0.45479E-01      88.15
  -81     52.31    0.61132  0.11199E+00  -0.99253E-01   0.43522E-01      88.63
  -80     52.78    0.60484  0.11032E+00  -0.98286E-01   0.41611E-01      89.09
  -79     53.25    0.59831  0.10869E+00  -0.97325E-01   0.39744E-01      89.54
  -78     53.72    0.59174  0.10710E+00  -0.96370E-01   0.37921E-01      89.98
  -77     54.19    0.58514  0.10554E+00  -0.95421E-01   0.36140E-01      90.41
  -76     54.66    0.57849  0.10403E+00  -0.94478E-01   0.34401E-01      90.82
  -75     55.12    0.57181  0.10255E+00  -0.93541E-01   0.32701E-01      91.22
  -74     55.59    0.56509  0.10110E+00  -0.92610E-01   0.31040E-01      91.60
  -73     56.06    0.55833  0.99693E-01  -0.91685E-01   0.29417E-01      91.97
  -72     56.53    0.55153  0.98316E-01  -0.90766E-01   0.27831E-01      92.32
  -71     57.00    0.54470  0.96971E-01  -0.89854E-01   0.26282E-01      92.66
  -70     57.46    0.53783  0.95657E-01  -0.88947E-01   0.24767E-01      92.98
  -69     57.93    0.53092  0.94374E-01  -0.88046E-01   0.23287E-01      93.29
  -68     58.40    0.52398  0.93122E-01  -0.87152E-01   0.21840E-01      93.59
  -67     58.87    0.51700  0.91898E-01  -0.86263E-01   0.20426E-01      93.87
  -66     59.34    0.50999  0.90703E-01  -0.85381E-01   0.19043E-01      94.13
  -65     59.80    0.50294  0.89535E-01  -0.84505E-01   0.17691E-01      94.38
  -64     60.27    0.49587  0.88394E-01  -0.83634E-01   0.16370E-01      94.62
  -63     60.74    0.48875  0.87279E-01  -0.82770E-01   0.15079E-01      94.83
  -62     61.21    0.48161  0.86190E-01  -0.81912E-01   0.13816E-01      95.04
  -61     61.68    0.47443  0.85127E-01  -0.81060E-01   0.12581E-01      95.22
  -60     62.15    0.46723  0.84087E-01  -0.80215E-01   0.11374E-01      95.39
  -59     62.61    0.45999  0.83071E-01  -0.79375E-01   0.10194E-01      95.55
  -58     63.08    0.45272  0.82079E-01  -0.78541E-01   0.90400E-02      95.69
  -57     63.55    0.44542  0.81109E-01  -0.77714E-01   0.79118E-02      95.81
  -56     64.02    0.43809  0.80161E-01  -0.76893E-01   0.68086E-02      95.92
  -55     64.49    0.43073  0.79234E-01  -0.76077E-01   0.57300E-02      96.02
  -54     64.95    0.42334  0.78329E-01  -0.75268E-01   0.46752E-02      96.09
  -53     65.42    0.41592  0.77444E-01  -0.74465E-01   0.36438E-02      96.15
  -52     65.89    0.40848  0.76580E-01  -0.73668E-01   0.26354E-02      96.20
  -51     66.36    0.40101  0.75734E-01  -0.72877E-01   0.16493E-02      96.23
  -50     66.83    0.39351  0.74908E-01  -0.72093E-01   0.68500E-03      96.24
  -49     67.30    0.38598  0.74101E-01  -0.71314E-01  -0.25797E-03      96.24
  -48     67.76    0.37843  0.73312E-01  -0.70541E-01  -0.11800E-02      96.22
  -47     68.23    0.37086  0.72540E-01  -0.69774E-01  -0.20817E-02      96.19
  -46     68.70    0.36326  0.71786E-01  -0.69013E-01  -0.29635E-02      96.14
  -45     69.17    0.35563  0.71049E-01  -0.68259E-01  -0.38257E-02      96.07
  -44     69.64    0.34798  0.70329E-01  -0.67510E-01  -0.46690E-02      95.99
  -43     70.10    0.34031  0.69624E-01  -0.66767E-01  -0.54936E-02      95.90
  -42     70.57    0.33262  0.68936E-01  -0.66030E-01  -0.63000E-02      95.78
  -41     71.04    0.32490  0.68263E-01  -0.65298E-01  -0.70886E-02      95.66
  -40     71.51    0.31716  0.67605E-01  -0.64573E-01  -0.78599E-02      95.52
  -39     71.98    0.30941  0.66961E-01  -0.63853E-01  -0.86141E-02      95.36
  -38     72.44    0.30163  0.66332E-01  -0.63140E-01  -0.93517E-02      95.19
  -37     72.91    0.29383  0.65717E-01  -0.62432E-01  -0.10073E-01      95.00
  -36     73.38    0.28601  0.65116E-01  -0.61730E-01  -0.10779E-01      94.80
  -35     73.85    0.27817  0.64528E-01  -0.61033E-01  -0.11469E-01      94.58
  -34     74.32    0.27031  0.63954E-01  -0.60342E-01  -0.12143E-01      94.35
  -33     74.79    0.26243  0.63392E-01  -0.59657E-01  -0.12803E-01      94.11
  -32     75.25    0.25454  0.62843E-01  -0.58978E-01  -0.13449E-01      93.85
  -31     75.72    0.24663  0.62306E-01  -0.58304E-01  -0.14080E-01      93.58
  -30     76.19    0.23871  0.61781E-01  -0.57635E-01  -0.14697E-01      93.29
  -29     76.66    0.23076  0.61267E-01  -0.56972E-01  -0.15301E-01      92.99
  -28     77.13    0.22281  0.60765E-01  -0.56315E-01  -0.15891E-01      92.68
  -27     77.59    0.21483  0.60275E-01  -0.55664E-01  -0.16468E-01      92.35
  -26     78.06    0.20685  0.59795E-01  -0.55017E-01  -0.17033E-01      92.01
  -25     78.53    0.19885  0.59326E-01  -0.54377E-01  -0.17585E-01      91.66
  -24     79.00    0.19083  0.58868E-01  -0.53741E-01  -0.18125E-01      91.29
  -23     79.47    0.18280  0.58419E-01  -0.53111E-01  -0.18653E-01      90.91
  -22     79.93    0.17477  0.57981E-01  -0.52487E-01  -0.19169E-01      90.52
  -21     80.40    0.16671  0.57553E-01  -0.51868E-01  -0.19674E-01      90.12
  -20     80.87    0.15865  0.57134E-01  -0.51254E-01  -0.20168E-01      89.71
  -19     81.34    0.15058  0.56725E-01  -0.50645E-01  -0.20650E-01      89.28
  -18     81.81    0.14250  0.56325E-01  -0.50042E-01  -0.21122E-01      88.85
  -17     82.28    0.13441  0.55933E-01  -0.49444E-01  -0.21584E-01      88.40
  -16     82.74    0.12631  0.55551E-01  -0.48851E-01  -0.22035E-01      87.94
  -15     83.21    0.11820  0.55177E-01  -0.48264E-01  -0.22476E-01      87.47
  -14     83.68    0.11008  0.54812E-01  -0.47682E-01  -0.22907E-01      86.99
  -13     84.15    0.10195  0.54455E-01  -0.47104E-01  -0.23328E-01      86.50
  -12     84.62    0.09382  0.54106E-01  -0.46532E-01  -0.23740E-01      86.00
  -11     85.08    0.08569  0.53765E-01  -0.45965E-01  -0.24143E-01      85.49
  -10     85.55    0.07754  0.53432E-01  -0.45403E-01  -0.24537E-01      84.97
   -9     86.02    0.06939  0.53106E-01  -0.44847E-01  -0.24922E-01      84.45
   -8     86.49    0.06124  0.52788E-01  -0.44295E-01  -0.25298E-01      83.91
   -7     86.96    0.05308  0.52476E-01  -0.43748E-01  -0.25666E-01      83.37
   -6     87.43    0.04492  0.52172E-01  -0.43206E-01  -0.26025E-01      82.81
   -5     87.89    0.03676  0.51875E-01  -0.42669E-01  -0.26376E-01      82.25
   -4     88.36    0.02859  0.51585E-01  -0.42136E-01  -0.26720E-01      81.68
   -3     88.83    0.02043  0.51301E-01  -0.41609E-01  -0.27055E-01      81.11
   -2     89.30    0.01226  0.51023E-01  -0.41086E-01  -0.27383E-01      80.52
   -1     89.77    0.00409  0.50752E-01  -0.40568E-01  -0.27703E-01      79.93
    0     90.00    0.00000  0.50619E-01  -0.40311E-01  -0.27861E-01      79.64
    1     90.23   -0.00409  0.50487E-01  -0.40055E-01  -0.28016E-01      79.34
    2     90.70   -0.01226  0.50229E-01  -0.39546E-01  -0.28322E-01      78.73
    3     91.17   -0.02043  0.49976E-01  -0.39043E-01  -0.28621E-01      78.12
    4     91.64   -0.02859  0.49729E-01  -0.38543E-01  -0.28914E-01      77.51
    5     92.11   -0.03676  0.49487E-01  -0.38049E-01  -0.29199E-01      76.89
    6     92.57   -0.04492  0.49251E-01  -0.37558E-01  -0.29478E-01      76.26
    7     93.04   -0.05308  0.49021E-01  -0.37073E-01  -0.29751E-01      75.63
    8     93.51   -0.06124  0.48796E-01  -0.36592E-01  -0.30017E-01      74.99
    9     93.98   -0.06939  0.48576E-01  -0.36115E-01  -0.30277E-01      74.35
   10     94.45   -0.07754  0.48361E-01  -0.35642E-01  -0.30531E-01      73.70
   11     94.92   -0.08569  0.48152E-01  -0.35174E-01  -0.30779E-01      73.05
   12     95.38   -0.09382  0.47947E-01  -0.34711E-01  -0.31022E-01      72.39
   13     95.85   -0.10195  0.47746E-01  -0.34251E-01  -0.31259E-01      71.74
   14     96.32   -0.11008  0.47551E-01  -0.33796E-01  -0.31490E-01      71.07
   15     96.79   -0.11820  0.47360E-01  -0.33346E-01  -0.31716E-01      70.41
   16     97.26   -0.12631  0.47174E-01  -0.32899E-01  -0.31937E-01      69.74
   17     97.72   -0.13441  0.46992E-01  -0.32457E-01  -0.32153E-01      69.07
   18     98.19   -0.14250  0.46814E-01  -0.32018E-01  -0.32363E-01      68.39
   19     98.66   -0.15058  0.46640E-01  -0.31584E-01  -0.32569E-01      67.72
   20     99.13   -0.15865  0.46471E-01  -0.31154E-01  -0.32770E-01      67.04
   21     99.60   -0.16671  0.46305E-01  -0.30728E-01  -0.32966E-01      66.36
   22    100.07   -0.17477  0.46144E-01  -0.30306E-01  -0.33157E-01      65.68
   23    100.53   -0.18280  0.45986E-01  -0.29889E-01  -0.33344E-01      64.99
   24    101.00   -0.19083  0.45832E-01  -0.29475E-01  -0.33527E-01      64.31
   25    101.47   -0.19885  0.45682E-01  -0.29065E-01  -0.33705E-01      63.62
   26    101.94   -0.20685  0.45536E-01  -0.28659E-01  -0.33879E-01      62.94
   27    102.41   -0.21483  0.45393E-01  -0.28257E-01  -0.34048E-01      62.25
   28    102.87   -0.22281  0.45253E-01  -0.27859E-01  -0.34214E-01      61.56
   29    103.34   -0.23076  0.45117E-01  -0.27465E-01  -0.34376E-01      60.88
   30    103.81   -0.23871  0.44984E-01  -0.27075E-01  -0.34533E-01      60.19
   31    104.28   -0.24663  0.44854E-01  -0.26688E-01  -0.34687E-01      59.50
   32    104.75   -0.25454  0.44728E-01  -0.26305E-01  -0.34837E-01      58.81
   33    105.21   -0.26243  0.44604E-01  -0.25926E-01  -0.34983E-01      58.13
   34    105.68   -0.27031  0.44484E-01  -0.25551E-01  -0.35126E-01      57.44
   35    106.15   -0.27817  0.44366E-01  -0.25179E-01  -0.35266E-01      56.75
   36    106.62   -0.28601  0.44252E-01  -0.24812E-01  -0.35401E-01      56.07
   37    107.09   -0.29383  0.44140E-01  -0.24447E-01  -0.35534E-01      55.39
   38    107.56   -0.30163  0.44031E-01  -0.24087E-01  -0.35663E-01      54.70
   39    108.02   -0.30941  0.43925E-01  -0.23730E-01  -0.35789E-01      54.02
   40    108.49   -0.31716  0.43822E-01  -0.23376E-01  -0.35912E-01      53.34
   41    108.96   -0.32490  0.43721E-01  -0.23026E-01  -0.36032E-01      52.67
   42    109.43   -0.33262  0.43622E-01  -0.22680E-01  -0.36148E-01      51.99
   43    109.90   -0.34031  0.43527E-01  -0.22337E-01  -0.36262E-01      51.32
   44    110.36   -0.34798  0.43433E-01  -0.21997E-01  -0.36373E-01      50.65
   45    110.83   -0.35563  0.43342E-01  -0.21661E-01  -0.36481E-01      49.98
   46    111.30   -0.36326  0.43253E-01  -0.21328E-01  -0.36586E-01      49.31
   47    111.77   -0.37086  0.43167E-01  -0.20999E-01  -0.36689E-01      48.65
   48    112.24   -0.37843  0.43083E-01  -0.20673E-01  -0.36789E-01      47.98
   49    112.70   -0.38598  0.43001E-01  -0.20350E-01  -0.36887E-01      47.33
   50    113.17   -0.39351  0.42921E-01  -0.20031E-01  -0.36981E-01      46.67
   51    113.64   -0.40101  0.42843E-01  -0.19715E-01  -0.37074E-01      46.02
   52    114.11   -0.40848  0.42767E-01  -0.19402E-01  -0.37164E-01      45.37
   53    114.58   -0.41592  0.42693E-01  -0.19092E-01  -0.37252E-01      44.72
   54    115.05   -0.42334  0.42622E-01  -0.18785E-01  -0.37337E-01      44.07
   55    115.51   -0.43073  0.42552E-01  -0.18482E-01  -0.37420E-01      43.43
   56    115.98   -0.43809  0.42484E-01  -0.18182E-01  -0.37501E-01      42.80
   57    116.45   -0.44542  0.42417E-01  -0.17885E-01  -0.37580E-01      42.16
   58    116.92   -0.45272  0.42353E-01  -0.17591E-01  -0.37657E-01      41.53
   59    117.39   -0.45999  0.42290E-01  -0.17300E-01  -0.37731E-01      40.91
   60    117.85   -0.46723  0.42229E-01  -0.17012E-01  -0.37804E-01      40.28
   61    118.32   -0.47443  0.42170E-01  -0.16727E-01  -0.37875E-01      39.67
   62    118.79   -0.48161  0.42112E-01  -0.16445E-01  -0.37943E-01      39.05
   63    119.26   -0.48875  0.42056E-01  -0.16166E-01  -0.38010E-01      38.44
   64    119.73   -0.49587  0.42002E-01  -0.15890E-01  -0.38075E-01      37.83
   65    120.20   -0.50294  0.41949E-01  -0.15617E-01  -0.38139E-01      37.23
   66    120.66   -0.50999  0.41898E-01  -0.15347E-01  -0.38200E-01      36.63
   67    121.13   -0.51700  0.41848E-01  -0.15080E-01  -0.38260E-01      36.03
   68    121.60   -0.52398  0.41799E-01  -0.14815E-01  -0.38318E-01      35.44
   69    122.07   -0.53092  0.41752E-01  -0.14554E-01  -0.38375E-01      34.86
   70    122.54   -0.53783  0.41706E-01  -0.14295E-01  -0.38430E-01      34.28
   71    123.00   -0.54470  0.41662E-01  -0.14040E-01  -0.38483E-01      33.70
   72    123.47   -0.55153  0.41619E-01  -0.13787E-01  -0.38535E-01      33.13
   73    123.94   -0.55833  0.41577E-01  -0.13537E-01  -0.38585E-01      32.56
   74    124.41   -0.56509  0.41537E-01  -0.13289E-01  -0.38634E-01      31.99
   75    124.88   -0.57181  0.41497E-01  -0.13045E-01  -0.38681E-01      31.43
   76    125.34   -0.57849  0.41459E-01  -0.12803E-01  -0.38727E-01      30.88
   77    125.81   -0.58514  0.41422E-01  -0.12563E-01  -0.38772E-01      30.33
   78    126.28   -0.59174  0.41386E-01  -0.12327E-01  -0.38815E-01      29.78
   79    126.75   -0.59831  0.41352E-01  -0.12093E-01  -0.38857E-01      29.24
   80    127.22   -0.60484  0.41318E-01  -0.11862E-01  -0.38898E-01      28.71
   81    127.69   -0.61132  0.41286E-01  -0.11633E-01  -0.38937E-01      28.18
   82    128.15   -0.61777  0.41254E-01  -0.11407E-01  -0.38975E-01      27.65
   83    128.62   -0.62417  0.41224E-01  -0.11184E-01  -0.39012E-01      27.13
   84    129.09   -0.63054  0.41195E-01  -0.10963E-01  -0.39048E-01      26.61
   85    129.56   -0.63686  0.41166E-01  -0.10745E-01  -0.39083E-01      26.10
   86    130.03   -0.64313  0.41139E-01  -0.10529E-01  -0.39117E-01      25.60
   87    130.49   -0.64937  0.41112E-01  -0.10316E-01  -0.39149E-01      25.09
   88    130.96   -0.65556  0.41086E-01  -0.10106E-01  -0.39181E-01      24.60
   89    131.43   -0.66171  0.41062E-01  -0.98977E-02  -0.39211E-01      24.10
   90    131.90   -0.66781  0.41038E-01  -0.96921E-02  -0.39241E-01      23.62
   91    132.37   -0.67387  0.41015E-01  -0.94889E-02  -0.39269E-01      23.14
   92    132.83   -0.67989  0.40993E-01  -0.92881E-02  -0.39297E-01      22.66
   93    133.30   -0.68586  0.40971E-01  -0.90898E-02  -0.39323E-01      22.19
   94    133.77   -0.69178  0.40951E-01  -0.88939E-02  -0.39349E-01      21.72
   95    134.24   -0.69766  0.40931E-01  -0.87003E-02  -0.39374E-01      21.26
   96    134.71   -0.70349  0.40912E-01  -0.85092E-02  -0.39398E-01      20.80
   97    135.18   -0.70927  0.40894E-01  -0.83203E-02  -0.39421E-01      20.35
   98    135.64   -0.71501  0.40876E-01  -0.81338E-02  -0.39443E-01      19.90
   99    136.11   -0.72069  0.40860E-01  -0.79496E-02  -0.39465E-01      19.46
  100    136.58   -0.72633  0.40844E-01  -0.77677E-02  -0.39485E-01      19.02
  101    137.05   -0.73193  0.40828E-01  -0.75881E-02  -0.39505E-01      18.59
  102    137.52   -0.73747  0.40814E-01  -0.74108E-02  -0.39525E-01      18.16
  103    137.98   -0.74296  0.40800E-01  -0.72357E-02  -0.39543E-01      17.73
  104    138.45   -0.74841  0.40786E-01  -0.70628E-02  -0.39561E-01      17.32
  105    138.92   -0.75380  0.40774E-01  -0.68921E-02  -0.39578E-01      16.90
  106    139.39   -0.75914  0.40762E-01  -0.67237E-02  -0.39595E-01      16.50
  107    139.86   -0.76444  0.40750E-01  -0.65574E-02  -0.39610E-01      16.09
  108    140.33   -0.76968  0.40739E-01  -0.63933E-02  -0.39626E-01      15.69
  109    140.79   -0.77487  0.40729E-01  -0.62314E-02  -0.39640E-01      15.30
  110    141.26   -0.78001  0.40719E-01  -0.60716E-02  -0.39654E-01      14.91
  111    141.73   -0.78509  0.40710E-01  -0.59139E-02  -0.39668E-01      14.53
  112    142.20   -0.79013  0.40702E-01  -0.57583E-02  -0.39680E-01      14.15
  113    142.67   -0.79511  0.40694E-01  -0.56049E-02  -0.39693E-01      13.77
  114    143.13   -0.80004  0.40686E-01  -0.54536E-02  -0.39705E-01      13.40
  115    143.60   -0.80491  0.40679E-01  -0.53043E-02  -0.39716E-01      13.04
  116    144.07   -0.80974  0.40673E-01  -0.51571E-02  -0.39727E-01      12.68
  117    144.54   -0.81450  0.40667E-01  -0.50120E-02  -0.39737E-01      12.32
  118    145.01   -0.81922  0.40661E-01  -0.48689E-02  -0.39747E-01      11.97
  119    145.47   -0.82387  0.40656E-01  -0.47279E-02  -0.39756E-01      11.63
  120    145.94   -0.82848  0.40651E-01  -0.45888E-02  -0.39765E-01      11.29
  121    146.41   -0.83303  0.40647E-01  -0.44519E-02  -0.39774E-01      10.95
  122    146.88   -0.83752  0.40643E-01  -0.43169E-02  -0.39782E-01      10.62
  123    147.35   -0.84195  0.40639E-01  -0.41840E-02  -0.39790E-01      10.30
  124    147.82   -0.84634  0.40636E-01  -0.40530E-02  -0.39797E-01       9.97
  125    148.28   -0.85066  0.40633E-01  -0.39241E-02  -0.39804E-01       9.66
  126    148.75   -0.85493  0.40631E-01  -0.37971E-02  -0.39811E-01       9.35
  127    149.22   -0.85914  0.40628E-01  -0.36722E-02  -0.39818E-01       9.04
  128    149.69   -0.86329  0.40626E-01  -0.35493E-02  -0.39824E-01       8.74
  129    150.16   -0.86738  0.40624E-01  -0.34283E-02  -0.39830E-01       8.44
  130    150.62   -0.87142  0.40623E-01  -0.33094E-02  -0.39836E-01       8.15
  131    151.09   -0.87540  0.40621E-01  -0.31925E-02  -0.39842E-01       7.86
  132    151.56   -0.87932  0.40620E-01  -0.30776E-02  -0.39848E-01       7.58
  133    152.03   -0.88318  0.40618E-01  -0.29648E-02  -0.39853E-01       7.30
  134    152.50   -0.88698  0.40617E-01  -0.28540E-02  -0.39858E-01       7.03
  135    152.96   -0.89073  0.40615E-01  -0.27453E-02  -0.39863E-01       6.76
  136    153.43   -0.89441  0.40614E-01  -0.26387E-02  -0.39869E-01       6.50
  137    153.90   -0.89804  0.40612E-01  -0.25342E-02  -0.39874E-01       6.24
  138    154.37   -0.90160  0.40610E-01  -0.24318E-02  -0.39879E-01       5.99
  139    154.84   -0.90510  0.40608E-01  -0.23316E-02  -0.39884E-01       5.74
  140    155.31   -0.90855  0.40605E-01  -0.22335E-02  -0.39890E-01       5.50
  141    155.77   -0.91193  0.40603E-01  -0.21378E-02  -0.39895E-01       5.27
  142    156.24   -0.91525  0.40600E-01  -0.20442E-02  -0.39901E-01       5.04
  143    156.71   -0.91851  0.40596E-01  -0.19530E-02  -0.39906E-01       4.81
  144    157.18   -0.92171  0.40592E-01  -0.18641E-02  -0.39912E-01       4.59
  145    157.65   -0.92485  0.40588E-01  -0.17775E-02  -0.39919E-01       4.38
  146    158.11   -0.92793  0.40582E-01  -0.16934E-02  -0.39925E-01       4.17
  147    158.58   -0.93094  0.40577E-01  -0.16116E-02  -0.39932E-01       3.97
  148    159.05   -0.93390  0.40571E-01  -0.15324E-02  -0.39939E-01       3.78
  149    159.52   -0.93679  0.40564E-01  -0.14556E-02  -0.39947E-01       3.59
  150    159.99   -0.93961  0.40556E-01  -0.13814E-02  -0.39955E-01       3.41
  151    160.46   -0.94238  0.40549E-01  -0.13097E-02  -0.39964E-01       3.23
  152    160.92   -0.94508  0.40540E-01  -0.12405E-02  -0.39973E-01       3.06
  153    161.39   -0.94772  0.40531E-01  -0.11739E-02  -0.39983E-01       2.90
  154    161.86   -0.95030  0.40522E-01  -0.11098E-02  -0.39993E-01       2.74
  155    162.33   -0.95281  0.40512E-01  -0.10482E-02  -0.40004E-01       2.59
  156    162.80   -0.95526  0.40502E-01  -0.98917E-03  -0.40016E-01       2.44
  157    163.26   -0.95764  0.40492E-01  -0.93257E-03  -0.40028E-01       2.30
  158    163.73   -0.95996  0.40482E-01  -0.87839E-03  -0.40041E-01       2.17
  159    164.20   -0.96222  0.40473E-01  -0.82657E-03  -0.40055E-01       2.04
  160    164.67   -0.96441  0.40463E-01  -0.77704E-03  -0.40069E-01       1.92
  161    165.14   -0.96654  0.40454E-01  -0.72972E-03  -0.40085E-01       1.80
  162    165.60   -0.96860  0.40446E-01  -0.68454E-03  -0.40101E-01       1.69
  163    166.07   -0.97060  0.40439E-01  -0.64141E-03  -0.40119E-01       1.59
  164    166.54   -0.97254  0.40433E-01  -0.60023E-03  -0.40137E-01       1.48
  165    167.01   -0.97440  0.40428E-01  -0.56090E-03  -0.40156E-01       1.39
  166    167.48   -0.97621  0.40424E-01  -0.52333E-03  -0.40176E-01       1.29
  167    167.95   -0.97795  0.40422E-01  -0.48743E-03  -0.40197E-01       1.21
  168    168.41   -0.97962  0.40421E-01  -0.45309E-03  -0.40219E-01       1.12
  169    168.88   -0.98123  0.40423E-01  -0.42024E-03  -0.40241E-01       1.04
  170    169.35   -0.98277  0.40426E-01  -0.38878E-03  -0.40265E-01       0.96
  171    169.82   -0.98425  0.40431E-01  -0.35864E-03  -0.40289E-01       0.89
  172    170.29   -0.98566  0.40437E-01  -0.32974E-03  -0.40314E-01       0.82
  173    170.75   -0.98701  0.40446E-01  -0.30203E-03  -0.40340E-01       0.75
  174    171.22   -0.98829  0.40456E-01  -0.27545E-03  -0.40366E-01       0.68
  175    171.69   -0.98950  0.40469E-01  -0.24997E-03  -0.40392E-01       0.62
  176    172.16   -0.99065  0.40482E-01  -0.22554E-03  -0.40419E-01       0.56
  177    172.63   -0.99173  0.40497E-01  -0.20215E-03  -0.40446E-01       0.50
  178    173.09   -0.99275  0.40514E-01  -0.17980E-03  -0.40472E-01       0.44
  179    173.56   -0.99370  0.40531E-01  -0.15850E-03  -0.40499E-01       0.39
  180    174.03   -0.99458  0.40549E-01  -0.13826E-03  -0.40524E-01       0.34
  181    174.50   -0.99539  0.40568E-01  -0.11911E-03  -0.40549E-01       0.29
  182    174.97   -0.99614  0.40587E-01  -0.10111E-03  -0.40573E-01       0.25
  183    175.44   -0.99683  0.40605E-01  -0.84323E-04  -0.40596E-01       0.21
  184    175.90   -0.99744  0.40623E-01  -0.68808E-04  -0.40617E-01       0.17
  185    176.37   -0.99799  0.40641E-01  -0.54649E-04  -0.40637E-01       0.13
  186    176.84   -0.99848  0.40657E-01  -0.41931E-04  -0.40655E-01       0.10
  187    177.31   -0.99890  0.40672E-01  -0.30743E-04  -0.40670E-01       0.08
  188    177.78   -0.99925  0.40684E-01  -0.21172E-04  -0.40684E-01       0.05
  189    178.24   -0.99953  0.40695E-01  -0.13302E-04  -0.40695E-01       0.03
  190    178.71   -0.99975  0.40704E-01  -0.72056E-05  -0.40704E-01       0.02
  191    179.18   -0.99990  0.40710E-01  -0.29437E-05  -0.40710E-01       0.01
  192    179.64   -0.99998  0.40713E-01  -0.56002E-06  -0.40713E-01       0.00
  193    180.00   -1.00000  0.40714E-01   0.00000E+00  -0.40714E-01      -0.00

