# azimuth (deg) eta (deg)
0.000000000000000000e+00 4.682057704426024758e-01
1.000000000000000000e+00 6.592390791483609958e-02
2.000000000000000000e+00 -3.361272944108000815e-01
3.000000000000000444e+00 -7.379266865170767131e-01
4.000000000000000000e+00 -1.139452911641015698e+00
5.000000000000000000e+00 -1.540684341025727377e+00
6.000000000000000888e+00 -1.941598905077000392e+00
7.000000000000000000e+00 -2.342174036549257821e+00
8.000000000000000000e+00 -2.742386553961841944e+00
9.000000000000000000e+00 -3.142212563669224856e+00
1.000000000000000000e+01 -3.541627371441210315e+00
1.100000000000000000e+01 -3.940605397169358426e+00
1.200000000000000178e+01 -4.339120091752785235e+00
1.300000000000000000e+01 -4.737143837278944503e+00
1.400000000000000000e+01 -5.134647913761059890e+00
1.499999999999999822e+01 -5.531602394057403060e+00
1.600000000000000000e+01 -5.927976144235635125e+00
1.700000000000000000e+01 -6.323736678869349426e+00
1.800000000000000000e+01 -6.718850194564831568e+00
1.900000000000000000e+01 -7.113281498596053964e+00
2.000000000000000000e+01 -7.506993979209134693e+00
2.100000000000000000e+01 -7.899949536920217952e+00
2.200000000000000000e+01 -8.292108664412104702e+00
2.300000000000000000e+01 -8.683430322006907787e+00
2.400000000000000355e+01 -9.073872003485316640e+00
2.500000000000000000e+01 -9.463389691402806392e+00
2.600000000000000000e+01 -9.851937864993725924e+00
2.700000000000000000e+01 -1.023946957500305288e+01
2.800000000000000000e+01 -1.062593638642002780e+01
2.900000000000000355e+01 -1.101128837263506455e+01
2.999999999999999645e+01 -1.139547427861271700e+01
3.100000000000000000e+01 -1.177844141961999114e+01
3.200000000000000000e+01 -1.216013577268586943e+01
3.300000000000000000e+01 -1.254050204057027429e+01
3.400000000000000000e+01 -1.291948356516075336e+01
3.500000000000000000e+01 -1.329702261539083707e+01
3.600000000000000000e+01 -1.367306021983592146e+01
3.700000000000000000e+01 -1.404753629351384348e+01
3.800000000000000000e+01 -1.442038976244659310e+01
3.900000000000000000e+01 -1.479155844516781038e+01
4.000000000000000000e+01 -1.516097935435017874e+01
4.100000000000000000e+01 -1.552858855489485279e+01
4.200000000000000000e+01 -1.589432133031418104e+01
4.300000000000000000e+01 -1.625811212417958984e+01
4.400000000000000000e+01 -1.661989479236631695e+01
4.500000000000000000e+01 -1.697960249098623819e+01
4.600000000000000000e+01 -1.733716780441424632e+01
4.700000000000000000e+01 -1.769252283909527534e+01
4.800000000000000711e+01 -1.804559919269571111e+01
4.900000000000000000e+01 -1.839632797331955771e+01
5.000000000000000000e+01 -1.874464006763119173e+01
5.100000000000000000e+01 -1.909046595446783456e+01
5.200000000000000000e+01 -1.943373581934449490e+01
5.300000000000000000e+01 -1.977437966520120938e+01
5.400000000000000000e+01 -2.011232719455202300e+01
5.500000000000000000e+01 -2.044750801488501679e+01
5.600000000000000000e+01 -2.077985157806141103e+01
5.700000000000000711e+01 -2.110928716852997411e+01
5.800000000000000711e+01 -2.143574398898579503e+01
5.900000000000000711e+01 -2.175915118201258025e+01
5.999999999999999289e+01 -2.207943768747141178e+01
6.100000000000000000e+01 -2.239653248392089324e+01
6.200000000000000000e+01 -2.271036433856907877e+01
6.300000000000000000e+01 -2.302086207702793885e+01
6.400000000000000000e+01 -2.332795421017632265e+01
6.500000000000000000e+01 -2.363156928619135044e+01
6.600000000000000000e+01 -2.393163561648000837e+01
6.700000000000000000e+01 -2.422808132885058896e+01
6.800000000000000000e+01 -2.452083431394071056e+01
6.900000000000000000e+01 -2.480982227721912281e+01
7.000000000000000000e+01 -2.509497252693942215e+01
7.100000000000000000e+01 -2.537621198875959649e+01
7.200000000000000000e+01 -2.565346723778523952e+01
7.300000000000000000e+01 -2.592666440109138648e+01
7.400000000000000000e+01 -2.619572884803712398e+01
7.500000000000000000e+01 -2.646058560015861261e+01
7.600000000000000000e+01 -2.672115875647520156e+01
7.700000000000000000e+01 -2.697737175595806747e+01
7.800000000000000000e+01 -2.722914708572362841e+01
7.900000000000000000e+01 -2.747640631940339517e+01
8.000000000000000000e+01 -2.771906994523564904e+01
8.100000000000000000e+01 -2.795705728674289148e+01
8.200000000000000000e+01 -2.819028641466190521e+01
8.300000000000000000e+01 -2.841867401703127172e+01
8.400000000000000000e+01 -2.864213519368534122e+01
8.500000000000000000e+01 -2.886058364542925148e+01
8.600000000000000000e+01 -2.907393107890245787e+01
8.700000000000000000e+01 -2.928208760513840758e+01
8.800000000000000000e+01 -2.948496114766599874e+01
8.900000000000000000e+01 -2.968245759876212020e+01
9.000000000000000000e+01 -2.987448056768308646e+01
9.100000000000000000e+01 -3.006093123839194092e+01
9.200000000000000000e+01 -3.024170835264213153e+01
9.300000000000000000e+01 -3.041670793767955061e+01
9.400000000000000000e+01 -3.058582310513715541e+01
9.500000000000000000e+01 -3.074894402656029513e+01
9.600000000000001421e+01 -3.090595781816665522e+01
9.700000000000000000e+01 -3.105674824480509955e+01
9.800000000000000000e+01 -3.120119556899495805e+01
9.900000000000000000e+01 -3.133917643981306256e+01
1.000000000000000000e+02 -3.147056388990603537e+01
1.010000000000000000e+02 -3.159522686895659405e+01
1.020000000000000000e+02 -3.171303019932628686e+01
1.030000000000000000e+02 -3.182383447124965770e+01
1.040000000000000000e+02 -3.192749587910041953e+01
1.050000000000000142e+02 -3.202386592190431713e+01
1.060000000000000000e+02 -3.211279135528506146e+01
1.070000000000000000e+02 -3.219411381876287237e+01
1.080000000000000000e+02 -3.226767008633147782e+01
1.090000000000000000e+02 -3.233329132033242104e+01
1.100000000000000000e+02 -3.239080347480932431e+01
1.110000000000000000e+02 -3.244002662510005308e+01
1.120000000000000000e+02 -3.248077508457616602e+01
1.130000000000000000e+02 -3.251285723024995633e+01
1.140000000000000142e+02 -3.253607512973700011e+01
1.150000000000000000e+02 -3.255022473000221339e+01
1.160000000000000142e+02 -3.255509529382809575e+01
1.170000000000000000e+02 -3.255046957692992748e+01
1.180000000000000142e+02 -3.253612349379086055e+01
1.190000000000000000e+02 -3.251182603993782294e+01
1.199999999999999858e+02 -3.247733917526686298e+01
1.210000000000000000e+02 -3.243241777892369981e+01
1.220000000000000000e+02 -3.237680934140710320e+01
1.230000000000000142e+02 -3.231025416280593987e+01
1.240000000000000000e+02 -3.223248506921277112e+01
1.250000000000000142e+02 -3.214322746265403907e+01
1.260000000000000000e+02 -3.204219928300164355e+01
1.270000000000000142e+02 -3.192911102635236631e+01
1.280000000000000000e+02 -3.180366578532487409e+01
1.290000000000000000e+02 -3.166555926763671636e+01
1.300000000000000000e+02 -3.151448019459936845e+01
1.310000000000000000e+02 -3.135010995787463273e+01
1.320000000000000000e+02 -3.117212335811803214e+01
1.330000000000000000e+02 -3.098018858682499754e+01
1.340000000000000000e+02 -3.077396762803785535e+01
1.350000000000000000e+02 -3.055311669117734397e+01
1.360000000000000000e+02 -3.031728675739643108e+01
1.370000000000000000e+02 -3.006612395011552152e+01
1.380000000000000000e+02 -2.979927057449770800e+01
1.390000000000000000e+02 -2.951636552347609666e+01
1.400000000000000000e+02 -2.921704533131419268e+01
1.410000000000000000e+02 -2.890094526090986093e+01
1.420000000000000000e+02 -2.856770053718585700e+01
1.430000000000000000e+02 -2.821694727350234899e+01
1.440000000000000000e+02 -2.784832423042730554e+01
1.450000000000000000e+02 -2.746147458464014690e+01
1.460000000000000000e+02 -2.705604721635793197e+01
1.470000000000000000e+02 -2.663169921405104645e+01
1.480000000000000000e+02 -2.618809790680538185e+01
1.490000000000000000e+02 -2.572492310785149172e+01
1.500000000000000000e+02 -2.524186971447480943e+01
1.510000000000000000e+02 -2.473865086816819314e+01
1.520000000000000000e+02 -2.421500055081695280e+01
1.530000000000000000e+02 -2.367067696626450157e+01
1.540000000000000000e+02 -2.310546618374824845e+01
1.550000000000000000e+02 -2.251918536308549079e+01
1.560000000000000000e+02 -2.191168705158871433e+01
1.570000000000000000e+02 -2.128286283136696255e+01
1.580000000000000000e+02 -2.063264749047669255e+01
1.590000000000000000e+02 -1.996102339044476892e+01
1.600000000000000000e+02 -1.926802458599149759e+01
1.610000000000000000e+02 -1.855374109951349837e+01
1.620000000000000000e+02 -1.781832342260948110e+01
1.630000000000000000e+02 -1.706198639400067307e+01
1.640000000000000000e+02 -1.628501316024678403e+01
1.650000000000000000e+02 -1.548775915972218620e+01
1.660000000000000000e+02 -1.467065520805499013e+01
1.670000000000000000e+02 -1.383421054838794007e+01
1.680000000000000000e+02 -1.297901533019918752e+01
1.690000000000000000e+02 -1.210574246520407726e+01
1.700000000000000000e+02 -1.121514852131549667e+01
1.710000000000000000e+02 -1.030807445255973853e+01
1.720000000000000000e+02 -9.385444789902715357e+00
1.730000000000000000e+02 -8.448266439425431429e+00
1.740000000000000000e+02 -7.497626147046171141e+00
1.750000000000000000e+02 -6.534687347175313299e+00
1.760000000000000000e+02 -5.560685527212175572e+00
1.770000000000000000e+02 -4.576923131945200396e+00
1.780000000000000000e+02 -3.584763010819188800e+00
1.790000000000000000e+02 -2.585621297678574848e+00
1.800000000000000000e+02 -1.580959382094210497e+00
1.810000000000000000e+02 -5.722750531300244692e-01
1.820000000000000000e+02 4.389067682898251666e-01
1.830000000000000000e+02 1.451043855049393150e+00
1.840000000000000000e+02 2.462586756770566598e+00
1.850000000000000000e+02 3.471989009870497966e+00
1.860000000000000000e+02 4.477717208557323580e+00
1.870000000000000000e+02 5.478261064029613436e+00
1.880000000000000000e+02 6.472142782366225866e+00
1.890000000000000000e+02 7.457926252615999729e+00
1.900000000000000000e+02 8.434225238595567831e+00
1.910000000000000000e+02 9.399711086170873031e+00
1.920000000000000284e+02 1.035311924650546622e+01
1.930000000000000000e+02 1.129325529504438919e+01
1.940000000000000000e+02 1.221899939616723429e+01
1.950000000000000000e+02 1.312931026111297150e+01
1.960000000000000000e+02 1.402322792092716952e+01
1.970000000000000000e+02 1.489987542849542379e+01
1.980000000000000000e+02 1.575845964557542800e+01
1.990000000000000000e+02 1.659827147858724317e+01
2.000000000000000000e+02 1.741868478809730192e+01
2.010000000000000284e+02 1.821915481274990967e+01
2.020000000000000000e+02 1.899921626563350685e+01
2.030000000000000000e+02 1.975848030008674527e+01
2.040000000000000000e+02 2.049663134610188919e+01
2.050000000000000000e+02 2.121342366410457814e+01
2.060000000000000000e+02 2.190867735065683775e+01
2.070000000000000000e+02 2.258227419102053091e+01
2.080000000000000000e+02 2.323415380030164101e+01
2.090000000000000000e+02 2.386430886416289354e+01
2.100000000000000284e+02 2.447278128004884223e+01
2.110000000000000000e+02 2.505965770666157866e+01
2.120000000000000000e+02 2.562506526527254636e+01
2.130000000000000000e+02 2.616916795430168108e+01
2.140000000000000000e+02 2.669216240531275730e+01
2.150000000000000000e+02 2.719427417773371403e+01
2.160000000000000000e+02 2.767575439874816468e+01
2.170000000000000000e+02 2.813687662455673788e+01
2.180000000000000000e+02 2.857793319236905560e+01
2.190000000000000284e+02 2.899923289072674848e+01
2.200000000000000000e+02 2.940109813759493562e+01
2.210000000000000000e+02 2.978386220611534441e+01
2.220000000000000000e+02 3.014786737300056529e+01
2.230000000000000000e+02 3.049346278838794078e+01
2.240000000000000000e+02 3.082100253601983297e+01
2.250000000000000000e+02 3.113084379677003710e+01
2.260000000000000000e+02 3.142334573702461853e+01
2.270000000000000000e+02 3.169886776800122163e+01
2.280000000000000284e+02 3.195776858494683026e+01
2.290000000000000000e+02 3.220040503291119194e+01
2.300000000000000000e+02 3.242713117725770644e+01
2.309999999999999716e+02 3.263829742342504403e+01
2.320000000000000284e+02 3.283425012515009911e+01
2.330000000000000000e+02 3.301533043983640425e+01
2.340000000000000000e+02 3.318187437224774783e+01
2.350000000000000000e+02 3.333421202910701453e+01
2.360000000000000284e+02 3.347266735261956683e+01
2.370000000000000284e+02 3.359755783470470192e+01
2.380000000000000000e+02 3.370919429441372728e+01
2.390000000000000000e+02 3.380788070856065985e+01
2.399999999999999716e+02 3.389391401263991810e+01
2.410000000000000284e+02 3.396758426205451542e+01
2.420000000000000000e+02 3.402917427353364133e+01
2.430000000000000000e+02 3.407895985682178264e+01
2.440000000000000000e+02 3.411720975432807990e+01
2.450000000000000284e+02 3.414418570404215814e+01
2.460000000000000284e+02 3.416014242313352867e+01
2.470000000000000000e+02 3.416532792349123326e+01
2.480000000000000000e+02 3.415998325498402011e+01
2.489999999999999716e+02 3.414434307721278827e+01
2.500000000000000284e+02 3.411863540749056511e+01
2.510000000000000000e+02 3.408308200342814587e+01
2.520000000000000000e+02 3.403789850301462394e+01
2.530000000000000000e+02 3.398329429826065962e+01
2.540000000000000284e+02 3.391947321795193915e+01
2.550000000000000284e+02 3.384663310648164014e+01
2.560000000000000000e+02 3.376496658447440780e+01
2.570000000000000000e+02 3.367466078129231022e+01
2.580000000000000000e+02 3.357589774108357261e+01
2.590000000000000000e+02 3.346885445302136475e+01
2.600000000000000000e+02 3.335370316906182353e+01
2.610000000000000000e+02 3.323061158355798739e+01
2.620000000000000000e+02 3.309974294079827928e+01
2.630000000000000000e+02 3.296125607986776629e+01
2.640000000000000000e+02 3.281530593770479953e+01
2.650000000000000000e+02 3.266204352810422762e+01
2.660000000000000000e+02 3.250161611269355433e+01
2.670000000000000000e+02 3.233416729014773949e+01
2.680000000000000000e+02 3.215983737494833861e+01
2.690000000000000000e+02 3.197876347974892752e+01
2.700000000000000000e+02 3.179107954892933563e+01
2.710000000000000000e+02 3.159691658237499468e+01
2.720000000000000000e+02 3.139640291006992356e+01
2.730000000000000000e+02 3.118966421500998720e+01
2.740000000000000000e+02 3.097682367355065836e+01
2.750000000000000000e+02 3.075800222816396712e+01
2.760000000000000000e+02 3.053331840813294917e+01
2.770000000000000000e+02 3.030288895697452034e+01
2.780000000000000000e+02 3.006682841100635528e+01
2.790000000000000000e+02 2.982524970869839009e+01
2.800000000000000000e+02 2.957826400764676222e+01
2.810000000000000000e+02 2.932598086235502777e+01
2.820000000000000000e+02 2.906850839282216725e+01
2.830000000000000000e+02 2.880595333409631920e+01
2.840000000000000000e+02 2.853842113680606118e+01
2.850000000000000000e+02 2.826601612312753531e+01
2.860000000000000000e+02 2.798884146460002142e+01
2.870000000000000000e+02 2.770699943795510123e+01
2.880000000000000000e+02 2.742059117335111651e+01
2.890000000000000000e+02 2.712971723667241974e+01
2.900000000000000000e+02 2.683447719415278954e+01
2.910000000000000000e+02 2.653496991298995766e+01
2.920000000000000000e+02 2.623129366826270115e+01
2.930000000000000000e+02 2.592354610157148898e+01
2.940000000000000000e+02 2.561182415738404572e+01
2.950000000000000000e+02 2.529622434763397365e+01
2.960000000000000000e+02 2.497684263967583362e+01
2.970000000000000000e+02 2.465377454269576063e+01
2.980000000000000000e+02 2.432711498241105375e+01
2.990000000000000000e+02 2.399695863855369282e+01
3.000000000000000000e+02 2.366339951510251893e+01
3.010000000000000000e+02 2.332653135091385366e+01
3.020000000000000000e+02 2.298644729821589650e+01
3.030000000000000000e+02 2.264324020349270583e+01
3.040000000000000000e+02 2.229700230313069298e+01
3.050000000000000000e+02 2.194782539129548482e+01
3.060000000000000000e+02 2.159580077593398428e+01
3.070000000000000000e+02 2.124101917530129313e+01
3.080000000000000000e+02 2.088357071577013357e+01
3.090000000000000000e+02 2.052354499595720227e+01
3.100000000000000000e+02 2.016103084809390822e+01
3.110000000000000000e+02 1.979611645748358129e+01
3.120000000000000000e+02 1.942888923909247012e+01
3.130000000000000000e+02 1.905943569802462179e+01
3.140000000000000000e+02 1.868784163468469472e+01
3.150000000000000000e+02 1.831419185833544105e+01
3.160000000000000000e+02 1.793857011648242050e+01
3.170000000000000000e+02 1.756105917962698015e+01
3.180000000000000000e+02 1.718174070522933405e+01
3.190000000000000000e+02 1.680069512311331437e+01
3.200000000000000000e+02 1.641800171349806092e+01
3.210000000000000000e+02 1.603373838607877033e+01
3.220000000000000000e+02 1.564798171084959399e+01
3.230000000000000000e+02 1.526080675717078527e+01
3.240000000000000000e+02 1.487228723538336261e+01
3.250000000000000000e+02 1.448249520376397470e+01
3.260000000000000000e+02 1.409150118336823354e+01
3.270000000000000000e+02 1.369937403916466856e+01
3.280000000000000000e+02 1.330618084729503003e+01
3.290000000000000000e+02 1.291198709611519746e+01
3.300000000000000000e+02 1.251685637789963579e+01
3.310000000000000000e+02 1.212085050835045763e+01
3.320000000000000000e+02 1.172402944360164234e+01
3.330000000000000000e+02 1.132645123693801104e+01
3.340000000000000000e+02 1.092817212683607409e+01
3.350000000000000000e+02 1.052924639828519204e+01
3.360000000000000000e+02 1.012972641401811202e+01
3.370000000000000000e+02 9.729662662700746978e+00
3.380000000000000000e+02 9.329103723864470510e+00
3.390000000000000000e+02 8.928096284966027696e+00
3.400000000000000000e+02 8.526685164747236811e+00
3.410000000000000000e+02 8.124913308692006453e+00
3.420000000000000000e+02 7.722821920354704162e+00
3.430000000000000000e+02 7.320450405638607272e+00
3.440000000000000000e+02 6.917836428634647206e+00
3.450000000000000000e+02 6.515016018870423586e+00
3.460000000000000000e+02 6.112023625582140518e+00
3.470000000000000000e+02 5.708892097775311036e+00
3.480000000000000000e+02 5.305652885194176882e+00
3.490000000000000000e+02 4.902336007046558031e+00
3.500000000000000000e+02 4.498970222992707768e+00
3.510000000000000000e+02 4.095583046897064428e+00
3.520000000000000000e+02 3.692200904372705317e+00
3.530000000000000000e+02 3.288849167903545201e+00
3.540000000000000000e+02 2.885552328591773907e+00
3.550000000000000000e+02 2.482334042293047549e+00
3.560000000000000000e+02 2.079217256165671213e+00
3.570000000000000000e+02 1.676224335834746171e+00
3.580000000000000000e+02 1.273377159098105116e+00
3.590000000000000000e+02 8.706972183916723562e-01
