# azimuth (deg) eta (deg)
0.000000000000000000e+00 9.087540952135746863e+00
1.000000000000000000e+00 8.087540952135759298e+00
2.000000000000000000e+00 7.087540952135745087e+00
3.000000000000000444e+00 6.087540952135755745e+00
4.000000000000000000e+00 5.087540952135741534e+00
5.000000000000000000e+00 4.087540952135753081e+00
6.000000000000000888e+00 3.087540952135738870e+00
7.000000000000000000e+00 2.087540952135750416e+00
8.000000000000000000e+00 1.087540952135761740e+00
9.000000000000000000e+00 8.754095213574754342e-02
1.000000000000000000e+01 -9.124590478642411462e-01
1.100000000000000000e+01 -1.912459047864229822e+00
1.200000000000000178e+01 -2.912459047864243811e+00
1.300000000000000000e+01 -3.912459047864232708e+00
1.400000000000000000e+01 -4.912459047864221162e+00
1.499999999999999822e+01 -5.912459047864235373e+00
1.600000000000000000e+01 -6.912459047864223827e+00
1.700000000000000000e+01 -7.912459047864238038e+00
1.800000000000000000e+01 -8.912459047864226491e+00
1.900000000000000000e+01 -9.912459047864240702e+00
2.000000000000000000e+01 -1.091245904786423004e+01
2.100000000000000000e+01 -1.191245904786421761e+01
2.200000000000000000e+01 -1.291245904786423182e+01
2.300000000000000000e+01 -1.391245904786422116e+01
2.400000000000000355e+01 -1.491245904786423537e+01
2.500000000000000000e+01 -1.591245904786422471e+01
2.600000000000000000e+01 -1.691245904786423893e+01
2.700000000000000000e+01 -1.791245904786422827e+01
2.800000000000000000e+01 -1.891245904786424248e+01
2.900000000000000355e+01 -1.991245904786422827e+01
2.999999999999999645e+01 -2.091245904786421761e+01
3.100000000000000000e+01 -2.191245904786423182e+01
3.200000000000000000e+01 -2.291245904786422116e+01
3.300000000000000000e+01 -2.391245904786423537e+01
3.400000000000000000e+01 -2.491245904786422471e+01
3.500000000000000000e+01 -2.591245904786421406e+01
3.600000000000000000e+01 -2.691245904786422827e+01
3.700000000000000000e+01 -2.791245904786421406e+01
3.800000000000000000e+01 -2.891245904786422827e+01
3.900000000000000000e+01 -2.991245904786421761e+01
4.000000000000000000e+01 -3.091245904786423182e+01
4.100000000000000000e+01 -3.191245904786422116e+01
4.200000000000000000e+01 -3.291245904786423182e+01
4.300000000000000000e+01 -3.391245904786422471e+01
4.400000000000000000e+01 -3.491245904786421050e+01
4.500000000000000000e+01 -3.591245904786422471e+01
4.600000000000000000e+01 -3.691245904786421761e+01
4.700000000000000000e+01 -3.791245904786423182e+01
4.800000000000000711e+01 -3.891245904786421761e+01
4.900000000000000000e+01 -3.991245904786423182e+01
5.000000000000000000e+01 -4.091245904786422471e+01
5.100000000000000000e+01 -4.191245904786421050e+01
5.200000000000000000e+01 -4.291245904786422471e+01
5.300000000000000000e+01 -4.391245904786421050e+01
5.400000000000000000e+01 -4.491245904786422471e+01
5.500000000000000000e+01 -4.591245904786421761e+01
5.600000000000000000e+01 -4.691245904786423182e+01
5.700000000000000711e+01 -4.791245904786421761e+01
5.800000000000000711e+01 -4.891245904786423182e+01
5.900000000000000711e+01 -4.991245904786421761e+01
5.999999999999999289e+01 -5.091245904786421050e+01
6.100000000000000000e+01 -5.191245904786422471e+01
6.200000000000000000e+01 -5.291245904786421050e+01
6.300000000000000000e+01 -5.391245904786422471e+01
6.400000000000000000e+01 -5.491245904786421761e+01
6.500000000000000000e+01 -5.591245904786423182e+01
6.600000000000000000e+01 -5.691245904786421761e+01
6.700000000000000000e+01 -5.791245904786423182e+01
6.800000000000000000e+01 -5.891245904786421761e+01
6.900000000000000000e+01 -5.991245904786421050e+01
7.000000000000000000e+01 -6.091245904786422471e+01
7.100000000000000000e+01 -6.191245904786421050e+01
7.200000000000000000e+01 -6.291245904786422471e+01
7.300000000000000000e+01 -6.391245904786421761e+01
7.400000000000000000e+01 -6.491245904786423182e+01
7.500000000000000000e+01 -6.591245904786421761e+01
7.600000000000000000e+01 -6.691245904786421761e+01
7.700000000000000000e+01 -6.791245904786421761e+01
7.800000000000000000e+01 -6.891245904786420340e+01
7.900000000000000000e+01 -6.991245904786421761e+01
8.000000000000000000e+01 -7.091245904786421761e+01
8.100000000000000000e+01 -7.191245904786421761e+01
8.200000000000000000e+01 -7.291245904786421761e+01
8.300000000000000000e+01 -7.391245904786421761e+01
8.400000000000000000e+01 -7.491245904786421761e+01
8.500000000000000000e+01 -7.591245904786421761e+01
8.600000000000000000e+01 -7.691245904786421761e+01
8.700000000000000000e+01 -7.791245904786420340e+01
8.800000000000000000e+01 -7.891245904786421761e+01
8.900000000000000000e+01 -7.991245904786421761e+01
9.000000000000000000e+01 -8.091245904786421761e+01
9.100000000000000000e+01 -8.191245904786421761e+01
9.200000000000000000e+01 -8.291245904786421761e+01
9.300000000000000000e+01 -8.391245904786421761e+01
9.400000000000000000e+01 -8.491245904786421761e+01
9.500000000000000000e+01 -8.591245904786421761e+01
9.600000000000001421e+01 -8.691245904786421761e+01
9.700000000000000000e+01 -8.791245904786421761e+01
9.800000000000000000e+01 -8.891245904786421761e+01
9.900000000000000000e+01 -8.991245904786421761e+01
1.000000000000000000e+02 8.908754095213578239e+01
1.010000000000000000e+02 8.808754095213578239e+01
1.020000000000000000e+02 8.708754095213578239e+01
1.030000000000000000e+02 8.608754095213578239e+01
1.040000000000000000e+02 8.508754095213578239e+01
1.050000000000000142e+02 8.408754095213578239e+01
1.060000000000000000e+02 8.308754095213578239e+01
1.070000000000000000e+02 8.208754095213578239e+01
1.080000000000000000e+02 8.108754095213578239e+01
1.090000000000000000e+02 8.008754095213578239e+01
1.100000000000000000e+02 7.908754095213578239e+01
1.110000000000000000e+02 7.808754095213578239e+01
1.120000000000000000e+02 7.708754095213578239e+01
1.130000000000000000e+02 7.608754095213578239e+01
1.140000000000000142e+02 7.508754095213578239e+01
1.150000000000000000e+02 7.408754095213578239e+01
1.160000000000000142e+02 7.308754095213576818e+01
1.170000000000000000e+02 7.208754095213578239e+01
1.180000000000000142e+02 7.108754095213576818e+01
1.190000000000000000e+02 7.008754095213578239e+01
1.199999999999999858e+02 6.908754095213579660e+01
1.210000000000000000e+02 6.808754095213576818e+01
1.220000000000000000e+02 6.708754095213579660e+01
1.230000000000000142e+02 6.608754095213578239e+01
1.240000000000000000e+02 6.508754095213578239e+01
1.250000000000000142e+02 6.408754095213576818e+01
1.260000000000000000e+02 6.308754095213578239e+01
1.270000000000000142e+02 6.208754095213576107e+01
1.280000000000000000e+02 6.108754095213578239e+01
1.290000000000000000e+02 6.008754095213579660e+01
1.300000000000000000e+02 5.908754095213576818e+01
1.310000000000000000e+02 5.808754095213578950e+01
1.320000000000000000e+02 5.708754095213576818e+01
1.330000000000000000e+02 5.608754095213578239e+01
1.340000000000000000e+02 5.508754095213576818e+01
1.350000000000000000e+02 5.408754095213578239e+01
1.360000000000000000e+02 5.308754095213576818e+01
1.370000000000000000e+02 5.208754095213578239e+01
1.380000000000000000e+02 5.108754095213578950e+01
1.390000000000000000e+02 5.008754095213577529e+01
1.400000000000000000e+02 4.908754095213578239e+01
1.410000000000000000e+02 4.808754095213576818e+01
1.420000000000000000e+02 4.708754095213578239e+01
1.430000000000000000e+02 4.608754095213576818e+01
1.440000000000000000e+02 4.508754095213578239e+01
1.450000000000000000e+02 4.408754095213576818e+01
1.460000000000000000e+02 4.308754095213577529e+01
1.470000000000000000e+02 4.208754095213578239e+01
1.480000000000000000e+02 4.108754095213576818e+01
1.490000000000000000e+02 4.008754095213578239e+01
1.500000000000000000e+02 3.908754095213576107e+01
1.510000000000000000e+02 3.808754095213578239e+01
1.520000000000000000e+02 3.708754095213576107e+01
1.530000000000000000e+02 3.608754095213577529e+01
1.540000000000000000e+02 3.508754095213576818e+01
1.550000000000000000e+02 3.408754095213576818e+01
1.560000000000000000e+02 3.308754095213578239e+01
1.570000000000000000e+02 3.208754095213576818e+01
1.580000000000000000e+02 3.108754095213577884e+01
1.590000000000000000e+02 3.008754095213577173e+01
1.600000000000000000e+02 2.908754095213577529e+01
1.610000000000000000e+02 2.808754095213576463e+01
1.620000000000000000e+02 2.708754095213577173e+01
1.630000000000000000e+02 2.608754095213575397e+01
1.640000000000000000e+02 2.508754095213576818e+01
1.650000000000000000e+02 2.408754095213578594e+01
1.660000000000000000e+02 2.308754095213577173e+01
1.670000000000000000e+02 2.208754095213577529e+01
1.680000000000000000e+02 2.108754095213576107e+01
1.690000000000000000e+02 2.008754095213577173e+01
1.700000000000000000e+02 1.908754095213575752e+01
1.710000000000000000e+02 1.808754095213577173e+01
1.720000000000000000e+02 1.708754095213575397e+01
1.730000000000000000e+02 1.608754095213576818e+01
1.740000000000000000e+02 1.508754095213577884e+01
1.750000000000000000e+02 1.408754095213576640e+01
1.760000000000000000e+02 1.308754095213577884e+01
1.770000000000000000e+02 1.208754095213576107e+01
1.780000000000000000e+02 1.108754095213577173e+01
1.790000000000000000e+02 1.008754095213575930e+01
1.800000000000000000e+02 9.087540952135769956e+00
1.810000000000000000e+02 8.087540952135755745e+00
1.820000000000000000e+02 7.087540952135766403e+00
1.830000000000000000e+02 6.087540952135777061e+00
1.840000000000000000e+02 5.087540952135763739e+00
1.850000000000000000e+02 4.087540952135774397e+00
1.860000000000000000e+02 3.087540952135759298e+00
1.870000000000000000e+02 2.087540952135771288e+00
1.880000000000000000e+02 1.087540952135754857e+00
1.890000000000000000e+02 8.754095213576852663e-02
1.900000000000000000e+02 -9.124590478642484737e-01
1.910000000000000000e+02 -1.912459047864235817e+00
1.920000000000000284e+02 -2.912459047864252248e+00
1.930000000000000000e+02 -3.912459047864239814e+00
1.940000000000000000e+02 -4.912459047864229156e+00
1.950000000000000000e+02 -5.912459047864244255e+00
1.960000000000000000e+02 -6.912459047864231820e+00
1.970000000000000000e+02 -7.912459047864247808e+00
1.980000000000000000e+02 -8.912459047864237149e+00
1.990000000000000000e+02 -9.912459047864247808e+00
2.000000000000000000e+02 -1.091245904786423715e+01
2.010000000000000284e+02 -1.191245904786425314e+01
2.020000000000000000e+02 -1.291245904786424248e+01
2.030000000000000000e+02 -1.391245904786423182e+01
2.040000000000000000e+02 -1.491245904786424425e+01
2.050000000000000000e+02 -1.591245904786423360e+01
2.060000000000000000e+02 -1.691245904786424958e+01
2.070000000000000000e+02 -1.791245904786423893e+01
2.080000000000000000e+02 -1.891245904786424958e+01
2.090000000000000000e+02 -1.991245904786423893e+01
2.100000000000000284e+02 -2.091245904786425314e+01
2.110000000000000000e+02 -2.191245904786424248e+01
2.120000000000000000e+02 -2.291245904786423537e+01
2.130000000000000000e+02 -2.391245904786424603e+01
2.140000000000000000e+02 -2.491245904786423537e+01
2.150000000000000000e+02 -2.591245904786424958e+01
2.160000000000000000e+02 -2.691245904786423537e+01
2.170000000000000000e+02 -2.791245904786425314e+01
2.180000000000000000e+02 -2.891245904786424248e+01
2.190000000000000284e+02 -2.991245904786426379e+01
2.200000000000000000e+02 -3.091245904786424603e+01
2.210000000000000000e+02 -3.191245904786423893e+01
2.220000000000000000e+02 -3.291245904786424603e+01
2.230000000000000000e+02 -3.391245904786424603e+01
2.240000000000000000e+02 -3.491245904786426024e+01
2.250000000000000000e+02 -3.591245904786424603e+01
2.260000000000000000e+02 -3.691245904786426024e+01
2.270000000000000000e+02 -3.791245904786424603e+01
2.280000000000000284e+02 -3.891245904786426024e+01
2.290000000000000000e+02 -3.991245904786426024e+01
2.300000000000000000e+02 -4.091245904786423893e+01
2.309999999999999716e+02 -4.191245904786422471e+01
2.320000000000000284e+02 -4.291245904786426024e+01
2.330000000000000000e+02 -4.391245904786426024e+01
2.340000000000000000e+02 -4.491245904786423893e+01
2.350000000000000000e+02 -4.591245904786423182e+01
2.360000000000000284e+02 -4.691245904786427445e+01
2.370000000000000284e+02 -4.791245904786426024e+01
2.380000000000000000e+02 -4.891245904786425314e+01
2.390000000000000000e+02 -4.991245904786423893e+01
2.399999999999999716e+02 -5.091245904786422471e+01
2.410000000000000284e+02 -5.191245904786426024e+01
2.420000000000000000e+02 -5.291245904786426024e+01
2.430000000000000000e+02 -5.391245904786424603e+01
2.440000000000000000e+02 -5.491245904786423893e+01
2.450000000000000284e+02 -5.591245904786426735e+01
2.460000000000000284e+02 -5.691245904786426024e+01
2.470000000000000000e+02 -5.791245904786424603e+01
2.480000000000000000e+02 -5.891245904786424603e+01
2.489999999999999716e+02 -5.991245904786423182e+01
2.500000000000000284e+02 -6.091245904786426024e+01
2.510000000000000000e+02 -6.191245904786425314e+01
2.520000000000000000e+02 -6.291245904786425314e+01
2.530000000000000000e+02 -6.391245904786423893e+01
2.540000000000000284e+02 -6.491245904786427445e+01
2.550000000000000284e+02 -6.591245904786427445e+01
2.560000000000000000e+02 -6.691245904786426024e+01
2.570000000000000000e+02 -6.791245904786424603e+01
2.580000000000000000e+02 -6.891245904786423182e+01
2.590000000000000000e+02 -6.991245904786427445e+01
2.600000000000000000e+02 -7.091245904786426024e+01
2.610000000000000000e+02 -7.191245904786424603e+01
2.620000000000000000e+02 -7.291245904786424603e+01
2.630000000000000000e+02 -7.391245904786427445e+01
2.640000000000000000e+02 -7.491245904786427445e+01
2.650000000000000000e+02 -7.591245904786426024e+01
2.660000000000000000e+02 -7.691245904786424603e+01
2.670000000000000000e+02 -7.791245904786423182e+01
2.680000000000000000e+02 -7.891245904786427445e+01
2.690000000000000000e+02 -7.991245904786426024e+01
2.700000000000000000e+02 -8.091245904786424603e+01
2.710000000000000000e+02 -8.191245904786424603e+01
2.720000000000000000e+02 -8.291245904786427445e+01
2.730000000000000000e+02 -8.391245904786427445e+01
2.740000000000000000e+02 -8.491245904786426024e+01
2.750000000000000000e+02 -8.591245904786424603e+01
2.760000000000000000e+02 -8.691245904786423182e+01
2.770000000000000000e+02 -8.791245904786427445e+01
2.780000000000000000e+02 -8.891245904786426024e+01
2.790000000000000000e+02 -8.991245904786424603e+01
2.800000000000000000e+02 8.908754095213575397e+01
2.810000000000000000e+02 8.808754095213572555e+01
2.820000000000000000e+02 8.708754095213572555e+01
2.830000000000000000e+02 8.608754095213573976e+01
2.840000000000000000e+02 8.508754095213575397e+01
2.850000000000000000e+02 8.408754095213576818e+01
2.860000000000000000e+02 8.308754095213572555e+01
2.870000000000000000e+02 8.208754095213573976e+01
2.880000000000000000e+02 8.108754095213575397e+01
2.890000000000000000e+02 8.008754095213575397e+01
2.900000000000000000e+02 7.908754095213572555e+01
2.910000000000000000e+02 7.808754095213572555e+01
2.920000000000000000e+02 7.708754095213573976e+01
2.930000000000000000e+02 7.608754095213575397e+01
2.940000000000000000e+02 7.508754095213576818e+01
2.950000000000000000e+02 7.408754095213572555e+01
2.960000000000000000e+02 7.308754095213573976e+01
2.970000000000000000e+02 7.208754095213575397e+01
2.980000000000000000e+02 7.108754095213575397e+01
2.990000000000000000e+02 7.008754095213572555e+01
3.000000000000000000e+02 6.908754095213572555e+01
3.010000000000000000e+02 6.808754095213573976e+01
3.020000000000000000e+02 6.708754095213575397e+01
3.030000000000000000e+02 6.608754095213576818e+01
3.040000000000000000e+02 6.508754095213572555e+01
3.050000000000000000e+02 6.408754095213573976e+01
3.060000000000000000e+02 6.308754095213574686e+01
3.070000000000000000e+02 6.208754095213576107e+01
3.080000000000000000e+02 6.108754095213571844e+01
3.090000000000000000e+02 6.008754095213573265e+01
3.100000000000000000e+02 5.908754095213573976e+01
3.110000000000000000e+02 5.808754095213575397e+01
3.120000000000000000e+02 5.708754095213576107e+01
3.130000000000000000e+02 5.608754095213572555e+01
3.140000000000000000e+02 5.508754095213573265e+01
3.150000000000000000e+02 5.408754095213574686e+01
3.160000000000000000e+02 5.308754095213576107e+01
3.170000000000000000e+02 5.208754095213571844e+01
3.180000000000000000e+02 5.108754095213573265e+01
3.190000000000000000e+02 5.008754095213573976e+01
3.200000000000000000e+02 4.908754095213577529e+01
3.210000000000000000e+02 4.808754095213576107e+01
3.220000000000000000e+02 4.708754095213574686e+01
3.230000000000000000e+02 4.608754095213573265e+01
3.240000000000000000e+02 4.508754095213574686e+01
3.250000000000000000e+02 4.408754095213576107e+01
3.260000000000000000e+02 4.308754095213571844e+01
3.270000000000000000e+02 4.208754095213573265e+01
3.280000000000000000e+02 4.108754095213573976e+01
3.290000000000000000e+02 4.008754095213575397e+01
3.300000000000000000e+02 3.908754095213576107e+01
3.310000000000000000e+02 3.808754095213572555e+01
3.320000000000000000e+02 3.708754095213576107e+01
3.330000000000000000e+02 3.608754095213574686e+01
3.340000000000000000e+02 3.508754095213576107e+01
3.350000000000000000e+02 3.408754095213571844e+01
3.360000000000000000e+02 3.308754095213573265e+01
3.370000000000000000e+02 3.208754095213576818e+01
3.380000000000000000e+02 3.108754095213577884e+01
3.390000000000000000e+02 3.008754095213576463e+01
3.400000000000000000e+02 2.908754095213575042e+01
3.410000000000000000e+02 2.808754095213573621e+01
3.420000000000000000e+02 2.708754095213574686e+01
3.430000000000000000e+02 2.608754095213578594e+01
3.440000000000000000e+02 2.508754095213571844e+01
3.450000000000000000e+02 2.408754095213575752e+01
3.460000000000000000e+02 2.308754095213576818e+01
3.470000000000000000e+02 2.208754095213575397e+01
3.480000000000000000e+02 2.108754095213578950e+01
3.490000000000000000e+02 2.008754095213575042e+01
3.500000000000000000e+02 1.908754095213576107e+01
3.510000000000000000e+02 1.808754095213577173e+01
3.520000000000000000e+02 1.708754095213578594e+01
3.530000000000000000e+02 1.608754095213574331e+01
3.540000000000000000e+02 1.508754095213575575e+01
3.550000000000000000e+02 1.408754095213576640e+01
3.560000000000000000e+02 1.308754095213577884e+01
3.570000000000000000e+02 1.208754095213578950e+01
3.580000000000000000e+02 1.108754095213575042e+01
3.590000000000000000e+02 1.008754095213576107e+01
