# azimuth (deg) eta (deg)
0.000000000000000000e+00 1.119293063155597290e+00
1.000000000000000000e+00 4.140913686673734495e-01
2.000000000000000000e+00 -2.910960076203700231e-01
3.000000000000000444e+00 -9.962817153578817919e-01
4.000000000000000000e+00 -1.701478392795106931e+00
5.000000000000000000e+00 -2.406698736210777678e+00
6.000000000000000888e+00 -3.111955464254834158e+00
7.000000000000000000e+00 -3.817261370461646486e+00
8.000000000000000000e+00 -4.522629289590712531e+00
9.000000000000000000e+00 -5.228072182923613198e+00
1.000000000000000000e+01 -5.933603098999049585e+00
1.100000000000000000e+01 -6.639235201131914010e+00
1.200000000000000178e+01 -7.344981841914480114e+00
1.300000000000000000e+01 -8.050856451392496282e+00
1.400000000000000000e+01 -8.756872691464788971e+00
1.499999999999999822e+01 -9.463044395924782748e+00
1.600000000000000000e+01 -1.016938559017353860e+01
1.700000000000000000e+01 -1.087591054056279383e+01
1.800000000000000000e+01 -1.158263375693081620e+01
1.900000000000000000e+01 -1.228956997520099037e+01
2.000000000000000000e+01 -1.299673422268375411e+01
2.100000000000000000e+01 -1.370414182354186394e+01
2.200000000000000000e+01 -1.441180840366652838e+01
2.300000000000000000e+01 -1.511974991264851376e+01
2.400000000000000355e+01 -1.582798263753813295e+01
2.500000000000000000e+01 -1.653652324616643909e+01
2.600000000000000000e+01 -1.724538874625520180e+01
2.700000000000000000e+01 -1.795459660887056330e+01
2.800000000000000000e+01 -1.866416464806329500e+01
2.900000000000000355e+01 -1.937411115541697626e+01
2.999999999999999645e+01 -2.008445487154231301e+01
3.100000000000000000e+01 -2.079521499714957500e+01
3.200000000000000000e+01 -2.150641123087716977e+01
3.300000000000000000e+01 -2.221806382623972809e+01
3.400000000000000000e+01 -2.293019350496969366e+01
3.500000000000000000e+01 -2.364282156202003193e+01
3.600000000000000000e+01 -2.435596991286763924e+01
3.700000000000000000e+01 -2.506966100389564645e+01
3.800000000000000000e+01 -2.578391794204626919e+01
3.900000000000000000e+01 -2.649876447264434631e+01
4.000000000000000000e+01 -2.721422497514516081e+01
4.100000000000000000e+01 -2.793032454017828314e+01
4.200000000000000000e+01 -2.864708898681022831e+01
4.300000000000000000e+01 -2.936454484588738012e+01
4.400000000000000000e+01 -3.008271937491116432e+01
4.500000000000000000e+01 -3.080164069414978911e+01
4.600000000000000000e+01 -3.152133764459018650e+01
4.700000000000000000e+01 -3.224183998516210181e+01
4.800000000000000711e+01 -3.296317829359654894e+01
4.900000000000000000e+01 -3.368538403843169249e+01
5.000000000000000000e+01 -3.440848963583789555e+01
5.100000000000000000e+01 -3.513252842438166823e+01
5.200000000000000000e+01 -3.585753473915141853e+01
5.300000000000000000e+01 -3.658354395341218179e+01
5.400000000000000000e+01 -3.731059239910159420e+01
5.500000000000000000e+01 -3.803871758655495938e+01
5.600000000000000000e+01 -3.876795804524628863e+01
5.700000000000000711e+01 -3.949835353521642389e+01
5.800000000000000711e+01 -4.022994493336921096e+01
5.900000000000000711e+01 -4.096277433517231970e+01
5.999999999999999289e+01 -4.169688515925523120e+01
6.100000000000000000e+01 -4.243232202747134352e+01
6.200000000000000000e+01 -4.316913093267517354e+01
6.300000000000000000e+01 -4.390735929769740409e+01
6.400000000000000000e+01 -4.464705588895537147e+01
6.500000000000000000e+01 -4.538827092767299831e+01
6.600000000000000000e+01 -4.613105626089141964e+01
6.700000000000000000e+01 -4.687546519201226403e+01
6.800000000000000000e+01 -4.762155261688422314e+01
6.900000000000000000e+01 -4.836937514998476928e+01
7.000000000000000000e+01 -4.911899113024536945e+01
7.100000000000000000e+01 -4.987046059861399527e+01
7.200000000000000000e+01 -5.062384541641253577e+01
7.300000000000000000e+01 -5.137920937274580524e+01
7.400000000000000000e+01 -5.213661817079118066e+01
7.500000000000000000e+01 -5.289613953984154193e+01
7.600000000000000000e+01 -5.365784323460172089e+01
7.700000000000000000e+01 -5.442180115286964082e+01
7.800000000000000000e+01 -5.518808741982203969e+01
7.900000000000000000e+01 -5.595677839021450950e+01
8.000000000000000000e+01 -5.672795278991943491e+01
8.100000000000000000e+01 -5.750169179569208922e+01
8.200000000000000000e+01 -5.827807902484188673e+01
8.300000000000000000e+01 -5.905720073669377967e+01
8.400000000000000000e+01 -5.983914586938691116e+01
8.500000000000000000e+01 -6.062400601326897487e+01
8.600000000000000000e+01 -6.141187575145106337e+01
8.700000000000000000e+01 -6.220285249950708106e+01
8.800000000000000000e+01 -6.299703680342458512e+01
8.900000000000000000e+01 -6.379453221601084323e+01
9.000000000000000000e+01 -6.459544572406554153e+01
9.100000000000000000e+01 -6.539988748124901008e+01
9.200000000000000000e+01 -6.620797124778958676e+01
9.300000000000000000e+01 -6.701981427182259665e+01
9.400000000000000000e+01 -6.783553754300862693e+01
9.500000000000000000e+01 -6.865526590253408301e+01
9.600000000000001421e+01 -6.947912807159156046e+01
9.700000000000000000e+01 -7.030725686196326762e+01
9.800000000000000000e+01 -7.113978933328816368e+01
9.900000000000000000e+01 -7.197686690993268144e+01
1.000000000000000000e+02 -7.281863540257528200e+01
1.010000000000000000e+02 -7.366524538912688058e+01
1.020000000000000000e+02 -7.451685213570129918e+01
1.030000000000000000e+02 -7.537361586556475856e+01
1.040000000000000000e+02 -7.623570201691342163e+01
1.050000000000000142e+02 -7.710328106392685754e+01
1.060000000000000000e+02 -7.797652906455742539e+01
1.070000000000000000e+02 -7.885562758201457711e+01
1.080000000000000000e+02 -7.974076404242890703e+01
1.090000000000000000e+02 -8.063213157905930473e+01
1.100000000000000000e+02 -8.152992968077285241e+01
1.110000000000000000e+02 -8.243436391455428236e+01
1.120000000000000000e+02 -8.334564633615971729e+01
1.130000000000000000e+02 -8.426399562635506868e+01
1.140000000000000142e+02 -8.518963721990151328e+01
1.150000000000000000e+02 -8.612280364907995533e+01
1.160000000000000142e+02 -8.706373432277426616e+01
1.170000000000000000e+02 -8.801267609229907407e+01
1.180000000000000142e+02 -8.896988333352747702e+01
1.190000000000000000e+02 -8.993561773921543079e+01
1.199999999999999858e+02 8.908985092036400033e+01
1.210000000000000000e+02 8.810624534557589982e+01
1.220000000000000000e+02 8.711328006643658739e+01
1.230000000000000142e+02 8.611066156818650086e+01
1.240000000000000000e+02 8.509808830575421723e+01
1.250000000000000142e+02 8.407525034338416958e+01
1.260000000000000000e+02 8.304182965232375579e+01
1.270000000000000142e+02 8.199750000796221627e+01
1.280000000000000000e+02 8.094192691664903805e+01
1.290000000000000000e+02 7.987476778495116037e+01
1.300000000000000000e+02 7.879567203028263123e+01
1.310000000000000000e+02 7.770428136046419354e+01
1.320000000000000000e+02 7.660022970176005686e+01
1.330000000000000000e+02 7.548314395449857273e+01
1.340000000000000000e+02 7.435264388827543769e+01
1.350000000000000000e+02 7.320834296546573228e+01
1.360000000000000000e+02 7.204984864571294167e+01
1.370000000000000000e+02 7.087676332782982058e+01
1.380000000000000000e+02 6.968868463097766153e+01
1.390000000000000000e+02 6.848520664195143581e+01
1.400000000000000000e+02 6.726592093652577375e+01
1.410000000000000000e+02 6.603041745232073367e+01
1.420000000000000000e+02 6.477828608324408322e+01
1.430000000000000000e+02 6.350911788662520507e+01
1.440000000000000000e+02 6.222250707022005400e+01
1.450000000000000000e+02 6.091805234890701115e+01
1.460000000000000000e+02 5.959535956010375912e+01
1.470000000000000000e+02 5.825404356770576442e+01
1.480000000000000000e+02 5.689373074252777940e+01
1.490000000000000000e+02 5.551406191535817669e+01
1.500000000000000000e+02 5.411469501965038376e+01
1.510000000000000000e+02 5.269530861935353272e+01
1.520000000000000000e+02 5.125560490961742488e+01
1.530000000000000000e+02 4.979531396400584953e+01
1.540000000000000000e+02 4.831419713095012725e+01
1.550000000000000000e+02 4.681205124059093237e+01
1.560000000000000000e+02 4.528871317935722374e+01
1.570000000000000000e+02 4.374406398483662883e+01
1.580000000000000000e+02 4.217803379981820200e+01
1.590000000000000000e+02 4.059060615203198097e+01
1.600000000000000000e+02 3.898182299110857230e+01
1.610000000000000000e+02 3.735178934233697134e+01
1.620000000000000000e+02 3.570067770857931322e+01
1.630000000000000000e+02 3.402873269875648532e+01
1.640000000000000000e+02 3.233627503244478163e+01
1.650000000000000000e+02 3.062370547397126330e+01
1.660000000000000000e+02 2.889150814707856085e+01
1.670000000000000000e+02 2.714025329080739013e+01
1.680000000000000000e+02 2.537059941051980516e+01
1.690000000000000000e+02 2.358329474910091150e+01
1.700000000000000000e+02 2.177917786057706451e+01
1.710000000000000000e+02 1.995917696007516895e+01
1.720000000000000000e+02 1.812430876437511529e+01
1.730000000000000000e+02 1.627567585157141394e+01
1.740000000000000000e+02 1.441446321090190175e+01
1.750000000000000000e+02 1.254193338618219578e+01
1.760000000000000000e+02 1.065942064168883441e+01
1.770000000000000000e+02 8.768324164293471057e+00
1.780000000000000000e+02 6.870100109383963982e+00
1.790000000000000000e+02 4.966252605025370137e+00
1.800000000000000000e+02 3.058324392421480464e+00
1.810000000000000000e+02 1.147886387401074959e+00
1.820000000000000000e+02 -7.634730604278416877e-01
1.830000000000000000e+02 -2.674159140321542338e+00
1.840000000000000000e+02 -4.582581807263255591e+00
1.850000000000000000e+02 -6.487166887108219981e+00
1.860000000000000000e+02 -8.386366804318450718e+00
1.870000000000000000e+02 -1.027867099216548041e+01
1.880000000000000000e+02 -1.216261559844519446e+01
1.890000000000000000e+02 -1.403679245748566728e+01
1.900000000000000000e+02 -1.589985711839793581e+01
1.910000000000000000e+02 -1.775053598487731676e+01
1.920000000000000284e+02 -1.958763224694678939e+01
1.930000000000000000e+02 -2.141003072675864516e+01
1.940000000000000000e+02 -2.321670174056510660e+01
1.950000000000000000e+02 -2.500670373957911963e+01
1.960000000000000000e+02 -2.677918482101930664e+01
1.970000000000000000e+02 -2.853338333422412987e+01
1.980000000000000000e+02 -3.026862736074579985e+01
1.990000000000000000e+02 -3.198433366921189602e+01
2.000000000000000000e+02 -3.368000544768690219e+01
2.010000000000000284e+02 -3.535522977308095705e+01
2.020000000000000000e+02 -3.700967407801957876e+01
2.030000000000000000e+02 -3.864308270898968090e+01
2.040000000000000000e+02 -4.025527270776441213e+01
2.050000000000000000e+02 -4.184612920360519439e+01
2.060000000000000000e+02 -4.341560118149571679e+01
2.070000000000000000e+02 -4.496369653214874518e+01
2.080000000000000000e+02 -4.649047753432377306e+01
2.090000000000000000e+02 -4.799605610954278490e+01
2.100000000000000284e+02 -4.948058890937510768e+01
2.110000000000000000e+02 -5.094427349094232937e+01
2.120000000000000000e+02 -5.238734325511116907e+01
2.130000000000000000e+02 -5.381006390279228668e+01
2.140000000000000000e+02 -5.521272905002585674e+01
2.150000000000000000e+02 -5.659565691752597871e+01
2.160000000000000000e+02 -5.795918654219327237e+01
2.170000000000000000e+02 -5.930367463180289889e+01
2.180000000000000000e+02 -6.062949288507377332e+01
2.190000000000000284e+02 -6.193702469887169570e+01
2.200000000000000000e+02 -6.322666310970588910e+01
2.210000000000000000e+02 -6.449880819478821081e+01
2.220000000000000000e+02 -6.575386529757543030e+01
2.230000000000000000e+02 -6.699224269163740075e+01
2.240000000000000000e+02 -6.821435043836822842e+01
2.250000000000000000e+02 -6.942059866179695860e+01
2.260000000000000000e+02 -7.061139589839245900e+01
2.270000000000000000e+02 -7.178714847337130323e+01
2.280000000000000284e+02 -7.294825908562279437e+01
2.290000000000000000e+02 -7.409512622068886856e+01
2.300000000000000000e+02 -7.522814291768503381e+01
2.309999999999999716e+02 -7.634769672368155113e+01
2.320000000000000284e+02 -7.745416852349002568e+01
2.330000000000000000e+02 -7.854793252926158686e+01
2.340000000000000000e+02 -7.962935566984074853e+01
2.350000000000000000e+02 -8.069879735362331985e+01
2.360000000000000284e+02 -8.175660915263613049e+01
2.370000000000000284e+02 -8.280313469346124577e+01
2.380000000000000000e+02 -8.383870959768860587e+01
2.390000000000000000e+02 -8.486366117578741353e+01
2.399999999999999716e+02 -8.587830860372228869e+01
2.410000000000000284e+02 -8.688296284114501589e+01
2.420000000000000000e+02 -8.787792644060816372e+01
2.430000000000000000e+02 -8.886349416486064001e+01
2.440000000000000000e+02 -8.983995228731191673e+01
2.450000000000000284e+02 8.919242061610407291e+01
2.460000000000000284e+02 8.823335390408190904e+01
2.470000000000000000e+02 8.728258487867114468e+01
2.480000000000000000e+02 8.633985817317751810e+01
2.489999999999999716e+02 8.540492607800101155e+01
2.500000000000000284e+02 8.447754811687529752e+01
2.510000000000000000e+02 8.355749101894173236e+01
2.520000000000000000e+02 8.264452848518021710e+01
2.530000000000000000e+02 8.173844089536696345e+01
2.540000000000000284e+02 8.083901551418274778e+01
2.550000000000000284e+02 7.994604587787698335e+01
2.560000000000000000e+02 7.905933187292374953e+01
2.570000000000000000e+02 7.817867950130263921e+01
2.580000000000000000e+02 7.730390082859224776e+01
2.590000000000000000e+02 7.643481351016224323e+01
2.600000000000000000e+02 7.557124092829913309e+01
2.610000000000000000e+02 7.471301190145638316e+01
2.620000000000000000e+02 7.385996047004358900e+01
2.630000000000000000e+02 7.301192590245464942e+01
2.640000000000000000e+02 7.216875231329898099e+01
2.650000000000000000e+02 7.133028868463088656e+01
2.660000000000000000e+02 7.049638865197483995e+01
2.670000000000000000e+02 6.966691042132237044e+01
2.680000000000000000e+02 6.884171645672026330e+01
2.690000000000000000e+02 6.802067351016920327e+01
2.700000000000000000e+02 6.720365248671357961e+01
2.710000000000000000e+02 6.639052815018331444e+01
2.720000000000000000e+02 6.558117926486976046e+01
2.730000000000000000e+02 6.477548810472266894e+01
2.740000000000000000e+02 6.397334074937266735e+01
2.750000000000000000e+02 6.317462660978417688e+01
2.760000000000000000e+02 6.237923857028795993e+01
2.770000000000000000e+02 6.158707268026806503e+01
2.780000000000000000e+02 6.079802824893081947e+01
2.790000000000000000e+02 6.001200759393279327e+01
2.800000000000000000e+02 5.922891594828409723e+01
2.810000000000000000e+02 5.844866150580371311e+01
2.820000000000000000e+02 5.767115514356689232e+01
2.830000000000000000e+02 5.689631047131816644e+01
2.840000000000000000e+02 5.612404370183379143e+01
2.850000000000000000e+02 5.535427352216434826e+01
2.860000000000000000e+02 5.458692110478742165e+01
2.870000000000000000e+02 5.382190998248283620e+01
2.880000000000000000e+02 5.305916589566550812e+01
2.890000000000000000e+02 5.229861688440938394e+01
2.900000000000000000e+02 5.154019305479930324e+01
2.910000000000000000e+02 5.078382667660190464e+01
2.920000000000000000e+02 5.002945199448841862e+01
2.930000000000000000e+02 4.927700516737180436e+01
2.940000000000000000e+02 4.852642424898640883e+01
2.950000000000000000e+02 4.777764916857410071e+01
2.960000000000000000e+02 4.703062163148752006e+01
2.970000000000000000e+02 4.628528495689124611e+01
2.980000000000000000e+02 4.554158424705912012e+01
2.990000000000000000e+02 4.479946618786748758e+01
3.000000000000000000e+02 4.405887896620739497e+01
3.010000000000000000e+02 4.331977236389679575e+01
3.020000000000000000e+02 4.258209763858619112e+01
3.030000000000000000e+02 4.184580737905380232e+01
3.040000000000000000e+02 4.111085566542392655e+01
3.050000000000000000e+02 4.037719785799917105e+01
3.060000000000000000e+02 3.964479059399757688e+01
3.070000000000000000e+02 3.891359187050458246e+01
3.080000000000000000e+02 3.818356076304333158e+01
3.090000000000000000e+02 3.745465768596216805e+01
3.100000000000000000e+02 3.672684409250027215e+01
3.110000000000000000e+02 3.600008255987178529e+01
3.120000000000000000e+02 3.527433680561538409e+01
3.130000000000000000e+02 3.454957152009956189e+01
3.140000000000000000e+02 3.382575246832250571e+01
3.150000000000000000e+02 3.310284638089255083e+01
3.160000000000000000e+02 3.238082089466533375e+01
3.170000000000000000e+02 3.165964465440071152e+01
3.180000000000000000e+02 3.093928710682105532e+01
3.190000000000000000e+02 3.021971864519247220e+01
3.200000000000000000e+02 2.950091046068002143e+01
3.210000000000000000e+02 2.878283456123638118e+01
3.220000000000000000e+02 2.806546370742989538e+01
3.230000000000000000e+02 2.734877149104159244e+01
3.240000000000000000e+02 2.663273220253376294e+01
3.250000000000000000e+02 2.591732080772199254e+01
3.260000000000000000e+02 2.520251302941850113e+01
3.270000000000000000e+02 2.448828520045292123e+01
3.280000000000000000e+02 2.377461430141360665e+01
3.290000000000000000e+02 2.306147797381964182e+01
3.300000000000000000e+02 2.234885439058217216e+01
3.310000000000000000e+02 2.163672234125493432e+01
3.320000000000000000e+02 2.092506115843330861e+01
3.330000000000000000e+02 2.021385071155928870e+01
3.340000000000000000e+02 1.950307137389258827e+01
3.350000000000000000e+02 1.879270403046949056e+01
3.360000000000000000e+02 1.808273000009791076e+01
3.370000000000000000e+02 1.737313110208792111e+01
3.380000000000000000e+02 1.666388953972800735e+01
3.390000000000000000e+02 1.595498796468513447e+01
3.400000000000000000e+02 1.524640942422700718e+01
3.410000000000000000e+02 1.453813731493463024e+01
3.420000000000000000e+02 1.383015541989536068e+01
3.430000000000000000e+02 1.312244785320870832e+01
3.440000000000000000e+02 1.241499905022058847e+01
3.450000000000000000e+02 1.170779375941530098e+01
3.460000000000000000e+02 1.100081699763947007e+01
3.470000000000000000e+02 1.029405407085397606e+01
3.480000000000000000e+02 9.587490534181270618e+00
3.490000000000000000e+02 8.881112165431744643e+00
3.500000000000000000e+02 8.174904987861992822e+00
3.510000000000000000e+02 7.468855200171384823e+00
3.520000000000000000e+02 6.762949196594429502e+00
3.530000000000000000e+02 6.057173545329785469e+00
3.540000000000000000e+02 5.351514965947005820e+00
3.550000000000000000e+02 4.645960301053338348e+00
3.560000000000000000e+02 3.940496530603017966e+00
3.570000000000000000e+02 3.235110731399214234e+00
3.580000000000000000e+02 2.529790047139692355e+00
3.590000000000000000e+02 1.824521729640492751e+00
