# azimuth (deg) eta (deg)
0.000000000000000000e+00 1.925485719296859521e+00
1.000000000000000000e+00 1.720241463110726343e+00
2.000000000000000000e+00 1.514717982988395439e+00
3.000000000000000444e+00 1.308946330971497263e+00
4.000000000000000000e+00 1.102957494334246391e+00
5.000000000000000000e+00 8.967824479738684129e-01
6.000000000000000888e+00 6.904521236484283397e-01
7.000000000000000000e+00 4.839974696069891391e-01
8.000000000000000000e+00 2.774494473296703068e-01
9.000000000000000000e+00 7.083903554596072960e-02
1.000000000000000000e+01 -1.358027368895669829e-01
1.100000000000000000e+01 -3.424447852783391588e-01
1.200000000000000178e+01 -5.490559353598305492e-01
1.300000000000000000e+01 -7.556049438434693233e-01
1.400000000000000000e+01 -9.620604526635082587e-01
1.499999999999999822e+01 -1.168390975428614809e+00
1.600000000000000000e+01 -1.374564924225270435e+00
1.700000000000000000e+01 -1.580550530032837520e+00
1.800000000000000000e+01 -1.786315874680067806e+00
1.900000000000000000e+01 -1.991828880369576948e+00
2.000000000000000000e+01 -2.197057245760348110e+00
2.100000000000000000e+01 -2.401968498677386155e+00
2.200000000000000000e+01 -2.606529946889759142e+00
2.300000000000000000e+01 -2.810708670350476446e+00
2.400000000000000355e+01 -3.014471500011297600e+00
2.500000000000000000e+01 -3.217785031197931467e+00
2.600000000000000000e+01 -3.420615585740268028e+00
2.700000000000000000e+01 -3.622929231412179263e+00
2.800000000000000000e+01 -3.824691730785607646e+00
2.900000000000000355e+01 -4.025868565106148544e+00
2.999999999999999645e+01 -4.226424894686213740e+00
3.100000000000000000e+01 -4.426325610156798263e+00
3.200000000000000000e+01 -4.625535248046671377e+00
3.300000000000000000e+01 -4.824018006803196812e+00
3.400000000000000000e+01 -5.021737781387444421e+00
3.500000000000000000e+01 -5.218658095339612224e+00
3.600000000000000000e+01 -5.414742105347519541e+00
3.700000000000000000e+01 -5.609952677401325083e+00
3.800000000000000000e+01 -5.804252219519099754e+00
3.900000000000000000e+01 -5.997602854080778201e+00
4.000000000000000000e+01 -6.189966265449286631e+00
4.100000000000000000e+01 -6.381303796844793652e+00
4.200000000000000000e+01 -6.571576397547143955e+00
4.300000000000000000e+01 -6.760744591530121639e+00
4.400000000000000000e+01 -6.948768567611649516e+00
4.500000000000000000e+01 -7.135608105284553915e+00
4.600000000000000000e+01 -7.321222556039912455e+00
4.700000000000000000e+01 -7.505570899214593084e+00
4.800000000000000711e+01 -7.688611715478430142e+00
4.900000000000000000e+01 -7.870303146439425745e+00
5.000000000000000000e+01 -8.050602986177514353e+00
5.100000000000000000e+01 -8.229468575655900509e+00
5.200000000000000000e+01 -8.406856909981346604e+00
5.300000000000000000e+01 -8.582724507434658534e+00
5.400000000000000000e+01 -8.757027583284049399e+00
5.500000000000000000e+01 -8.929721838049131222e+00
5.600000000000000000e+01 -9.100762670384495934e+00
5.700000000000000711e+01 -9.270105023117229948e+00
5.800000000000000711e+01 -9.437703518082052767e+00
5.900000000000000711e+01 -9.603512282958206470e+00
5.999999999999999289e+01 -9.767485133668390773e+00
6.100000000000000000e+01 -9.929575499930111349e+00
6.200000000000000000e+01 -1.008973641510475794e+01
6.300000000000000000e+01 -1.024792055641643174e+01
6.400000000000000000e+01 -1.040408021930356064e+01
6.500000000000000000e+01 -1.055816730293560290e+01
6.600000000000000000e+01 -1.071013342011668179e+01
6.700000000000000000e+01 -1.085992977109114399e+01
6.800000000000000000e+01 -1.100750727516537530e+01
6.900000000000000000e+01 -1.115281641360068754e+01
7.000000000000000000e+01 -1.129580746972161265e+01
7.100000000000000000e+01 -1.143643031277946953e+01
7.200000000000000000e+01 -1.157463446805978613e+01
7.300000000000000000e+01 -1.171036923852609846e+01
7.400000000000000000e+01 -1.184358362002106624e+01
7.500000000000000000e+01 -1.197422625223774340e+01
7.600000000000000000e+01 -1.210224553792462565e+01
7.700000000000000000e+01 -1.222758964291921657e+01
7.800000000000000000e+01 -1.235020641309160716e+01
7.900000000000000000e+01 -1.247004347365327170e+01
8.000000000000000000e+01 -1.258704826337332427e+01
8.100000000000000000e+01 -1.270116788103876893e+01
8.200000000000000000e+01 -1.281234930653607762e+01
8.300000000000000000e+01 -1.292053932428999552e+01
8.400000000000000000e+01 -1.302568448390290889e+01
8.500000000000000000e+01 -1.312773119051281512e+01
8.600000000000000000e+01 -1.322662571121477804e+01
8.700000000000000000e+01 -1.332231412601599452e+01
8.800000000000000000e+01 -1.341474248720983731e+01
8.900000000000000000e+01 -1.350385660993133818e+01
9.000000000000000000e+01 -1.358960231021211662e+01
9.100000000000000000e+01 -1.367192534541316817e+01
9.200000000000000000e+01 -1.375077137708827202e+01
9.300000000000000000e+01 -1.382608607645206078e+01
9.400000000000000000e+01 -1.389781505546977591e+01
9.500000000000000000e+01 -1.396590404856494061e+01
9.600000000000001421e+01 -1.403029868278282777e+01
9.700000000000000000e+01 -1.409094481685822586e+01
9.800000000000000000e+01 -1.414778827532681937e+01
9.900000000000000000e+01 -1.420077508652812881e+01
1.000000000000000000e+02 -1.424985135414181237e+01
1.010000000000000000e+02 -1.429496344590883794e+01
1.020000000000000000e+02 -1.433605790658141821e+01
1.030000000000000000e+02 -1.437308149754174202e+01
1.040000000000000000e+02 -1.440598134060921964e+01
1.050000000000000142e+02 -1.443470476572079697e+01
1.060000000000000000e+02 -1.445919961816902521e+01
1.070000000000000000e+02 -1.447941398641642508e+01
1.080000000000000000e+02 -1.449529649212235505e+01
1.090000000000000000e+02 -1.450679626780086373e+01
1.100000000000000000e+02 -1.451386291448055488e+01
1.110000000000000000e+02 -1.451644665559863334e+01
1.120000000000000000e+02 -1.451449834836230046e+01
1.130000000000000000e+02 -1.450796954165726405e+01
1.140000000000000142e+02 -1.449681249339281131e+01
1.150000000000000000e+02 -1.448098033551034902e+01
1.160000000000000142e+02 -1.446042706580035819e+01
1.170000000000000000e+02 -1.443510754056573298e+01
1.180000000000000142e+02 -1.440497764804959857e+01
1.190000000000000000e+02 -1.436999440952084051e+01
1.199999999999999858e+02 -1.433011587784084817e+01
1.210000000000000000e+02 -1.428530142094241384e+01
1.220000000000000000e+02 -1.423551159353513107e+01
1.230000000000000142e+02 -1.418070838560409719e+01
1.240000000000000000e+02 -1.412085527177436006e+01
1.250000000000000142e+02 -1.405591723016262407e+01
1.260000000000000000e+02 -1.398586080156256273e+01
1.270000000000000142e+02 -1.391065437286616024e+01
1.280000000000000000e+02 -1.383026807792239055e+01
1.290000000000000000e+02 -1.374467392721411940e+01
1.300000000000000000e+02 -1.365384603493753524e+01
1.310000000000000000e+02 -1.355776056088478221e+01
1.320000000000000000e+02 -1.345639587976159923e+01
1.330000000000000000e+02 -1.334973271722517474e+01
1.340000000000000000e+02 -1.323775419834281486e+01
1.350000000000000000e+02 -1.312044604905583789e+01
1.360000000000000000e+02 -1.299779661844974221e+01
1.370000000000000000e+02 -1.286979698703481212e+01
1.380000000000000000e+02 -1.273644118548765469e+01
1.390000000000000000e+02 -1.259772617484437340e+01
1.400000000000000000e+02 -1.245365209660655204e+01
1.410000000000000000e+02 -1.230422229300437742e+01
1.420000000000000000e+02 -1.214944345752456556e+01
1.430000000000000000e+02 -1.198932580919106883e+01
1.440000000000000000e+02 -1.182388304169136006e+01
1.450000000000000000e+02 -1.165313268451567730e+01
1.460000000000000000e+02 -1.147709594744750738e+01
1.470000000000000000e+02 -1.129579810495332737e+01
1.480000000000000000e+02 -1.110926838858511090e+01
1.490000000000000000e+02 -1.091754017271223631e+01
1.500000000000000000e+02 -1.072065112850931889e+01
1.510000000000000000e+02 -1.051864323425536796e+01
1.520000000000000000e+02 -1.031156292326956780e+01
1.530000000000000000e+02 -1.009946117317956293e+01
1.540000000000000000e+02 -9.882393564295760768e+00
1.550000000000000000e+02 -9.660420383343341300e+00
1.560000000000000000e+02 -9.433606691462799176e+00
1.570000000000000000e+02 -9.202022318821949654e+00
1.580000000000000000e+02 -8.965742056853367004e+00
1.590000000000000000e+02 -8.724845574998882469e+00
1.600000000000000000e+02 -8.479417490931989931e+00
1.610000000000000000e+02 -8.229547457607406358e+00
1.620000000000000000e+02 -7.975330093466650005e+00
1.630000000000000000e+02 -7.716865049582326996e+00
1.640000000000000000e+02 -7.454256947948271872e+00
1.650000000000000000e+02 -7.187615421219222256e+00
1.660000000000000000e+02 -6.917055011774577267e+00
1.670000000000000000e+02 -6.642695204901549744e+00
1.680000000000000000e+02 -6.364660274541678930e+00
1.690000000000000000e+02 -6.083079320084066488e+00
1.700000000000000000e+02 -5.798086085668911593e+00
1.710000000000000000e+02 -5.509818900671262121e+00
1.720000000000000000e+02 -5.218420565071229866e+00
1.730000000000000000e+02 -4.924038237659734030e+00
1.740000000000000000e+02 -4.626823230762014738e+00
1.750000000000000000e+02 -4.326930930636822659e+00
1.760000000000000000e+02 -4.024520560863148688e+00
1.770000000000000000e+02 -3.719755052615835389e+00
1.780000000000000000e+02 -3.412800814940670779e+00
1.790000000000000000e+02 -3.103827534103909880e+00
1.800000000000000000e+02 -2.793007949203885509e+00
1.810000000000000000e+02 -2.480517610754289226e+00
1.820000000000000000e+02 -2.166534683781804471e+00
1.830000000000000000e+02 -1.851239617763385414e+00
1.840000000000000000e+02 -1.534814956014849852e+00
1.850000000000000000e+02 -1.217445023405192339e+00
1.860000000000000000e+02 -8.993156710410180610e-01
1.870000000000000000e+02 -5.806139620989073657e-01
1.880000000000000000e+02 -2.615279327655118946e-01
1.890000000000000000e+02 5.775375598682274542e-02
1.900000000000000000e+02 3.770420577002084328e-01
1.910000000000000000e+02 6.961478741182689500e-01
1.920000000000000284e+02 1.014882346639473854e+00
1.930000000000000000e+02 1.333057142886185042e+00
1.940000000000000000e+02 1.650484753159449758e+00
1.950000000000000000e+02 1.966978800623029766e+00
1.960000000000000000e+02 2.282354271910434829e+00
1.970000000000000000e+02 2.596427868717785525e+00
1.980000000000000000e+02 2.909018236141816427e+00
1.990000000000000000e+02 3.219946253036756190e+00
2.000000000000000000e+02 3.529035265810084532e+00
2.010000000000000284e+02 3.836111372791676022e+00
2.020000000000000000e+02 4.141003628167990946e+00
2.030000000000000000e+02 4.443544313694721026e+00
2.040000000000000000e+02 4.743569104466031305e+00
2.050000000000000000e+02 5.040917282775742692e+00
2.060000000000000000e+02 5.335431999959570959e+00
2.070000000000000000e+02 5.626960350453458659e+00
2.080000000000000000e+02 5.915353622776483355e+00
2.090000000000000000e+02 6.200467376104875861e+00
2.100000000000000284e+02 6.482161665827010921e+00
2.110000000000000000e+02 6.760301069549526254e+00
2.120000000000000000e+02 7.034754915116103291e+00
2.130000000000000000e+02 7.305397215115107201e+00
2.140000000000000000e+02 7.572106920243339978e+00
2.150000000000000000e+02 7.834767878474130143e+00
2.160000000000000000e+02 8.093268872662299884e+00
2.170000000000000000e+02 8.347503784642293923e+00
2.180000000000000000e+02 8.597371448839048469e+00
2.190000000000000284e+02 8.842775865331518048e+00
2.200000000000000000e+02 9.083626023863327958e+00
2.210000000000000000e+02 9.319835973426942033e+00
2.220000000000000000e+02 9.551324824874246389e+00
2.230000000000000000e+02 9.778016673445961260e+00
2.240000000000000000e+02 9.999840606115906638e+00
2.250000000000000000e+02 1.021673058456826233e+01
2.260000000000000000e+02 1.042862547288176067e+01
2.270000000000000000e+02 1.063546889458064015e+01
2.280000000000000284e+02 1.083720915594231116e+01
2.290000000000000000e+02 1.103379925421128860e+01
2.300000000000000000e+02 1.122519670905357358e+01
2.309999999999999716e+02 1.141136351379825165e+01
2.320000000000000284e+02 1.159226601545156221e+01
2.330000000000000000e+02 1.176787476270560973e+01
2.340000000000000000e+02 1.193816451949410506e+01
2.350000000000000000e+02 1.210311406721902117e+01
2.360000000000000284e+02 1.226270605592551277e+01
2.370000000000000284e+02 1.241692705640579142e+01
2.380000000000000000e+02 1.256576726974649283e+01
2.390000000000000000e+02 1.270922043914877086e+01
2.399999999999999716e+02 1.284728379020301858e+01
2.410000000000000284e+02 1.297995795291567234e+01
2.420000000000000000e+02 1.310724667752572792e+01
2.430000000000000000e+02 1.322915689373984804e+01
2.440000000000000000e+02 1.334569842268688333e+01
2.450000000000000284e+02 1.345688400500026205e+01
2.460000000000000284e+02 1.356272915066526608e+01
2.470000000000000000e+02 1.366325193468908950e+01
2.480000000000000000e+02 1.375847293989543196e+01
2.489999999999999716e+02 1.384841521551285481e+01
2.500000000000000284e+02 1.393310407085887270e+01
2.510000000000000000e+02 1.401256699115888971e+01
2.520000000000000000e+02 1.408683354097872353e+01
2.530000000000000000e+02 1.415593528198883533e+01
2.540000000000000284e+02 1.421990559134443721e+01
2.550000000000000284e+02 1.427877964256937915e+01
2.560000000000000000e+02 1.433259436373340101e+01
2.570000000000000000e+02 1.438138812280067036e+01
2.580000000000000000e+02 1.442520092175293378e+01
2.590000000000000000e+02 1.446407407106272025e+01
2.600000000000000000e+02 1.449805026977099764e+01
2.610000000000000000e+02 1.452717342252717714e+01
2.620000000000000000e+02 1.455148856315218353e+01
2.630000000000000000e+02 1.457104188879819873e+01
2.640000000000000000e+02 1.458588052936358537e+01
2.650000000000000000e+02 1.459605263341094528e+01
2.660000000000000000e+02 1.460160708756601444e+01
2.670000000000000000e+02 1.460259376186333213e+01
2.680000000000000000e+02 1.459906309717820250e+01
2.690000000000000000e+02 1.459106632998023301e+01
2.700000000000000000e+02 1.457865526243172383e+01
2.710000000000000000e+02 1.456188230027160913e+01
2.720000000000000000e+02 1.454080030664467493e+01
2.730000000000000000e+02 1.451546261710929286e+01
2.740000000000000000e+02 1.448592306732687263e+01
2.750000000000000000e+02 1.445223572740868256e+01
2.760000000000000000e+02 1.441445507694105466e+01
2.770000000000000000e+02 1.437263581933705225e+01
2.780000000000000000e+02 1.432683291432735295e+01
2.790000000000000000e+02 1.427710153863656828e+01
2.800000000000000000e+02 1.422349698261614748e+01
2.810000000000000000e+02 1.416607464945703398e+01
2.820000000000000000e+02 1.410489012650881158e+01
2.830000000000000000e+02 1.403999894973020091e+01
2.840000000000000000e+02 1.397145671092071417e+01
2.850000000000000000e+02 1.389931902974592681e+01
2.860000000000000000e+02 1.382364142837224463e+01
2.870000000000000000e+02 1.374447940577665328e+01
2.880000000000000000e+02 1.366188841525833375e+01
2.890000000000000000e+02 1.357592370975500629e+01
2.900000000000000000e+02 1.348664042331024859e+01
2.910000000000000000e+02 1.339409361288892519e+01
2.920000000000000000e+02 1.329833811028293944e+01
2.930000000000000000e+02 1.319942847843307732e+01
2.940000000000000000e+02 1.309741918319877740e+01
2.950000000000000000e+02 1.299236435664001377e+01
2.960000000000000000e+02 1.288431794250599083e+01
2.970000000000000000e+02 1.277333355585823149e+01
2.980000000000000000e+02 1.265946459976685823e+01
2.990000000000000000e+02 1.254276412496190396e+01
3.000000000000000000e+02 1.242328488735689263e+01
3.010000000000000000e+02 1.230107930690160956e+01
3.020000000000000000e+02 1.217619945673560444e+01
3.030000000000000000e+02 1.204869705936225621e+01
3.040000000000000000e+02 1.191862353289346110e+01
3.050000000000000000e+02 1.178602984696621903e+01
3.060000000000000000e+02 1.165096663367838836e+01
3.070000000000000000e+02 1.151348408798277489e+01
3.080000000000000000e+02 1.137363210863125040e+01
3.090000000000000000e+02 1.123146005724421848e+01
3.100000000000000000e+02 1.108701697901427607e+01
3.110000000000000000e+02 1.094035144054628184e+01
3.120000000000000000e+02 1.079151163337709463e+01
3.130000000000000000e+02 1.064054526554821756e+01
3.140000000000000000e+02 1.048749964892721565e+01
3.150000000000000000e+02 1.033242166002504270e+01
3.160000000000000000e+02 1.017535768167980237e+01
3.170000000000000000e+02 1.001635372045288008e+01
3.180000000000000000e+02 9.855455285292437750e+00
3.190000000000000000e+02 9.692707416510581098e+00
3.200000000000000000e+02 9.528154769124528300e+00
3.210000000000000000e+02 9.361841504163264105e+00
3.220000000000000000e+02 9.193811322865530045e+00
3.230000000000000000e+02 9.024107497958612001e+00
3.240000000000000000e+02 8.852772816286258006e+00
3.250000000000000000e+02 8.679849679992472034e+00
3.260000000000000000e+02 8.505379954005038101e+00
3.270000000000000000e+02 8.329405124067717381e+00
3.280000000000000000e+02 8.151966221174616223e+00
3.290000000000000000e+02 7.973103810832206761e+00
3.300000000000000000e+02 7.792858060571401069e+00
3.310000000000000000e+02 7.611268677944503125e+00
3.320000000000000000e+02 7.428374940897745304e+00
3.330000000000000000e+02 7.244215743288461518e+00
3.340000000000000000e+02 7.058829517536977072e+00
3.350000000000000000e+02 6.872254353799266191e+00
3.360000000000000000e+02 6.684527868566257247e+00
3.370000000000000000e+02 6.495687325521219080e+00
3.380000000000000000e+02 6.305769615526871874e+00
3.390000000000000000e+02 6.114811217710231617e+00
3.400000000000000000e+02 5.922848280401545651e+00
3.410000000000000000e+02 5.729916569559990513e+00
3.420000000000000000e+02 5.536051497903387464e+00
3.430000000000000000e+02 5.341288184117529703e+00
3.440000000000000000e+02 5.145661373036702457e+00
3.450000000000000000e+02 4.949205518280401783e+00
3.460000000000000000e+02 4.751954763232109968e+00
3.470000000000000000e+02 4.553942954320482350e+00
3.480000000000000000e+02 4.355203669851250403e+00
3.490000000000000000e+02 4.155770217967546643e+00
3.500000000000000000e+02 3.955675649010508277e+00
3.510000000000000000e+02 3.754952773313229741e+00
3.520000000000000000e+02 3.553634178766562624e+00
3.530000000000000000e+02 3.351752225212457859e+00
3.540000000000000000e+02 3.149339097213388783e+00
3.550000000000000000e+02 2.946426777733514690e+00
3.560000000000000000e+02 2.743047079731971483e+00
3.570000000000000000e+02 2.539231667428516914e+00
3.580000000000000000e+02 2.335012054810731819e+00
3.590000000000000000e+02 2.130419648539269240e+00
