# azimuth (deg) eta (deg)
0.000000000000000000e+00 3.384298938869708451e+00
1.000000000000000000e+00 3.013830196575398634e+00
2.000000000000000000e+00 2.643156437022716077e+00
3.000000000000000444e+00 2.272302872015887321e+00
4.000000000000000000e+00 1.901294697569365422e+00
5.000000000000000000e+00 1.530157015404995047e+00
6.000000000000000888e+00 1.158914912525167873e+00
7.000000000000000000e+00 7.875934269663631415e-01
8.000000000000000000e+00 4.162175571299293053e-01
9.000000000000000000e+00 4.481232163989411904e-02
1.000000000000000000e+01 -3.265973082300572816e-01
1.100000000000000000e+01 -6.979863380259755390e-01
1.200000000000000178e+01 -1.069329777099126799e+00
1.300000000000000000e+01 -1.440602577434079601e+00
1.400000000000000000e+01 -1.811779717184115457e+00
1.499999999999999822e+01 -2.182836113283683321e+00
1.600000000000000000e+01 -2.553746623508328817e+00
1.700000000000000000e+01 -2.924486052480958165e+00
1.800000000000000000e+01 -3.295029163586421728e+00
1.900000000000000000e+01 -3.665350607170698716e+00
2.000000000000000000e+01 -4.035424985218847738e+00
2.100000000000000000e+01 -4.405226801535767400e+00
2.200000000000000000e+01 -4.774730434813970525e+00
2.300000000000000000e+01 -5.143910144222532566e+00
2.400000000000000355e+01 -5.512740112566453909e+00
2.500000000000000000e+01 -5.881194336443378745e+00
2.600000000000000000e+01 -6.249246699933868499e+00
2.700000000000000000e+01 -6.616870911867073879e+00
2.800000000000000000e+01 -6.984040554028802639e+00
2.900000000000000355e+01 -7.350728958629795251e+00
2.999999999999999645e+01 -7.716909357083412857e+00
3.100000000000000000e+01 -8.082554747350279456e+00
3.200000000000000000e+01 -8.447637865755536879e+00
3.300000000000000000e+01 -8.812131280898361396e+00
3.400000000000000000e+01 -9.176007341030295805e+00
3.500000000000000000e+01 -9.539238117124543948e+00
3.600000000000000000e+01 -9.901795390693733268e+00
3.700000000000000000e+01 -1.026365070661419310e+01
3.800000000000000000e+01 -1.062477534711276306e+01
3.900000000000000000e+01 -1.098514024165571712e+01
4.000000000000000000e+01 -1.134471601698116316e+01
4.100000000000000000e+01 -1.170347297426707556e+01
4.200000000000000000e+01 -1.206138107211500987e+01
4.300000000000000000e+01 -1.241840988545841817e+01
4.400000000000000000e+01 -1.277452862985365023e+01
4.500000000000000000e+01 -1.312970612703772133e+01
4.600000000000000000e+01 -1.348391078187495928e+01
4.700000000000000000e+01 -1.383711052605886138e+01
4.800000000000000711e+01 -1.418927292103266247e+01
4.900000000000000000e+01 -1.454036497873692824e+01
5.000000000000000000e+01 -1.489035329514566364e+01
5.100000000000000000e+01 -1.523920386415337092e+01
5.200000000000000000e+01 -1.558688221017716913e+01
5.300000000000000000e+01 -1.593335329171592285e+01
5.400000000000000000e+01 -1.627858148502788893e+01
5.500000000000000000e+01 -1.662253059850788617e+01
5.600000000000000000e+01 -1.696516375179109204e+01
5.700000000000000711e+01 -1.730644344712703031e+01
5.800000000000000711e+01 -1.764633145239300660e+01
5.900000000000000711e+01 -1.798478898467342191e+01
5.999999999999999289e+01 -1.832177635191016307e+01
6.100000000000000000e+01 -1.865725313944906816e+01
6.200000000000000000e+01 -1.899117820777954790e+01
6.300000000000000000e+01 -1.932350955993535635e+01
6.400000000000000000e+01 -1.965420425238781021e+01
6.500000000000000000e+01 -1.998321851758609569e+01
6.600000000000000000e+01 -2.031050768891481439e+01
6.700000000000000000e+01 -2.063602605430217096e+01
6.800000000000000000e+01 -2.095972692695701767e+01
6.900000000000000000e+01 -2.128156258943160850e+01
7.000000000000000000e+01 -2.160148416300795304e+01
7.100000000000000000e+01 -2.191944171181268075e+01
7.200000000000000000e+01 -2.223538402163312355e+01
7.300000000000000000e+01 -2.254925877933695233e+01
7.400000000000000000e+01 -2.286101222165075342e+01
7.500000000000000000e+01 -2.317058944423743228e+01
7.600000000000000000e+01 -2.347793397018386585e+01
7.700000000000000000e+01 -2.378298801354893754e+01
7.800000000000000000e+01 -2.408569219182468757e+01
7.900000000000000000e+01 -2.438598567300454079e+01
8.000000000000000000e+01 -2.468380581016129582e+01
8.100000000000000000e+01 -2.497908846564957130e+01
8.200000000000000000e+01 -2.527176761142379746e+01
8.300000000000000000e+01 -2.556177539272131227e+01
8.400000000000000000e+01 -2.584904206975673802e+01
8.500000000000000000e+01 -2.613349597772559463e+01
8.600000000000000000e+01 -2.641506318209675896e+01
8.700000000000000000e+01 -2.669366783460601056e+01
8.800000000000000000e+01 -2.696923155637065506e+01
8.900000000000000000e+01 -2.724167392405589894e+01
9.000000000000000000e+01 -2.751091182908974986e+01
9.100000000000000000e+01 -2.777685978481003559e+01
9.200000000000000000e+01 -2.803942947082643400e+01
9.300000000000000000e+01 -2.829853000687323927e+01
9.400000000000000000e+01 -2.855406745872593532e+01
9.500000000000000000e+01 -2.880594497454061198e+01
9.600000000000001421e+01 -2.905406256227970729e+01
9.700000000000000000e+01 -2.929831700761024749e+01
9.800000000000000000e+01 -2.953860151348590790e+01
9.900000000000000000e+01 -2.977480604019389077e+01
1.000000000000000000e+02 -3.000681648962499182e+01
1.010000000000000000e+02 -3.023451523741493929e+01
1.020000000000000000e+02 -3.045778030874116382e+01
1.030000000000000000e+02 -3.067648582293106330e+01
1.040000000000000000e+02 -3.089050131003175181e+01
1.050000000000000142e+02 -3.109969178703102699e+01
1.060000000000000000e+02 -3.130391754069475851e+01
1.070000000000000000e+02 -3.150303387271515376e+01
1.080000000000000000e+02 -3.169689088141992528e+01
1.090000000000000000e+02 -3.188533308731889093e+01
1.100000000000000000e+02 -3.206819968536968446e+01
1.110000000000000000e+02 -3.224532357934850069e+01
1.120000000000000000e+02 -3.241653187998043961e+01
1.130000000000000000e+02 -3.258164503277487967e+01
1.140000000000000142e+02 -3.274047689221897173e+01
1.150000000000000000e+02 -3.289283413469898676e+01
1.160000000000000142e+02 -3.303851636932849090e+01
1.170000000000000000e+02 -3.317731555543831945e+01
1.180000000000000142e+02 -3.330901543157204969e+01
1.190000000000000000e+02 -3.343339195019888166e+01
1.199999999999999858e+02 -3.355021187584857500e+01
1.210000000000000000e+02 -3.365923346450033193e+01
1.220000000000000000e+02 -3.376020529692068806e+01
1.230000000000000142e+02 -3.385286616229919332e+01
1.240000000000000000e+02 -3.393694483072719947e+01
1.250000000000000142e+02 -3.401215949278734030e+01
1.260000000000000000e+02 -3.407821716525219813e+01
1.270000000000000142e+02 -3.413481351717044276e+01
1.280000000000000000e+02 -3.418163236969111551e+01
1.290000000000000000e+02 -3.421834488500598326e+01
1.300000000000000000e+02 -3.424460980834317780e+01
1.310000000000000000e+02 -3.426007226668209427e+01
1.320000000000000000e+02 -3.426436377668117927e+01
1.330000000000000000e+02 -3.425710153965788862e+01
1.340000000000000000e+02 -3.423788803318021223e+01
1.350000000000000000e+02 -3.420631067084755728e+01
1.360000000000000000e+02 -3.416194100987414828e+01
1.370000000000000000e+02 -3.410433467587685641e+01
1.380000000000000000e+02 -3.403303097197788674e+01
1.390000000000000000e+02 -3.394755187911051308e+01
1.400000000000000000e+02 -3.384740261354847490e+01
1.410000000000000000e+02 -3.373207063786836102e+01
1.420000000000000000e+02 -3.360102581742431482e+01
1.430000000000000000e+02 -3.345371985614654875e+01
1.440000000000000000e+02 -3.328958672172778677e+01
1.450000000000000000e+02 -3.310804226526543204e+01
1.460000000000000000e+02 -3.290848468073355804e+01
1.470000000000000000e+02 -3.269029448647654590e+01
1.480000000000000000e+02 -3.245283518889792873e+01
1.490000000000000000e+02 -3.219545393364525410e+01
1.500000000000000000e+02 -3.191748227945645056e+01
1.510000000000000000e+02 -3.161823732260032216e+01
1.520000000000000000e+02 -3.129702332415391197e+01
1.530000000000000000e+02 -3.095313313853736048e+01
1.540000000000000000e+02 -3.058585064603073889e+01
1.550000000000000000e+02 -3.019445306173528465e+01
1.560000000000000000e+02 -2.977821381081197316e+01
1.570000000000000000e+02 -2.933640633356649374e+01
1.580000000000000000e+02 -2.886830812563357540e+01
1.590000000000000000e+02 -2.837320485741565079e+01
1.600000000000000000e+02 -2.785039639856289995e+01
1.610000000000000000e+02 -2.729920216933080468e+01
1.620000000000000000e+02 -2.671896841014652679e+01
1.630000000000000000e+02 -2.610907512503333905e+01
1.640000000000000000e+02 -2.546894474995638902e+01
1.650000000000000000e+02 -2.479805116148718014e+01
1.660000000000000000e+02 -2.409592928191837302e+01
1.670000000000000000e+02 -2.336218598432306237e+01
1.680000000000000000e+02 -2.259651114654356263e+01
1.690000000000000000e+02 -2.179868966512494666e+01
1.700000000000000000e+02 -2.096861357450975305e+01
1.710000000000000000e+02 -2.010629512712140254e+01
1.720000000000000000e+02 -1.921187892988449519e+01
1.730000000000000000e+02 -1.828565513235568218e+01
1.740000000000000000e+02 -1.732807097791806683e+01
1.750000000000000000e+02 -1.633974270116434724e+01
1.760000000000000000e+02 -1.532146528353276516e+01
1.770000000000000000e+02 -1.427422120477434042e+01
1.780000000000000000e+02 -1.319918722727020821e+01
1.790000000000000000e+02 -1.209773846708669076e+01
1.800000000000000000e+02 -1.097144999289073475e+01
1.810000000000000000e+02 -9.822095259377327636e+00
1.820000000000000000e+02 -8.651641043664305641e+00
1.830000000000000000e+02 -7.462238764134637492e+00
1.840000000000000000e+02 -6.256212387951491927e+00
1.850000000000000000e+02 -5.036042091061128545e+00
1.860000000000000000e+02 -3.804345140724301189e+00
1.870000000000000000e+02 -2.563852942925263889e+00
1.880000000000000000e+02 -1.317385695159038361e+00
1.890000000000000000e+02 -6.782476248184640677e-02
1.900000000000000000e+02 1.181916659050924912e+00
1.910000000000000000e+02 2.428923599195426331e+00
1.920000000000000284e+02 3.670309078840048755e+00
1.930000000000000000e+02 4.903243948341917680e+00
1.940000000000000000e+02 6.124984402995858446e+00
1.950000000000000000e+02 7.332897965277564545e+00
1.960000000000000000e+02 8.524486373442188736e+00
1.970000000000000000e+02 9.697405640117953141e+00
1.980000000000000000e+02 1.084948241416384107e+01
1.990000000000000000e+02 1.197872662847741942e+01
2.000000000000000000e+02 1.308334089612102780e+01
2.010000000000000284e+02 1.416172545056369714e+01
2.020000000000000000e+02 1.521248074811534501e+01
2.030000000000000000e+02 1.623440575232107363e+01
2.040000000000000000e+02 1.722649459249494797e+01
2.050000000000000000e+02 1.818792949681207460e+01
2.060000000000000000e+02 1.911807288781437464e+01
2.070000000000000000e+02 2.001645739460020934e+01
2.080000000000000000e+02 2.088277429425713549e+01
2.090000000000000000e+02 2.171686155708860611e+01
2.100000000000000284e+02 2.251869159012096944e+01
2.110000000000000000e+02 2.328835811161787461e+01
2.120000000000000000e+02 2.402606384905206127e+01
2.130000000000000000e+02 2.473210787161391266e+01
2.140000000000000000e+02 2.540687379253071754e+01
2.150000000000000000e+02 2.605081835590408090e+01
2.160000000000000000e+02 2.666446087352173322e+01
2.170000000000000000e+02 2.724837302151972196e+01
2.180000000000000000e+02 2.780316998422311769e+01
2.190000000000000284e+02 2.832950183193133142e+01
2.200000000000000000e+02 2.882804633625477564e+01
2.210000000000000000e+02 2.929950159070932969e+01
2.220000000000000000e+02 2.974458040669831504e+01
2.230000000000000000e+02 3.016400444684440885e+01
2.240000000000000000e+02 3.055850038558673987e+01
2.250000000000000000e+02 3.092879466202014171e+01
2.260000000000000000e+02 3.127561069147394335e+01
2.270000000000000000e+02 3.159966578276208082e+01
2.280000000000000284e+02 3.190166815198723782e+01
2.290000000000000000e+02 3.218231515427198985e+01
2.300000000000000000e+02 3.244229133212254368e+01
2.309999999999999716e+02 3.268226689966839160e+01
2.320000000000000284e+02 3.290289684934658254e+01
2.330000000000000000e+02 3.310481949438913318e+01
2.340000000000000000e+02 3.328865665492745052e+01
2.350000000000000000e+02 3.345501227832955493e+01
2.360000000000000284e+02 3.360447264006678125e+01
2.370000000000000284e+02 3.373760619616034262e+01
2.380000000000000000e+02 3.385496317996994264e+01
2.390000000000000000e+02 3.395707595444610405e+01
2.399999999999999716e+02 3.404445929386856307e+01
2.410000000000000284e+02 3.411761036635860478e+01
2.420000000000000000e+02 3.417700876792898868e+01
2.430000000000000000e+02 3.422311774555470976e+01
2.440000000000000000e+02 3.425638337586612181e+01
2.450000000000000284e+02 3.427723615488199016e+01
2.460000000000000284e+02 3.428609059551659044e+01
2.470000000000000000e+02 3.428334591632381034e+01
2.480000000000000000e+02 3.426938681674224085e+01
2.489999999999999716e+02 3.424458349507571597e+01
2.500000000000000284e+02 3.420929244991850027e+01
2.510000000000000000e+02 3.416385654683746509e+01
2.520000000000000000e+02 3.410860616957396729e+01
2.530000000000000000e+02 3.404385883737728591e+01
2.540000000000000284e+02 3.396992050304415045e+01
2.550000000000000284e+02 3.388708542310514815e+01
2.560000000000000000e+02 3.379563675573621140e+01
2.570000000000000000e+02 3.369584700619254392e+01
2.580000000000000000e+02 3.358797851551648250e+01
2.590000000000000000e+02 3.347228386760012597e+01
2.600000000000000000e+02 3.334900596730748390e+01
2.610000000000000000e+02 3.321837904985554957e+01
2.620000000000000000e+02 3.308062826934752820e+01
2.630000000000000000e+02 3.293597082533351283e+01
2.640000000000000000e+02 3.278461554526111854e+01
2.650000000000000000e+02 3.262676396451745831e+01
2.660000000000000000e+02 3.246261004842036613e+01
2.670000000000000000e+02 3.229234079339439489e+01
2.680000000000000000e+02 3.211613644666295642e+01
2.690000000000000000e+02 3.193417085446535353e+01
2.700000000000000000e+02 3.174661152863433955e+01
2.710000000000000000e+02 3.155362024368057305e+01
2.720000000000000000e+02 3.135535288136246734e+01
2.730000000000000000e+02 3.115196006772900716e+01
2.740000000000000000e+02 3.094358694314630753e+01
2.750000000000000000e+02 3.073037395817911488e+01
2.760000000000000000e+02 3.051245645186023481e+01
2.770000000000000000e+02 3.028996547592256761e+01
2.780000000000000000e+02 3.006302742367667236e+01
2.790000000000000000e+02 2.983176453386129978e+01
2.800000000000000000e+02 2.959629504881199580e+01
2.810000000000000000e+02 2.935673332999479967e+01
2.820000000000000000e+02 2.911318985552466643e+01
2.830000000000000000e+02 2.886577180826396116e+01
2.840000000000000000e+02 2.861458267349609486e+01
2.850000000000000000e+02 2.835972283692844798e+01
2.860000000000000000e+02 2.810128941892056531e+01
2.870000000000000000e+02 2.783937662929551493e+01
2.880000000000000000e+02 2.757407563807855055e+01
2.890000000000000000e+02 2.730547499607023454e+01
2.900000000000000000e+02 2.703366043031810051e+01
2.910000000000000000e+02 2.675871523539715113e+01
2.920000000000000000e+02 2.648072013230074973e+01
2.930000000000000000e+02 2.619975361363346167e+01
2.940000000000000000e+02 2.591589180436350404e+01
2.950000000000000000e+02 2.562920867717470230e+01
2.960000000000000000e+02 2.533977616596580162e+01
2.970000000000000000e+02 2.504766412625180649e+01
2.980000000000000000e+02 2.475294049509453842e+01
2.990000000000000000e+02 2.445567146216531995e+01
3.000000000000000000e+02 2.415592137788450344e+01
3.010000000000000000e+02 2.385375279178829189e+01
3.020000000000000000e+02 2.354922677506026574e+01
3.030000000000000000e+02 2.324240277916298325e+01
3.040000000000000000e+02 2.293333864477175510e+01
3.050000000000000000e+02 2.262209086435666094e+01
3.060000000000000000e+02 2.230871451541681338e+01
3.070000000000000000e+02 2.199326334227995261e+01
3.080000000000000000e+02 2.167578975410584263e+01
3.090000000000000000e+02 2.135634494784556381e+01
3.100000000000000000e+02 2.103497893323222812e+01
3.110000000000000000e+02 2.071174056017681409e+01
3.120000000000000000e+02 2.038667763763474738e+01
3.130000000000000000e+02 2.005983683899321335e+01
3.140000000000000000e+02 1.973126388706023704e+01
3.150000000000000000e+02 1.940100344654403486e+01
3.160000000000000000e+02 1.906909933682456781e+01
3.170000000000000000e+02 1.873559441930019531e+01
3.180000000000000000e+02 1.840053070250612066e+01
3.190000000000000000e+02 1.806394934827739007e+01
3.200000000000000000e+02 1.772589074669800624e+01
3.210000000000000000e+02 1.738639449929968350e+01
3.220000000000000000e+02 1.704549948432450890e+01
3.230000000000000000e+02 1.670324383601302642e+01
3.240000000000000000e+02 1.635966506251390129e+01
3.250000000000000000e+02 1.601479993658693601e+01
3.260000000000000000e+02 1.566868466576813823e+01
3.270000000000000000e+02 1.532135485688186094e+01
3.280000000000000000e+02 1.497284551516732876e+01
3.290000000000000000e+02 1.462319106484240372e+01
3.300000000000000000e+02 1.427242541042869739e+01
3.310000000000000000e+02 1.392058199412252328e+01
3.320000000000000000e+02 1.356769371989901884e+01
3.330000000000000000e+02 1.321379298729745244e+01
3.340000000000000000e+02 1.285891182760511953e+01
3.350000000000000000e+02 1.250308176382440983e+01
3.360000000000000000e+02 1.214633395186529796e+01
3.370000000000000000e+02 1.178869911901348111e+01
3.380000000000000000e+02 1.143020765302530961e+01
3.390000000000000000e+02 1.107088953214244853e+01
3.400000000000000000e+02 1.071077439176688628e+01
3.410000000000000000e+02 1.034989160681779197e+01
3.420000000000000000e+02 9.988270127226201112e+00
3.430000000000000000e+02 9.625938672365295545e+00
3.440000000000000000e+02 9.262925668466003515e+00
3.450000000000000000e+02 8.899259238248864889e+00
3.460000000000000000e+02 8.534967279994534195e+00
3.470000000000000000e+02 8.170077405261391590e+00
3.480000000000000000e+02 7.804617043576662638e+00
3.490000000000000000e+02 7.438613347872717441e+00
3.500000000000000000e+02 7.072093291279547778e+00
3.510000000000000000e+02 6.705083646535280550e+00
3.520000000000000000e+02 6.337610990622280838e+00
3.530000000000000000e+02 5.969701738601841612e+00
3.540000000000000000e+02 5.601382145141027280e+00
3.550000000000000000e+02 5.232678288490872909e+00
3.560000000000000000e+02 4.863616116659464694e+00
3.570000000000000000e+02 4.494221459349039272e+00
3.580000000000000000e+02 4.124519995469422717e+00
3.590000000000000000e+02 3.754537331999627359e+00
