-0.10000000000000E+01 0.00000000000000E+00
-0.99998044117265E+00 0.50194103448989E-04
-0.99989694713786E+00 0.11683906657518E-03
-0.99974674081135E+00 0.18357491935140E-03
-0.99952979885589E+00 0.25030708899736E-03
-0.99924613166718E+00 0.31702426980095E-03
-0.99889575720633E+00 0.38372080209531E-03
-0.99847869853846E+00 0.45039191377297E-03
-0.99799498337279E+00 0.51703304534898E-03
-0.99744464393891E+00 0.58363970425713E-03
-0.99682771694409E+00 0.65020742409470E-03
-0.99614424355511E+00 0.71673175099327E-03
-0.99539426938860E+00 0.78320823859133E-03
-0.99457784450471E+00 0.84963244600373E-03
-0.99369502340209E+00 0.91599993706131E-03
-0.99274586501332E+00 0.98230628006600E-03
-0.99173043270043E+00 0.10485470477921E-02
-0.99064879425041E+00 0.11147178176463E-02
-0.98950102187041E+00 0.11808141718561E-02
-0.98828719218287E+00 0.12468316977136E-02
-0.98700738622028E+00 0.13127659878503E-02
-0.98566168941973E+00 0.13786126404883E-02
-0.98425019161717E+00 0.14443672597354E-02
-0.98277298704137E+00 0.15100254558646E-02
-0.98123017430764E+00 0.15755828456086E-02
-0.97962185641121E+00 0.16410350524278E-02
-0.97794814072034E+00 0.17063777068293E-02
-0.97620913896917E+00 0.17716064466239E-02
-0.97440496725024E+00 0.18367169172449E-02
-0.97253574600673E+00 0.19017047720156E-02
-0.97060160002442E+00 0.19665656724544E-02
-0.96860265842336E+00 0.20312952885515E-02
-0.96653905464927E+00 0.20958892990716E-02
-0.96441092646458E+00 0.21603433918233E-02
-0.96221841593927E+00 0.22246532639637E-02
-0.95996166944137E+00 0.22888146222756E-02
-0.95764083762721E+00 0.23528231834578E-02
-0.95525607543132E+00 0.24166746744149E-02
-0.95280754205611E+00 0.24803648325278E-02
-0.95029540096128E+00 0.25438894059581E-02
-0.94771981985282E+00 0.26072441539151E-02
-0.94508097067189E+00 0.26704248469480E-02
-0.94237902958330E+00 0.27334272672252E-02
-0.93961417696380E+00 0.27962472088209E-02
-0.93678659738995E+00 0.28588804779838E-02
-0.93389647962588E+00 0.29213228934288E-02
-0.93094401661065E+00 0.29835702866126E-02
-0.92792940544540E+00 0.30456185020099E-02
-0.92485284738012E+00 0.31074633973945E-02
-0.92171454780032E+00 0.31691008441075E-02
-0.91851471621322E+00 0.32305267273482E-02
-0.91525356623383E+00 0.32917369464316E-02
-0.91193131557067E+00 0.33527274150741E-02
-0.90854818601121E+00 0.34134940616594E-02
-0.90510440340709E+00 0.34740328295179E-02
-0.90160019765907E+00 0.35343396771873E-02
-0.89803580270162E+00 0.35944105786926E-02
-0.89441145648733E+00 0.36542415238069E-02
-0.89072740097105E+00 0.37138285183237E-02
-0.88698388209370E+00 0.37731675843238E-02
-0.88318114976588E+00 0.38322547604355E-02
-0.87931945785117E+00 0.38910861021049E-02
-0.87539906414917E+00 0.39496576818589E-02
-0.87142023037833E+00 0.40079655895624E-02
-0.86738322215844E+00 0.40660059326849E-02
-0.86328830899291E+00 0.41237748365577E-02
-0.85913576425079E+00 0.41812684446310E-02
-0.85492586514851E+00 0.42384829187368E-02
-0.85065889273137E+00 0.42954144393368E-02
-0.84633513185477E+00 0.43520592057875E-02
-0.84195487116523E+00 0.44084134365840E-02
-0.83751840308107E+00 0.44644733696209E-02
-0.83302602377295E+00 0.45202352624364E-02
-0.82847803314402E+00 0.45756953924671E-02
-0.82387473480997E+00 0.46308500572939E-02
-0.81921643607874E+00 0.46856955748912E-02
-0.81450344792996E+00 0.47402282838697E-02
-0.80973608499427E+00 0.47944445437251E-02
-0.80491466553225E+00 0.48483407350760E-02
-0.80003951141320E+00 0.49019132599100E-02
-0.79511094809365E+00 0.49551585418215E-02
-0.79012930459563E+00 0.50080730262517E-02
-0.78509491348471E+00 0.50606531807232E-02
-0.78000811084780E+00 0.51128954950803E-02
-0.77486923627071E+00 0.51647964817201E-02
-0.76967863281546E+00 0.52163526758251E-02
-0.76443664699743E+00 0.52675606355976E-02
-0.75914362876216E+00 0.53184169424854E-02
-0.75379993146204E+00 0.53689182014128E-02
-0.74840591183271E+00 0.54190610410067E-02
-0.74296192996922E+00 0.54688421138211E-02
-0.73746834930203E+00 0.55182580965608E-02
-0.73192553657271E+00 0.55673056903039E-02
-0.72633386180947E+00 0.56159816207209E-02
-0.72069369830249E+00 0.56642826382939E-02
-0.71500542257894E+00 0.57122055185302E-02
-0.70926941437790E+00 0.57597470621945E-02
-0.70348605662496E+00 0.58069040954921E-02
-0.69765573540669E+00 0.58536734703038E-02
-0.69177883994488E+00 0.59000520643900E-02
-0.68585576257050E+00 0.59460367815992E-02
-0.67988689869755E+00 0.59916245520754E-02
-0.67387264679667E+00 0.60368123324599E-02
-0.66781340836851E+00 0.60815971060977E-02
-0.66170958791694E+00 0.61259758832386E-02
-0.65556159292204E+00 0.61699457012421E-02
-0.64936983381292E+00 0.62135036247494E-02
-0.64313472394029E+00 0.62566467459178E-02
-0.63685667954889E+00 0.62993721845890E-02
-0.63053611974968E+00 0.63416770884908E-02
-0.62417346649188E+00 0.63835586334225E-02
-0.61776914453479E+00 0.64250140234486E-02
-0.61132358141944E+00 0.64660404910802E-02
-0.60483720744003E+00 0.65066352974658E-02
-0.59831045561525E+00 0.65467957325677E-02
-0.59174376165933E+00 0.65865191153482E-02
-0.58513756395295E+00 0.66258027939454E-02
-0.57849230351400E+00 0.66646441458513E-02
-0.57180842396813E+00 0.67030405780868E-02
-0.56508637151914E+00 0.67409895273758E-02
-0.55832659491916E+00 0.67784884603144E-02
-0.55152954543875E+00 0.68155348735404E-02
-0.54469567683671E+00 0.68521262939028E-02
-0.53782544532983E+00 0.68882602786239E-02
-0.53091930956243E+00 0.69239344154634E-02
-0.52397773057572E+00 0.69591463228803E-02
-0.51700117177705E+00 0.69938936501905E-02
-0.50999009890894E+00 0.70281740777258E-02
-0.50294498001804E+00 0.70619853169855E-02
-0.49586628542381E+00 0.70953251107924E-02
-0.48875448768719E+00 0.71281912334419E-02
-0.48161006157902E+00 0.71605814908503E-02
-0.47443348404836E+00 0.71924937207025E-02
-0.46722523419063E+00 0.72239257925952E-02
-0.45998579321563E+00 0.72548756081800E-02
-0.45271564441545E+00 0.72853411013025E-02
-0.44541527313215E+00 0.73153202381413E-02
-0.43808516672541E+00 0.73448110173431E-02
-0.43072581453995E+00 0.73738114701562E-02
-0.42333770787293E+00 0.74023196605629E-02
-0.41592133994105E+00 0.74303336854072E-02
-0.40847720584772E+00 0.74578516745234E-02
-0.40100580254997E+00 0.74848717908597E-02
-0.39350762882524E+00 0.75113922306021E-02
-0.38598318523815E+00 0.75374112232934E-02
-0.37843297410704E+00 0.75629270319524E-02
-0.37085749947043E+00 0.75879379531895E-02
-0.36325726705340E+00 0.76124423173209E-02
-0.35563278423382E+00 0.76364384884788E-02
-0.34798456000846E+00 0.76599248647220E-02
-0.34031310495903E+00 0.76828998781425E-02
-0.33261893121809E+00 0.77053619949695E-02
-0.32490255243485E+00 0.77273097156724E-02
-0.31716448374090E+00 0.77487415750609E-02
-0.30940524171580E+00 0.77696561423825E-02
-0.30162534435261E+00 0.77900520214182E-02
-0.29382531102331E+00 0.78099278505759E-02
-0.28600566244410E+00 0.78292823029808E-02
-0.27816692064067E+00 0.78481140865646E-02
-0.27030960891336E+00 0.78664219441511E-02
-0.26243425180216E+00 0.78842046535407E-02
-0.25454137505178E+00 0.79014610275916E-02
-0.24663150557648E+00 0.79181899142993E-02
-0.23870517142495E+00 0.79343901968734E-02
-0.23076290174501E+00 0.79500607938122E-02
-0.22280522674831E+00 0.79652006589747E-02
-0.21483267767495E+00 0.79798087816508E-02
-0.20684578675797E+00 0.79938841866283E-02
-0.19884508718787E+00 0.80074259342586E-02
-0.19083111307697E+00 0.80204331205189E-02
-0.18280439942380E+00 0.80329048770728E-02
-0.17476548207732E+00 0.80448403713283E-02
-0.16671489770124E+00 0.80562388064932E-02
-0.15865318373808E+00 0.80670994216284E-02
-0.15058087837340E+00 0.80774214916988E-02
-0.14249852049980E+00 0.80872043276216E-02
-0.13440664968097E+00 0.80964472763122E-02
-0.12630580611567E+00 0.81051497207279E-02
-0.11819653060166E+00 0.81133110799092E-02
-0.11007936449961E+00 0.81209308090184E-02
-0.10195484969694E+00 0.81280083993761E-02
-0.93823528571670E-01 0.81345433784950E-02
-0.85685943956187E-01 0.81405353101118E-02
-0.77542639101021E-01 0.81459837942158E-02
-0.69394157638574E-01 0.81508884670759E-02
-0.61241043546830E-01 0.81552490012651E-02
-0.53083841113038E-01 0.81590651056819E-02
-0.44923094897379E-01 0.81623365255701E-02
-0.36759349696610E-01 0.81650630425355E-02
-0.28593150507693E-01 0.81672444745607E-02
-0.20425042491416E-01 0.81688806760173E-02
-0.12255570935996E-01 0.81699715376755E-02
-0.40852812206769E-02 0.81705169867111E-02
 0.00000000000000E+01 0.00000000000000E+00
 0.40852812206763E-02 0.81705169867111E-02
 0.12255570935996E-01 0.81699715376754E-02
 0.20425042491416E-01 0.81688806760173E-02
 0.28593150507693E-01 0.81672444745607E-02
 0.36759349696610E-01 0.81650630425355E-02
 0.44923094897379E-01 0.81623365255701E-02
 0.53083841113038E-01 0.81590651056819E-02
 0.61241043546830E-01 0.81552490012651E-02
 0.69394157638574E-01 0.81508884670759E-02
 0.77542639101021E-01 0.81459837942158E-02
 0.85685943956187E-01 0.81405353101118E-02
 0.93823528571670E-01 0.81345433784950E-02
 0.10195484969694E+00 0.81280083993761E-02
 0.11007936449961E+00 0.81209308090184E-02
 0.11819653060166E+00 0.81133110799092E-02
 0.12630580611567E+00 0.81051497207279E-02
 0.13440664968097E+00 0.80964472763122E-02
 0.14249852049980E+00 0.80872043276216E-02
 0.15058087837340E+00 0.80774214916988E-02
 0.15865318373808E+00 0.80670994216284E-02
 0.16671489770124E+00 0.80562388064932E-02
 0.17476548207732E+00 0.80448403713283E-02
 0.18280439942380E+00 0.80329048770728E-02
 0.19083111307697E+00 0.80204331205189E-02
 0.19884508718787E+00 0.80074259342586E-02
 0.20684578675797E+00 0.79938841866283E-02
 0.21483267767495E+00 0.79798087816508E-02
 0.22280522674831E+00 0.79652006589747E-02
 0.23076290174501E+00 0.79500607938122E-02
 0.23870517142495E+00 0.79343901968734E-02
 0.24663150557648E+00 0.79181899142993E-02
 0.25454137505178E+00 0.79014610275916E-02
 0.26243425180216E+00 0.78842046535407E-02
 0.27030960891336E+00 0.78664219441511E-02
 0.27816692064067E+00 0.78481140865646E-02
 0.28600566244410E+00 0.78292823029808E-02
 0.29382531102331E+00 0.78099278505759E-02
 0.30162534435261E+00 0.77900520214182E-02
 0.30940524171580E+00 0.77696561423825E-02
 0.31716448374090E+00 0.77487415750609E-02
 0.32490255243485E+00 0.77273097156724E-02
 0.33261893121809E+00 0.77053619949695E-02
 0.34031310495903E+00 0.76828998781425E-02
 0.34798456000846E+00 0.76599248647220E-02
 0.35563278423382E+00 0.76364384884788E-02
 0.36325726705340E+00 0.76124423173209E-02
 0.37085749947043E+00 0.75879379531895E-02
 0.37843297410704E+00 0.75629270319524E-02
 0.38598318523815E+00 0.75374112232934E-02
 0.39350762882524E+00 0.75113922306021E-02
 0.40100580254997E+00 0.74848717908597E-02
 0.40847720584772E+00 0.74578516745234E-02
 0.41592133994105E+00 0.74303336854072E-02
 0.42333770787293E+00 0.74023196605627E-02
 0.43072581453995E+00 0.73738114701562E-02
 0.43808516672541E+00 0.73448110173431E-02
 0.44541527313215E+00 0.73153202381413E-02
 0.45271564441545E+00 0.72853411013025E-02
 0.45998579321563E+00 0.72548756081800E-02
 0.46722523419063E+00 0.72239257925952E-02
 0.47443348404836E+00 0.71924937207025E-02
 0.48161006157902E+00 0.71605814908503E-02
 0.48875448768719E+00 0.71281912334419E-02
 0.49586628542381E+00 0.70953251107924E-02
 0.50294498001804E+00 0.70619853169855E-02
 0.50999009890894E+00 0.70281740777258E-02
 0.51700117177705E+00 0.69938936501905E-02
 0.52397773057572E+00 0.69591463228803E-02
 0.53091930956243E+00 0.69239344154634E-02
 0.53782544532983E+00 0.68882602786239E-02
 0.54469567683671E+00 0.68521262939028E-02
 0.55152954543875E+00 0.68155348735404E-02
 0.55832659491916E+00 0.67784884603144E-02
 0.56508637151914E+00 0.67409895273758E-02
 0.57180842396813E+00 0.67030405780868E-02
 0.57849230351400E+00 0.66646441458513E-02
 0.58513756395295E+00 0.66258027939454E-02
 0.59174376165933E+00 0.65865191153482E-02
 0.59831045561525E+00 0.65467957325677E-02
 0.60483720744003E+00 0.65066352974658E-02
 0.61132358141944E+00 0.64660404910802E-02
 0.61776914453479E+00 0.64250140234486E-02
 0.62417346649188E+00 0.63835586334225E-02
 0.63053611974968E+00 0.63416770884908E-02
 0.63685667954889E+00 0.62993721845890E-02
 0.64313472394029E+00 0.62566467459178E-02
 0.64936983381292E+00 0.62135036247494E-02
 0.65556159292204E+00 0.61699457012421E-02
 0.66170958791694E+00 0.61259758832441E-02
 0.66781340836851E+00 0.60815971061014E-02
 0.67387264679667E+00 0.60368123324619E-02
 0.67988689869755E+00 0.59916245520767E-02
 0.68585576257050E+00 0.59460367815998E-02
 0.69177883994488E+00 0.59000520643900E-02
 0.69765573540669E+00 0.58536734703038E-02
 0.70348605662496E+00 0.58069040954927E-02
 0.70926941437790E+00 0.57597470621967E-02
 0.71500542257894E+00 0.57122055185345E-02
 0.72069369830249E+00 0.56642826382939E-02
 0.72633386180947E+00 0.56159816207209E-02
 0.73192553657271E+00 0.55673056903039E-02
 0.73746834930203E+00 0.55182580965608E-02
 0.74296192996922E+00 0.54688421138211E-02
 0.74840591183271E+00 0.54190610410067E-02
 0.75379993146204E+00 0.53689182014128E-02
 0.75914362876216E+00 0.53184169424854E-02
 0.76443664699743E+00 0.52675606355976E-02
 0.76967863281546E+00 0.52163526758251E-02
 0.77486923627071E+00 0.51647964817201E-02
 0.78000811084780E+00 0.51128954950803E-02
 0.78509491348471E+00 0.50606531807232E-02
 0.79012930459563E+00 0.50080730262508E-02
 0.79511094809365E+00 0.49551585418215E-02
 0.80003951141320E+00 0.49019132599100E-02
 0.80491466553225E+00 0.48483407350760E-02
 0.80973608499427E+00 0.47944445437251E-02
 0.81450344792996E+00 0.47402282838697E-02
 0.81921643607874E+00 0.46856955748912E-02
 0.82387473480997E+00 0.46308500572939E-02
 0.82847803314402E+00 0.45756953924671E-02
 0.83302602377295E+00 0.45202352624364E-02
 0.83751840308107E+00 0.44644733696209E-02
 0.84195487116523E+00 0.44084134365840E-02
 0.84633513185477E+00 0.43520592057875E-02
 0.85065889273137E+00 0.42954144393368E-02
 0.85492586514851E+00 0.42384829187368E-02
 0.85913576425079E+00 0.41812684446310E-02
 0.86328830899291E+00 0.41237748365577E-02
 0.86738322215844E+00 0.40660059326849E-02
 0.87142023037833E+00 0.40079655895624E-02
 0.87539906414917E+00 0.39496576818589E-02
 0.87931945785117E+00 0.38910861021049E-02
 0.88318114976588E+00 0.38322547604355E-02
 0.88698388209370E+00 0.37731675843238E-02
 0.89072740097105E+00 0.37138285183237E-02
 0.89441145648733E+00 0.36542415238069E-02
 0.89803580270162E+00 0.35944105786926E-02
 0.90160019765907E+00 0.35343396771873E-02
 0.90510440340709E+00 0.34740328295179E-02
 0.90854818601121E+00 0.34134940616594E-02
 0.91193131557067E+00 0.33527274150741E-02
 0.91525356623383E+00 0.32917369464316E-02
 0.91851471621322E+00 0.32305267273482E-02
 0.92171454780032E+00 0.31691008441075E-02
 0.92485284738012E+00 0.31074633973945E-02
 0.92792940544540E+00 0.30456185020099E-02
 0.93094401661065E+00 0.29835702866126E-02
 0.93389647962588E+00 0.29213228934288E-02
 0.93678659738995E+00 0.28588804779838E-02
 0.93961417696380E+00 0.27962472088209E-02
 0.94237902958330E+00 0.27334272672252E-02
 0.94508097067189E+00 0.26704248469480E-02
 0.94771981985282E+00 0.26072441539151E-02
 0.95029540096128E+00 0.25438894059581E-02
 0.95280754205611E+00 0.24803648325278E-02
 0.95525607543132E+00 0.24166746744149E-02
 0.95764083762721E+00 0.23528231834578E-02
 0.95996166944137E+00 0.22888146222756E-02
 0.96221841593927E+00 0.22246532639637E-02
 0.96441092646458E+00 0.21603433918233E-02
 0.96653905464927E+00 0.20958892990716E-02
 0.96860265842336E+00 0.20312952885515E-02
 0.97060160002442E+00 0.19665656724544E-02
 0.97253574600673E+00 0.19017047720156E-02
 0.97440496725024E+00 0.18367169172449E-02
 0.97620913896917E+00 0.17716064466239E-02
 0.97794814072034E+00 0.17063777068293E-02
 0.97962185641121E+00 0.16410350524278E-02
 0.98123017430764E+00 0.15755828456086E-02
 0.98277298704137E+00 0.15100254558646E-02
 0.98425019161717E+00 0.14443672597354E-02
 0.98566168941973E+00 0.13786126404883E-02
 0.98700738622028E+00 0.13127659878503E-02
 0.98828719218287E+00 0.12468316977136E-02
 0.98950102187041E+00 0.11808141718131E-02
 0.99064879425041E+00 0.11147178176058E-02
 0.99173043270043E+00 0.10485470477544E-02
 0.99274586501332E+00 0.98230628003170E-03
 0.99369502340209E+00 0.91599993702974E-03
 0.99457784450471E+00 0.84963244596983E-03
 0.99539426938860E+00 0.78320823856304E-03
 0.99614424355511E+00 0.71673175096901E-03
 0.99682771694409E+00 0.65020742406947E-03
 0.99744464393891E+00 0.58363970423817E-03
 0.99799498337279E+00 0.51703304532678E-03
 0.99847869853846E+00 0.45039191376092E-03
 0.99889575720633E+00 0.38372080208110E-03
 0.99924613166718E+00 0.31702426980095E-03
 0.99952979885589E+00 0.25030708906631E-03
 0.99974674081135E+00 0.18357491935140E-03
 0.99989694713786E+00 0.11683906652426E-03
 0.99998044117265E+00 0.50194103448989E-04
 0.10000000000000E+01 0.00000000000000E+00
