 alpha final =    708.00000000000000     

     granulo :  rn =  1.0  rm = 0.56  ln sig =  0.266  pour r <  50. mic.
     ======================================================================

                    longueur d onde :  0.450 microns
                    ================================

     indice reel :   1.61000     indice imaginaire : -0.30000E-01


                    nombre de particules :  0.10019E+01

       Sections d extinction et de diffusion ramenees a une particule :
       ----------------------------------------------------------------
     extinction :  0.27596E+01 mic**2     diffusion :  0.18232E+01 mic**2

            Pizero : 0.660694                 g.assymetrie : 0.79029

 ------------------------------------------------------------------------------
   j      theta       mu         i             q             u         -q/i*100
 ------------------------------------------------------------------------------
 -193      0.00    1.00000  0.86380E+02   0.00000E+00   0.86380E+02      -0.00
 -192      0.36    0.99998  0.86259E+02   0.53602E-03   0.86259E+02      -0.00
 -191      0.82    0.99990  0.85747E+02   0.28076E-02   0.85747E+02      -0.00
 -190      1.29    0.99975  0.84833E+02   0.68272E-02   0.84833E+02      -0.01
 -189      1.76    0.99953  0.83533E+02   0.12483E-01   0.83532E+02      -0.01
 -188      2.22    0.99925  0.81864E+02   0.19616E-01   0.81864E+02      -0.02
 -187      2.69    0.99890  0.79854E+02   0.28030E-01   0.79852E+02      -0.04
 -186      3.16    0.99848  0.77531E+02   0.37491E-01   0.77528E+02      -0.05
 -185      3.63    0.99799  0.74929E+02   0.47743E-01   0.74924E+02      -0.06
 -184      4.10    0.99744  0.72084E+02   0.58507E-01   0.72076E+02      -0.08
 -183      4.56    0.99683  0.69035E+02   0.69498E-01   0.69022E+02      -0.10
 -182      5.03    0.99614  0.65820E+02   0.80427E-01   0.65802E+02      -0.12
 -181      5.50    0.99539  0.62479E+02   0.91010E-01   0.62455E+02      -0.15
 -180      5.97    0.99458  0.59052E+02   0.10098E+00   0.59020E+02      -0.17
 -179      6.44    0.99370  0.55576E+02   0.11008E+00   0.55535E+02      -0.20
 -178      6.91    0.99275  0.52088E+02   0.11810E+00   0.52036E+02      -0.23
 -177      7.37    0.99173  0.48619E+02   0.12483E+00   0.48556E+02      -0.26
 -176      7.84    0.99065  0.45201E+02   0.13013E+00   0.45125E+02      -0.29
 -175      8.31    0.98950  0.41860E+02   0.13385E+00   0.41770E+02      -0.32
 -174      8.78    0.98829  0.38621E+02   0.13592E+00   0.38516E+02      -0.35
 -173      9.25    0.98701  0.35502E+02   0.13629E+00   0.35383E+02      -0.38
 -172      9.71    0.98566  0.32521E+02   0.13493E+00   0.32386E+02      -0.41
 -171     10.18    0.98425  0.29691E+02   0.13186E+00   0.29539E+02      -0.44
 -170     10.65    0.98277  0.27020E+02   0.12715E+00   0.26853E+02      -0.47
 -169     11.12    0.98123  0.24515E+02   0.12085E+00   0.24332E+02      -0.49
 -168     11.59    0.97962  0.22179E+02   0.11307E+00   0.21982E+02      -0.51
 -167     12.05    0.97795  0.20014E+02   0.10393E+00   0.19802E+02      -0.52
 -166     12.52    0.97621  0.18018E+02   0.93572E-01   0.17793E+02      -0.52
 -165     12.99    0.97440  0.16187E+02   0.82142E-01   0.15949E+02      -0.51
 -164     13.46    0.97254  0.14516E+02   0.69797E-01   0.14268E+02      -0.48
 -163     13.93    0.97060  0.12999E+02   0.56701E-01   0.12741E+02      -0.44
 -162     14.40    0.96860  0.11629E+02   0.43017E-01   0.11362E+02      -0.37
 -161     14.86    0.96654  0.10396E+02   0.28908E-01   0.10122E+02      -0.28
 -160     15.33    0.96441  0.92921E+01   0.14531E-01   0.90133E+01      -0.16
 -159     15.80    0.96222  0.83082E+01   0.36833E-04   0.80256E+01      -0.00
 -158     16.27    0.95996  0.74349E+01  -0.14431E-01   0.71498E+01       0.19
 -157     16.74    0.95764  0.66627E+01  -0.28742E-01   0.63766E+01       0.43
 -156     17.20    0.95526  0.59827E+01  -0.42774E-01   0.56970E+01       0.71
 -155     17.67    0.95281  0.53859E+01  -0.56420E-01   0.51019E+01       1.05
 -154     18.14    0.95030  0.48641E+01  -0.69582E-01   0.45829E+01       1.43
 -153     18.61    0.94772  0.44091E+01  -0.82178E-01   0.41319E+01       1.86
 -152     19.08    0.94508  0.40136E+01  -0.94139E-01   0.37413E+01       2.35
 -151     19.54    0.94238  0.36707E+01  -0.10540E+00   0.34041E+01       2.87
 -150     20.01    0.93961  0.33739E+01  -0.11593E+00   0.31137E+01       3.44
 -149     20.48    0.93679  0.31173E+01  -0.12568E+00   0.28642E+01       4.03
 -148     20.95    0.93390  0.28958E+01  -0.13464E+00   0.26502E+01       4.65
 -147     21.42    0.93094  0.27045E+01  -0.14278E+00   0.24668E+01       5.28
 -146     21.89    0.92793  0.25392E+01  -0.15011E+00   0.23097E+01       5.91
 -145     22.35    0.92485  0.23962E+01  -0.15663E+00   0.21749E+01       6.54
 -144     22.82    0.92171  0.22720E+01  -0.16234E+00   0.20590E+01       7.15
 -143     23.29    0.91851  0.21638E+01  -0.16728E+00   0.19591E+01       7.73
 -142     23.76    0.91525  0.20690E+01  -0.17145E+00   0.18724E+01       8.29
 -141     24.23    0.91193  0.19855E+01  -0.17489E+00   0.17968E+01       8.81
 -140     24.69    0.90855  0.19114E+01  -0.17763E+00   0.17304E+01       9.29
 -139     25.16    0.90510  0.18450E+01  -0.17971E+00   0.16714E+01       9.74
 -138     25.63    0.90160  0.17850E+01  -0.18115E+00   0.16185E+01      10.15
 -137     26.10    0.89804  0.17304E+01  -0.18201E+00   0.15705E+01      10.52
 -136     26.57    0.89441  0.16801E+01  -0.18231E+00   0.15264E+01      10.85
 -135     27.04    0.89073  0.16333E+01  -0.18211E+00   0.14855E+01      11.15
 -134     27.50    0.88698  0.15896E+01  -0.18144E+00   0.14471E+01      11.41
 -133     27.97    0.88318  0.15482E+01  -0.18035E+00   0.14107E+01      11.65
 -132     28.44    0.87932  0.15089E+01  -0.17886E+00   0.13759E+01      11.85
 -131     28.91    0.87540  0.14712E+01  -0.17704E+00   0.13424E+01      12.03
 -130     29.38    0.87142  0.14350E+01  -0.17490E+00   0.13100E+01      12.19
 -129     29.84    0.86738  0.14001E+01  -0.17249E+00   0.12784E+01      12.32
 -128     30.31    0.86329  0.13663E+01  -0.16985E+00   0.12476E+01      12.43
 -127     30.78    0.85914  0.13335E+01  -0.16700E+00   0.12174E+01      12.52
 -126     31.25    0.85493  0.13016E+01  -0.16398E+00   0.11878E+01      12.60
 -125     31.72    0.85066  0.12706E+01  -0.16082E+00   0.11588E+01      12.66
 -124     32.18    0.84634  0.12404E+01  -0.15754E+00   0.11304E+01      12.70
 -123     32.65    0.84195  0.12111E+01  -0.15418E+00   0.11026E+01      12.73
 -122     33.12    0.83752  0.11825E+01  -0.15074E+00   0.10754E+01      12.75
 -121     33.59    0.83303  0.11548E+01  -0.14726E+00   0.10487E+01      12.75
 -120     34.06    0.82848  0.11279E+01  -0.14376E+00   0.10227E+01      12.75
 -119     34.53    0.82387  0.11017E+01  -0.14024E+00   0.99737E+00      12.73
 -118     34.99    0.81922  0.10764E+01  -0.13674E+00   0.97267E+00      12.70
 -117     35.46    0.81450  0.10519E+01  -0.13325E+00   0.94866E+00      12.67
 -116     35.93    0.80974  0.10281E+01  -0.12979E+00   0.92534E+00      12.62
 -115     36.40    0.80491  0.10051E+01  -0.12637E+00   0.90273E+00      12.57
 -114     36.87    0.80004  0.98295E+00  -0.12299E+00   0.88083E+00      12.51
 -113     37.33    0.79511  0.96151E+00  -0.11968E+00   0.85964E+00      12.45
 -112     37.80    0.79013  0.94082E+00  -0.11642E+00   0.83915E+00      12.37
 -111     38.27    0.78509  0.92087E+00  -0.11322E+00   0.81937E+00      12.29
 -110     38.74    0.78001  0.90162E+00  -0.11009E+00   0.80027E+00      12.21
 -109     39.21    0.77487  0.88307E+00  -0.10703E+00   0.78185E+00      12.12
 -108     39.67    0.76968  0.86519E+00  -0.10403E+00   0.76410E+00      12.02
 -107     40.14    0.76444  0.84795E+00  -0.10110E+00   0.74698E+00      11.92
 -106     40.61    0.75914  0.83134E+00  -0.98235E-01   0.73048E+00      11.82
 -105     41.08    0.75380  0.81532E+00  -0.95435E-01   0.71458E+00      11.71
 -104     41.55    0.74841  0.79987E+00  -0.92698E-01   0.69924E+00      11.59
 -103     42.02    0.74296  0.78496E+00  -0.90019E-01   0.68446E+00      11.47
 -102     42.48    0.73747  0.77057E+00  -0.87398E-01   0.67020E+00      11.34
 -101     42.95    0.73193  0.75667E+00  -0.84830E-01   0.65643E+00      11.21
 -100     43.42    0.72633  0.74323E+00  -0.82312E-01   0.64314E+00      11.07
  -99     43.89    0.72069  0.73023E+00  -0.79840E-01   0.63028E+00      10.93
  -98     44.36    0.71501  0.71765E+00  -0.77413E-01   0.61785E+00      10.79
  -97     44.82    0.70927  0.70546E+00  -0.75026E-01   0.60581E+00      10.64
  -96     45.29    0.70349  0.69363E+00  -0.72676E-01   0.59415E+00      10.48
  -95     45.76    0.69766  0.68216E+00  -0.70361E-01   0.58283E+00      10.31
  -94     46.23    0.69178  0.67101E+00  -0.68078E-01   0.57184E+00      10.15
  -93     46.70    0.68586  0.66016E+00  -0.65825E-01   0.56116E+00       9.97
  -92     47.17    0.67989  0.64961E+00  -0.63599E-01   0.55076E+00       9.79
  -91     47.63    0.67387  0.63932E+00  -0.61400E-01   0.54064E+00       9.60
  -90     48.10    0.66781  0.62929E+00  -0.59226E-01   0.53077E+00       9.41
  -89     48.57    0.66171  0.61951E+00  -0.57075E-01   0.52113E+00       9.21
  -88     49.04    0.65556  0.60995E+00  -0.54948E-01   0.51173E+00       9.01
  -87     49.51    0.64937  0.60061E+00  -0.52844E-01   0.50253E+00       8.80
  -86     49.97    0.64313  0.59147E+00  -0.50763E-01   0.49353E+00       8.58
  -85     50.44    0.63686  0.58252E+00  -0.48705E-01   0.48472E+00       8.36
  -84     50.91    0.63054  0.57376E+00  -0.46672E-01   0.47609E+00       8.13
  -83     51.38    0.62417  0.56518E+00  -0.44663E-01   0.46763E+00       7.90
  -82     51.85    0.61777  0.55677E+00  -0.42680E-01   0.45933E+00       7.67
  -81     52.31    0.61132  0.54852E+00  -0.40724E-01   0.45119E+00       7.42
  -80     52.78    0.60484  0.54043E+00  -0.38797E-01   0.44319E+00       7.18
  -79     53.25    0.59831  0.53249E+00  -0.36899E-01   0.43534E+00       6.93
  -78     53.72    0.59174  0.52470E+00  -0.35033E-01   0.42763E+00       6.68
  -77     54.19    0.58514  0.51705E+00  -0.33198E-01   0.42006E+00       6.42
  -76     54.66    0.57849  0.50954E+00  -0.31398E-01   0.41262E+00       6.16
  -75     55.12    0.57181  0.50217E+00  -0.29633E-01   0.40530E+00       5.90
  -74     55.59    0.56509  0.49493E+00  -0.27904E-01   0.39811E+00       5.64
  -73     56.06    0.55833  0.48783E+00  -0.26212E-01   0.39105E+00       5.37
  -72     56.53    0.55153  0.48085E+00  -0.24558E-01   0.38410E+00       5.11
  -71     57.00    0.54470  0.47400E+00  -0.22943E-01   0.37728E+00       4.84
  -70     57.46    0.53783  0.46727E+00  -0.21368E-01   0.37057E+00       4.57
  -69     57.93    0.53092  0.46066E+00  -0.19832E-01   0.36397E+00       4.31
  -68     58.40    0.52398  0.45417E+00  -0.18335E-01   0.35749E+00       4.04
  -67     58.87    0.51700  0.44780E+00  -0.16878E-01   0.35112E+00       3.77
  -66     59.34    0.50999  0.44154E+00  -0.15460E-01   0.34486E+00       3.50
  -65     59.80    0.50294  0.43539E+00  -0.14080E-01   0.33871E+00       3.23
  -64     60.27    0.49587  0.42935E+00  -0.12738E-01   0.33266E+00       2.97
  -63     60.74    0.48875  0.42342E+00  -0.11432E-01   0.32672E+00       2.70
  -62     61.21    0.48161  0.41759E+00  -0.10163E-01   0.32088E+00       2.43
  -61     61.68    0.47443  0.41186E+00  -0.89272E-02   0.31513E+00       2.17
  -60     62.15    0.46723  0.40622E+00  -0.77251E-02   0.30949E+00       1.90
  -59     62.61    0.45999  0.40069E+00  -0.65547E-02   0.30393E+00       1.64
  -58     63.08    0.45272  0.39524E+00  -0.54148E-02   0.29847E+00       1.37
  -57     63.55    0.44542  0.38988E+00  -0.43040E-02   0.29310E+00       1.10
  -56     64.02    0.43809  0.38461E+00  -0.32208E-02   0.28781E+00       0.84
  -55     64.49    0.43073  0.37941E+00  -0.21639E-02   0.28261E+00       0.57
  -54     64.95    0.42334  0.37430E+00  -0.11321E-02   0.27748E+00       0.30
  -53     65.42    0.41592  0.36927E+00  -0.12405E-03   0.27244E+00       0.03
  -52     65.89    0.40848  0.36431E+00   0.86125E-03   0.26747E+00      -0.24
  -51     66.36    0.40101  0.35942E+00   0.18248E-02   0.26257E+00      -0.51
  -50     66.83    0.39351  0.35460E+00   0.27676E-02   0.25775E+00      -0.78
  -49     67.30    0.38598  0.34984E+00   0.36902E-02   0.25299E+00      -1.05
  -48     67.76    0.37843  0.34515E+00   0.45934E-02   0.24829E+00      -1.33
  -47     68.23    0.37086  0.34053E+00   0.54776E-02   0.24366E+00      -1.61
  -46     68.70    0.36326  0.33596E+00   0.63432E-02   0.23910E+00      -1.89
  -45     69.17    0.35563  0.33145E+00   0.71905E-02   0.23459E+00      -2.17
  -44     69.64    0.34798  0.32701E+00   0.80196E-02   0.23014E+00      -2.45
  -43     70.10    0.34031  0.32262E+00   0.88306E-02   0.22575E+00      -2.74
  -42     70.57    0.33262  0.31828E+00   0.96234E-02   0.22141E+00      -3.02
  -41     71.04    0.32490  0.31401E+00   0.10398E-01   0.21714E+00      -3.31
  -40     71.51    0.31716  0.30979E+00   0.11154E-01   0.21291E+00      -3.60
  -39     71.98    0.30941  0.30562E+00   0.11892E-01   0.20875E+00      -3.89
  -38     72.44    0.30163  0.30151E+00   0.12610E-01   0.20463E+00      -4.18
  -37     72.91    0.29383  0.29746E+00   0.13310E-01   0.20058E+00      -4.47
  -36     73.38    0.28601  0.29346E+00   0.13990E-01   0.19658E+00      -4.77
  -35     73.85    0.27817  0.28951E+00   0.14650E-01   0.19263E+00      -5.06
  -34     74.32    0.27031  0.28563E+00   0.15291E-01   0.18874E+00      -5.35
  -33     74.79    0.26243  0.28180E+00   0.15912E-01   0.18491E+00      -5.65
  -32     75.25    0.25454  0.27802E+00   0.16513E-01   0.18113E+00      -5.94
  -31     75.72    0.24663  0.27431E+00   0.17093E-01   0.17741E+00      -6.23
  -30     76.19    0.23871  0.27065E+00   0.17654E-01   0.17375E+00      -6.52
  -29     76.66    0.23076  0.26704E+00   0.18194E-01   0.17014E+00      -6.81
  -28     77.13    0.22281  0.26350E+00   0.18713E-01   0.16660E+00      -7.10
  -27     77.59    0.21483  0.26001E+00   0.19213E-01   0.16311E+00      -7.39
  -26     78.06    0.20685  0.25658E+00   0.19692E-01   0.15968E+00      -7.67
  -25     78.53    0.19885  0.25321E+00   0.20152E-01   0.15631E+00      -7.96
  -24     79.00    0.19083  0.24990E+00   0.20592E-01   0.15300E+00      -8.24
  -23     79.47    0.18280  0.24664E+00   0.21013E-01   0.14974E+00      -8.52
  -22     79.93    0.17477  0.24343E+00   0.21415E-01   0.14655E+00      -8.80
  -21     80.40    0.16671  0.24028E+00   0.21798E-01   0.14341E+00      -9.07
  -20     80.87    0.15865  0.23719E+00   0.22163E-01   0.14033E+00      -9.34
  -19     81.34    0.15058  0.23415E+00   0.22510E-01   0.13730E+00      -9.61
  -18     81.81    0.14250  0.23116E+00   0.22839E-01   0.13433E+00      -9.88
  -17     82.28    0.13441  0.22821E+00   0.23152E-01   0.13141E+00     -10.14
  -16     82.74    0.12631  0.22532E+00   0.23448E-01   0.12854E+00     -10.41
  -15     83.21    0.11820  0.22248E+00   0.23728E-01   0.12572E+00     -10.67
  -14     83.68    0.11008  0.21968E+00   0.23993E-01   0.12296E+00     -10.92
  -13     84.15    0.10195  0.21692E+00   0.24243E-01   0.12024E+00     -11.18
  -12     84.62    0.09382  0.21421E+00   0.24478E-01   0.11757E+00     -11.43
  -11     85.08    0.08569  0.21154E+00   0.24701E-01   0.11494E+00     -11.68
  -10     85.55    0.07754  0.20892E+00   0.24910E-01   0.11236E+00     -11.92
   -9     86.02    0.06939  0.20633E+00   0.25108E-01   0.10982E+00     -12.17
   -8     86.49    0.06124  0.20378E+00   0.25294E-01   0.10732E+00     -12.41
   -7     86.96    0.05308  0.20126E+00   0.25469E-01   0.10486E+00     -12.65
   -6     87.43    0.04492  0.19879E+00   0.25635E-01   0.10244E+00     -12.90
   -5     87.89    0.03676  0.19635E+00   0.25792E-01   0.10006E+00     -13.14
   -4     88.36    0.02859  0.19394E+00   0.25940E-01   0.97718E-01     -13.38
   -3     88.83    0.02043  0.19157E+00   0.26082E-01   0.95409E-01     -13.61
   -2     89.30    0.01226  0.18924E+00   0.26216E-01   0.93135E-01     -13.85
   -1     89.77    0.00409  0.18694E+00   0.26345E-01   0.90895E-01     -14.09
    0     90.00    0.00000  0.18580E+00   0.26407E-01   0.89787E-01     -14.21
    1     90.23   -0.00409  0.18467E+00   0.26468E-01   0.88688E-01     -14.33
    2     90.70   -0.01226  0.18244E+00   0.26587E-01   0.86515E-01     -14.57
    3     91.17   -0.02043  0.18024E+00   0.26701E-01   0.84375E-01     -14.81
    4     91.64   -0.02859  0.17807E+00   0.26812E-01   0.82266E-01     -15.06
    5     92.11   -0.03676  0.17594E+00   0.26921E-01   0.80190E-01     -15.30
    6     92.57   -0.04492  0.17385E+00   0.27026E-01   0.78146E-01     -15.55
    7     93.04   -0.05308  0.17179E+00   0.27129E-01   0.76133E-01     -15.79
    8     93.51   -0.06124  0.16976E+00   0.27229E-01   0.74153E-01     -16.04
    9     93.98   -0.06939  0.16777E+00   0.27327E-01   0.72203E-01     -16.29
   10     94.45   -0.07754  0.16581E+00   0.27423E-01   0.70286E-01     -16.54
   11     94.92   -0.08569  0.16389E+00   0.27516E-01   0.68399E-01     -16.79
   12     95.38   -0.09382  0.16201E+00   0.27607E-01   0.66545E-01     -17.04
   13     95.85   -0.10195  0.16016E+00   0.27694E-01   0.64722E-01     -17.29
   14     96.32   -0.11008  0.15834E+00   0.27777E-01   0.62930E-01     -17.54
   15     96.79   -0.11820  0.15656E+00   0.27856E-01   0.61170E-01     -17.79
   16     97.26   -0.12631  0.15481E+00   0.27931E-01   0.59442E-01     -18.04
   17     97.72   -0.13441  0.15310E+00   0.28000E-01   0.57745E-01     -18.29
   18     98.19   -0.14250  0.15141E+00   0.28063E-01   0.56079E-01     -18.53
   19     98.66   -0.15058  0.14976E+00   0.28119E-01   0.54444E-01     -18.78
   20     99.13   -0.15865  0.14814E+00   0.28168E-01   0.52840E-01     -19.01
   21     99.60   -0.16671  0.14655E+00   0.28210E-01   0.51266E-01     -19.25
   22    100.07   -0.17477  0.14499E+00   0.28243E-01   0.49722E-01     -19.48
   23    100.53   -0.18280  0.14345E+00   0.28268E-01   0.48209E-01     -19.71
   24    101.00   -0.19083  0.14195E+00   0.28284E-01   0.46725E-01     -19.93
   25    101.47   -0.19885  0.14047E+00   0.28290E-01   0.45269E-01     -20.14
   26    101.94   -0.20685  0.13901E+00   0.28288E-01   0.43843E-01     -20.35
   27    102.41   -0.21483  0.13758E+00   0.28276E-01   0.42444E-01     -20.55
   28    102.87   -0.22281  0.13618E+00   0.28255E-01   0.41073E-01     -20.75
   29    103.34   -0.23076  0.13480E+00   0.28226E-01   0.39729E-01     -20.94
   30    103.81   -0.23871  0.13344E+00   0.28188E-01   0.38412E-01     -21.12
   31    104.28   -0.24663  0.13210E+00   0.28143E-01   0.37120E-01     -21.30
   32    104.75   -0.25454  0.13078E+00   0.28090E-01   0.35853E-01     -21.48
   33    105.21   -0.26243  0.12949E+00   0.28032E-01   0.34611E-01     -21.65
   34    105.68   -0.27031  0.12822E+00   0.27968E-01   0.33393E-01     -21.81
   35    106.15   -0.27817  0.12697E+00   0.27900E-01   0.32198E-01     -21.97
   36    106.62   -0.28601  0.12574E+00   0.27828E-01   0.31027E-01     -22.13
   37    107.09   -0.29383  0.12453E+00   0.27753E-01   0.29878E-01     -22.29
   38    107.56   -0.30163  0.12334E+00   0.27677E-01   0.28750E-01     -22.44
   39    108.02   -0.30941  0.12218E+00   0.27601E-01   0.27644E-01     -22.59
   40    108.49   -0.31716  0.12104E+00   0.27525E-01   0.26559E-01     -22.74
   41    108.96   -0.32490  0.11992E+00   0.27450E-01   0.25494E-01     -22.89
   42    109.43   -0.33262  0.11882E+00   0.27377E-01   0.24449E-01     -23.04
   43    109.90   -0.34031  0.11775E+00   0.27307E-01   0.23423E-01     -23.19
   44    110.36   -0.34798  0.11670E+00   0.27240E-01   0.22417E-01     -23.34
   45    110.83   -0.35563  0.11567E+00   0.27176E-01   0.21429E-01     -23.49
   46    111.30   -0.36326  0.11467E+00   0.27116E-01   0.20459E-01     -23.65
   47    111.77   -0.37086  0.11369E+00   0.27061E-01   0.19508E-01     -23.80
   48    112.24   -0.37843  0.11273E+00   0.27009E-01   0.18575E-01     -23.96
   49    112.70   -0.38598  0.11180E+00   0.26961E-01   0.17658E-01     -24.12
   50    113.17   -0.39351  0.11089E+00   0.26918E-01   0.16760E-01     -24.27
   51    113.64   -0.40101  0.11001E+00   0.26877E-01   0.15878E-01     -24.43
   52    114.11   -0.40848  0.10915E+00   0.26839E-01   0.15013E-01     -24.59
   53    114.58   -0.41592  0.10830E+00   0.26804E-01   0.14165E-01     -24.75
   54    115.05   -0.42334  0.10749E+00   0.26771E-01   0.13333E-01     -24.91
   55    115.51   -0.43073  0.10669E+00   0.26738E-01   0.12517E-01     -25.06
   56    115.98   -0.43809  0.10591E+00   0.26707E-01   0.11718E-01     -25.22
   57    116.45   -0.44542  0.10516E+00   0.26675E-01   0.10934E-01     -25.37
   58    116.92   -0.45272  0.10442E+00   0.26642E-01   0.10166E-01     -25.51
   59    117.39   -0.45999  0.10370E+00   0.26608E-01   0.94140E-02     -25.66
   60    117.85   -0.46723  0.10300E+00   0.26572E-01   0.86772E-02     -25.80
   61    118.32   -0.47443  0.10232E+00   0.26534E-01   0.79558E-02     -25.93
   62    118.79   -0.48161  0.10166E+00   0.26493E-01   0.72495E-02     -26.06
   63    119.26   -0.48875  0.10101E+00   0.26448E-01   0.65582E-02     -26.18
   64    119.73   -0.49587  0.10038E+00   0.26400E-01   0.58818E-02     -26.30
   65    120.20   -0.50294  0.99769E-01   0.26348E-01   0.52202E-02     -26.41
   66    120.66   -0.50999  0.99172E-01   0.26292E-01   0.45730E-02     -26.51
   67    121.13   -0.51700  0.98591E-01   0.26233E-01   0.39403E-02     -26.61
   68    121.60   -0.52398  0.98026E-01   0.26170E-01   0.33217E-02     -26.70
   69    122.07   -0.53092  0.97477E-01   0.26103E-01   0.27171E-02     -26.78
   70    122.54   -0.53783  0.96943E-01   0.26032E-01   0.21263E-02     -26.85
   71    123.00   -0.54470  0.96425E-01   0.25959E-01   0.15490E-02     -26.92
   72    123.47   -0.55153  0.95923E-01   0.25882E-01   0.98492E-03     -26.98
   73    123.94   -0.55833  0.95436E-01   0.25803E-01   0.43386E-03     -27.04
   74    124.41   -0.56509  0.94965E-01   0.25720E-01  -0.10452E-03     -27.08
   75    124.88   -0.57181  0.94508E-01   0.25636E-01  -0.63057E-03     -27.13
   76    125.34   -0.57849  0.94067E-01   0.25549E-01  -0.11447E-02     -27.16
   77    125.81   -0.58514  0.93641E-01   0.25460E-01  -0.16472E-02     -27.19
   78    126.28   -0.59174  0.93230E-01   0.25369E-01  -0.21387E-02     -27.21
   79    126.75   -0.59831  0.92833E-01   0.25276E-01  -0.26195E-02     -27.23
   80    127.22   -0.60484  0.92450E-01   0.25180E-01  -0.30902E-02     -27.24
   81    127.69   -0.61132  0.92080E-01   0.25081E-01  -0.35515E-02     -27.24
   82    128.15   -0.61777  0.91723E-01   0.24980E-01  -0.40038E-02     -27.23
   83    128.62   -0.62417  0.91379E-01   0.24875E-01  -0.44479E-02     -27.22
   84    129.09   -0.63054  0.91046E-01   0.24766E-01  -0.48844E-02     -27.20
   85    129.56   -0.63686  0.90724E-01   0.24653E-01  -0.53140E-02     -27.17
   86    130.03   -0.64313  0.90413E-01   0.24534E-01  -0.57375E-02     -27.14
   87    130.49   -0.64937  0.90111E-01   0.24410E-01  -0.61556E-02     -27.09
   88    130.96   -0.65556  0.89819E-01   0.24278E-01  -0.65691E-02     -27.03
   89    131.43   -0.66171  0.89535E-01   0.24140E-01  -0.69788E-02     -26.96
   90    131.90   -0.66781  0.89261E-01   0.23993E-01  -0.73854E-02     -26.88
   91    132.37   -0.67387  0.88995E-01   0.23838E-01  -0.77897E-02     -26.79
   92    132.83   -0.67989  0.88738E-01   0.23674E-01  -0.81924E-02     -26.68
   93    133.30   -0.68586  0.88491E-01   0.23499E-01  -0.85941E-02     -26.56
   94    133.77   -0.69178  0.88254E-01   0.23315E-01  -0.89954E-02     -26.42
   95    134.24   -0.69766  0.88030E-01   0.23121E-01  -0.93970E-02     -26.26
   96    134.71   -0.70349  0.87820E-01   0.22916E-01  -0.97992E-02     -26.09
   97    135.18   -0.70927  0.87626E-01   0.22702E-01  -0.10202E-01     -25.91
   98    135.64   -0.71501  0.87453E-01   0.22478E-01  -0.10607E-01     -25.70
   99    136.11   -0.72069  0.87303E-01   0.22246E-01  -0.11012E-01     -25.48
  100    136.58   -0.72633  0.87181E-01   0.22006E-01  -0.11419E-01     -25.24
  101    137.05   -0.73193  0.87094E-01   0.21761E-01  -0.11827E-01     -24.99
  102    137.52   -0.73747  0.87046E-01   0.21512E-01  -0.12236E-01     -24.71
  103    137.98   -0.74296  0.87045E-01   0.21261E-01  -0.12645E-01     -24.43
  104    138.45   -0.74841  0.87099E-01   0.21011E-01  -0.13053E-01     -24.12
  105    138.92   -0.75380  0.87216E-01   0.20766E-01  -0.13460E-01     -23.81
  106    139.39   -0.75914  0.87407E-01   0.20529E-01  -0.13864E-01     -23.49
  107    139.86   -0.76444  0.87681E-01   0.20305E-01  -0.14264E-01     -23.16
  108    140.33   -0.76968  0.88050E-01   0.20097E-01  -0.14659E-01     -22.82
  109    140.79   -0.77487  0.88525E-01   0.19911E-01  -0.15046E-01     -22.49
  110    141.26   -0.78001  0.89120E-01   0.19752E-01  -0.15423E-01     -22.16
  111    141.73   -0.78509  0.89846E-01   0.19627E-01  -0.15789E-01     -21.85
  112    142.20   -0.79013  0.90718E-01   0.19542E-01  -0.16140E-01     -21.54
  113    142.67   -0.79511  0.91748E-01   0.19503E-01  -0.16475E-01     -21.26
  114    143.13   -0.80004  0.92951E-01   0.19517E-01  -0.16788E-01     -21.00
  115    143.60   -0.80491  0.94338E-01   0.19592E-01  -0.17078E-01     -20.77
  116    144.07   -0.80974  0.95924E-01   0.19735E-01  -0.17340E-01     -20.57
  117    144.54   -0.81450  0.97718E-01   0.19952E-01  -0.17569E-01     -20.42
  118    145.01   -0.81922  0.99733E-01   0.20253E-01  -0.17762E-01     -20.31
  119    145.47   -0.82387  0.10198E+00   0.20642E-01  -0.17913E-01     -20.24
  120    145.94   -0.82848  0.10445E+00   0.21127E-01  -0.18017E-01     -20.23
  121    146.41   -0.83303  0.10717E+00   0.21714E-01  -0.18068E-01     -20.26
  122    146.88   -0.83752  0.11014E+00   0.22409E-01  -0.18058E-01     -20.35
  123    147.35   -0.84195  0.11334E+00   0.23215E-01  -0.17982E-01     -20.48
  124    147.82   -0.84634  0.11678E+00   0.24136E-01  -0.17831E-01     -20.67
  125    148.28   -0.85066  0.12045E+00   0.25175E-01  -0.17597E-01     -20.90
  126    148.75   -0.85493  0.12434E+00   0.26333E-01  -0.17271E-01     -21.18
  127    149.22   -0.85914  0.12843E+00   0.27609E-01  -0.16845E-01     -21.50
  128    149.69   -0.86329  0.13270E+00   0.29001E-01  -0.16309E-01     -21.85
  129    150.16   -0.86738  0.13713E+00   0.30506E-01  -0.15652E-01     -22.25
  130    150.62   -0.87142  0.14168E+00   0.32118E-01  -0.14866E-01     -22.67
  131    151.09   -0.87540  0.14633E+00   0.33830E-01  -0.13940E-01     -23.12
  132    151.56   -0.87932  0.15104E+00   0.35634E-01  -0.12865E-01     -23.59
  133    152.03   -0.88318  0.15577E+00   0.37518E-01  -0.11633E-01     -24.09
  134    152.50   -0.88698  0.16046E+00   0.39472E-01  -0.10236E-01     -24.60
  135    152.96   -0.89073  0.16509E+00   0.41482E-01  -0.86679E-02     -25.13
  136    153.43   -0.89441  0.16959E+00   0.43534E-01  -0.69263E-02     -25.67
  137    153.90   -0.89804  0.17393E+00   0.45613E-01  -0.50105E-02     -26.23
  138    154.37   -0.90160  0.17805E+00   0.47704E-01  -0.29236E-02     -26.79
  139    154.84   -0.90510  0.18192E+00   0.49791E-01  -0.67336E-03     -27.37
  140    155.31   -0.90855  0.18548E+00   0.51858E-01   0.17270E-02     -27.96
  141    155.77   -0.91193  0.18871E+00   0.53891E-01   0.42580E-02     -28.56
  142    156.24   -0.91525  0.19157E+00   0.55877E-01   0.68930E-02     -29.17
  143    156.71   -0.91851  0.19405E+00   0.57801E-01   0.95968E-02     -29.79
  144    157.18   -0.92171  0.19612E+00   0.59654E-01   0.12325E-01     -30.42
  145    157.65   -0.92485  0.19779E+00   0.61426E-01   0.15024E-01     -31.06
  146    158.11   -0.92793  0.19906E+00   0.63110E-01   0.17628E-01     -31.70
  147    158.58   -0.93094  0.19997E+00   0.64699E-01   0.20060E-01     -32.35
  148    159.05   -0.93390  0.20055E+00   0.66192E-01   0.22230E-01     -33.01
  149    159.52   -0.93679  0.20085E+00   0.67585E-01   0.24038E-01     -33.65
  150    159.99   -0.93961  0.20094E+00   0.68879E-01   0.25369E-01     -34.28
  151    160.46   -0.94238  0.20091E+00   0.70076E-01   0.26096E-01     -34.88
  152    160.92   -0.94508  0.20086E+00   0.71177E-01   0.26080E-01     -35.44
  153    161.39   -0.94772  0.20091E+00   0.72185E-01   0.25173E-01     -35.93
  154    161.86   -0.95030  0.20119E+00   0.73103E-01   0.23215E-01     -36.34
  155    162.33   -0.95281  0.20185E+00   0.73932E-01   0.20040E-01     -36.63
  156    162.80   -0.95526  0.20306E+00   0.74672E-01   0.15473E-01     -36.77
  157    163.26   -0.95764  0.20498E+00   0.75323E-01   0.93381E-02     -36.75
  158    163.73   -0.95996  0.20781E+00   0.75881E-01   0.14586E-02     -36.51
  159    164.20   -0.96222  0.21173E+00   0.76340E-01  -0.83404E-02     -36.06
  160    164.67   -0.96441  0.21694E+00   0.76690E-01  -0.20227E-01     -35.35
  161    165.14   -0.96654  0.22362E+00   0.76920E-01  -0.34361E-01     -34.40
  162    165.60   -0.96860  0.23199E+00   0.77015E-01  -0.50887E-01     -33.20
  163    166.07   -0.97060  0.24222E+00   0.76956E-01  -0.69930E-01     -31.77
  164    166.54   -0.97254  0.25450E+00   0.76725E-01  -0.91598E-01     -30.15
  165    167.01   -0.97440  0.26897E+00   0.76298E-01  -0.11597E+00     -28.37
  166    167.48   -0.97621  0.28580E+00   0.75654E-01  -0.14309E+00     -26.47
  167    167.95   -0.97795  0.30509E+00   0.74768E-01  -0.17297E+00     -24.51
  168    168.41   -0.97962  0.32693E+00   0.73621E-01  -0.20561E+00     -22.52
  169    168.88   -0.98123  0.35138E+00   0.72190E-01  -0.24092E+00     -20.54
  170    169.35   -0.98277  0.37846E+00   0.70460E-01  -0.27882E+00     -18.62
  171    169.82   -0.98425  0.40815E+00   0.68418E-01  -0.31915E+00     -16.76
  172    170.29   -0.98566  0.44036E+00   0.66056E-01  -0.36173E+00     -15.00
  173    170.75   -0.98701  0.47498E+00   0.63374E-01  -0.40632E+00     -13.34
  174    171.22   -0.98829  0.51183E+00   0.60377E-01  -0.45264E+00     -11.80
  175    171.69   -0.98950  0.55070E+00   0.57080E-01  -0.50037E+00     -10.36
  176    172.16   -0.99065  0.59129E+00   0.53504E-01  -0.54916E+00      -9.05
  177    172.63   -0.99173  0.63329E+00   0.49679E-01  -0.59861E+00      -7.84
  178    173.09   -0.99275  0.67630E+00   0.45645E-01  -0.64829E+00      -6.75
  179    173.56   -0.99370  0.71991E+00   0.41446E-01  -0.69776E+00      -5.76
  180    174.03   -0.99458  0.76364E+00   0.37137E-01  -0.74655E+00      -4.86
  181    174.50   -0.99539  0.80700E+00   0.32777E-01  -0.79417E+00      -4.06
  182    174.97   -0.99614  0.84946E+00   0.28430E-01  -0.84013E+00      -3.35
  183    175.44   -0.99683  0.89048E+00   0.24163E-01  -0.88395E+00      -2.71
  184    175.90   -0.99744  0.92951E+00   0.20047E-01  -0.92514E+00      -2.16
  185    176.37   -0.99799  0.96602E+00   0.16151E-01  -0.96325E+00      -1.67
  186    176.84   -0.99848  0.99947E+00   0.12544E-01  -0.99784E+00      -1.26
  187    177.31   -0.99890  0.10294E+01   0.92912E-02  -0.10285E+01      -0.90
  188    177.78   -0.99925  0.10553E+01   0.64520E-02  -0.10549E+01      -0.61
  189    178.24   -0.99953  0.10768E+01   0.40802E-02  -0.10767E+01      -0.38
  190    178.71   -0.99975  0.10936E+01   0.22211E-02  -0.10936E+01      -0.20
  191    179.18   -0.99990  0.11055E+01   0.91043E-03  -0.11054E+01      -0.08
  192    179.64   -0.99998  0.11121E+01   0.17350E-03  -0.11121E+01      -0.02
  193    180.00   -1.00000  0.11136E+01   0.00000E+00  -0.11136E+01      -0.00

