 alpha final =    508.00000000000000     

     granulo :  rn =  1.0  rm = 0.15  ln sig =  0.290  pour r <  50. mic.
     ======================================================================

                    longueur d onde :  0.630 microns
                    ================================

     indice reel :   1.45000     indice imaginaire : -0.35000E-02


                    nombre de particules :  0.10000E+01

       Sections d extinction et de diffusion ramenees a une particule :
       ----------------------------------------------------------------
     extinction :  0.99717E-01 mic**2     diffusion :  0.97545E-01 mic**2

            Pizero : 0.978209                 g.assymetrie : 0.63772

 ------------------------------------------------------------------------------
   j      theta       mu         i             q             u         -q/i*100
 ------------------------------------------------------------------------------
 -193      0.00    1.00000  0.66460E+01   0.00000E+00   0.66460E+01      -0.00
 -192      0.36    0.99998  0.66455E+01  -0.59785E-04   0.66455E+01       0.00
 -191      0.82    0.99990  0.66434E+01  -0.31491E-03   0.66434E+01       0.00
 -190      1.29    0.99975  0.66395E+01  -0.77348E-03   0.66395E+01       0.01
 -189      1.76    0.99953  0.66339E+01  -0.14349E-02   0.66339E+01       0.02
 -188      2.22    0.99925  0.66266E+01  -0.22983E-02   0.66266E+01       0.03
 -187      2.69    0.99890  0.66176E+01  -0.33622E-02   0.66176E+01       0.05
 -186      3.16    0.99848  0.66068E+01  -0.46252E-02   0.66068E+01       0.07
 -185      3.63    0.99799  0.65944E+01  -0.60853E-02   0.65944E+01       0.09
 -184      4.10    0.99744  0.65804E+01  -0.77403E-02   0.65804E+01       0.12
 -183      4.56    0.99683  0.65646E+01  -0.95878E-02   0.65646E+01       0.15
 -182      5.03    0.99614  0.65472E+01  -0.11625E-01   0.65472E+01       0.18
 -181      5.50    0.99539  0.65282E+01  -0.13849E-01   0.65282E+01       0.21
 -180      5.97    0.99458  0.65076E+01  -0.16256E-01   0.65076E+01       0.25
 -179      6.44    0.99370  0.64854E+01  -0.18844E-01   0.64853E+01       0.29
 -178      6.91    0.99275  0.64616E+01  -0.21607E-01   0.64615E+01       0.33
 -177      7.37    0.99173  0.64362E+01  -0.24542E-01   0.64361E+01       0.38
 -176      7.84    0.99065  0.64093E+01  -0.27645E-01   0.64092E+01       0.43
 -175      8.31    0.98950  0.63809E+01  -0.30911E-01   0.63808E+01       0.48
 -174      8.78    0.98829  0.63510E+01  -0.34336E-01   0.63509E+01       0.54
 -173      9.25    0.98701  0.63197E+01  -0.37914E-01   0.63195E+01       0.60
 -172      9.71    0.98566  0.62869E+01  -0.41641E-01   0.62867E+01       0.66
 -171     10.18    0.98425  0.62528E+01  -0.45510E-01   0.62525E+01       0.73
 -170     10.65    0.98277  0.62173E+01  -0.49517E-01   0.62169E+01       0.80
 -169     11.12    0.98123  0.61804E+01  -0.53656E-01   0.61800E+01       0.87
 -168     11.59    0.97962  0.61422E+01  -0.57921E-01   0.61417E+01       0.94
 -167     12.05    0.97795  0.61028E+01  -0.62306E-01   0.61022E+01       1.02
 -166     12.52    0.97621  0.60621E+01  -0.66805E-01   0.60614E+01       1.10
 -165     12.99    0.97440  0.60203E+01  -0.71412E-01   0.60194E+01       1.19
 -164     13.46    0.97254  0.59772E+01  -0.76120E-01   0.59763E+01       1.27
 -163     13.93    0.97060  0.59330E+01  -0.80924E-01   0.59320E+01       1.36
 -162     14.40    0.96860  0.58878E+01  -0.85815E-01   0.58866E+01       1.46
 -161     14.86    0.96654  0.58414E+01  -0.90789E-01   0.58401E+01       1.55
 -160     15.33    0.96441  0.57941E+01  -0.95838E-01   0.57926E+01       1.65
 -159     15.80    0.96222  0.57457E+01  -0.10096E+00   0.57440E+01       1.76
 -158     16.27    0.95996  0.56965E+01  -0.10613E+00   0.56946E+01       1.86
 -157     16.74    0.95764  0.56463E+01  -0.11137E+00   0.56442E+01       1.97
 -156     17.20    0.95526  0.55952E+01  -0.11665E+00   0.55929E+01       2.08
 -155     17.67    0.95281  0.55433E+01  -0.12198E+00   0.55407E+01       2.20
 -154     18.14    0.95030  0.54907E+01  -0.12734E+00   0.54878E+01       2.32
 -153     18.61    0.94772  0.54372E+01  -0.13272E+00   0.54341E+01       2.44
 -152     19.08    0.94508  0.53831E+01  -0.13813E+00   0.53797E+01       2.57
 -151     19.54    0.94238  0.53283E+01  -0.14356E+00   0.53246E+01       2.69
 -150     20.01    0.93961  0.52729E+01  -0.14899E+00   0.52688E+01       2.83
 -149     20.48    0.93679  0.52169E+01  -0.15443E+00   0.52124E+01       2.96
 -148     20.95    0.93390  0.51603E+01  -0.15986E+00   0.51555E+01       3.10
 -147     21.42    0.93094  0.51032E+01  -0.16528E+00   0.50980E+01       3.24
 -146     21.89    0.92793  0.50456E+01  -0.17068E+00   0.50400E+01       3.38
 -145     22.35    0.92485  0.49876E+01  -0.17606E+00   0.49816E+01       3.53
 -144     22.82    0.92171  0.49292E+01  -0.18141E+00   0.49228E+01       3.68
 -143     23.29    0.91851  0.48705E+01  -0.18673E+00   0.48635E+01       3.83
 -142     23.76    0.91525  0.48114E+01  -0.19200E+00   0.48040E+01       3.99
 -141     24.23    0.91193  0.47521E+01  -0.19723E+00   0.47441E+01       4.15
 -140     24.69    0.90855  0.46925E+01  -0.20241E+00   0.46840E+01       4.31
 -139     25.16    0.90510  0.46327E+01  -0.20753E+00   0.46236E+01       4.48
 -138     25.63    0.90160  0.45727E+01  -0.21259E+00   0.45630E+01       4.65
 -137     26.10    0.89804  0.45125E+01  -0.21758E+00   0.45023E+01       4.82
 -136     26.57    0.89441  0.44523E+01  -0.22250E+00   0.44415E+01       5.00
 -135     27.04    0.89073  0.43920E+01  -0.22734E+00   0.43805E+01       5.18
 -134     27.50    0.88698  0.43317E+01  -0.23210E+00   0.43195E+01       5.36
 -133     27.97    0.88318  0.42713E+01  -0.23678E+00   0.42585E+01       5.54
 -132     28.44    0.87932  0.42110E+01  -0.24136E+00   0.41974E+01       5.73
 -131     28.91    0.87540  0.41507E+01  -0.24585E+00   0.41364E+01       5.92
 -130     29.38    0.87142  0.40905E+01  -0.25025E+00   0.40755E+01       6.12
 -129     29.84    0.86738  0.40305E+01  -0.25454E+00   0.40147E+01       6.32
 -128     30.31    0.86329  0.39705E+01  -0.25873E+00   0.39540E+01       6.52
 -127     30.78    0.85914  0.39108E+01  -0.26282E+00   0.38934E+01       6.72
 -126     31.25    0.85493  0.38512E+01  -0.26679E+00   0.38330E+01       6.93
 -125     31.72    0.85066  0.37919E+01  -0.27065E+00   0.37729E+01       7.14
 -124     32.18    0.84634  0.37328E+01  -0.27439E+00   0.37130E+01       7.35
 -123     32.65    0.84195  0.36741E+01  -0.27802E+00   0.36533E+01       7.57
 -122     33.12    0.83752  0.36156E+01  -0.28153E+00   0.35939E+01       7.79
 -121     33.59    0.83303  0.35574E+01  -0.28491E+00   0.35348E+01       8.01
 -120     34.06    0.82848  0.34996E+01  -0.28817E+00   0.34760E+01       8.23
 -119     34.53    0.82387  0.34421E+01  -0.29130E+00   0.34176E+01       8.46
 -118     34.99    0.81922  0.33850E+01  -0.29431E+00   0.33596E+01       8.69
 -117     35.46    0.81450  0.33284E+01  -0.29719E+00   0.33020E+01       8.93
 -116     35.93    0.80974  0.32721E+01  -0.29994E+00   0.32447E+01       9.17
 -115     36.40    0.80491  0.32164E+01  -0.30256E+00   0.31879E+01       9.41
 -114     36.87    0.80004  0.31610E+01  -0.30505E+00   0.31316E+01       9.65
 -113     37.33    0.79511  0.31062E+01  -0.30740E+00   0.30757E+01       9.90
 -112     37.80    0.79013  0.30518E+01  -0.30963E+00   0.30203E+01      10.15
 -111     38.27    0.78509  0.29979E+01  -0.31172E+00   0.29654E+01      10.40
 -110     38.74    0.78001  0.29446E+01  -0.31368E+00   0.29110E+01      10.65
 -109     39.21    0.77487  0.28918E+01  -0.31551E+00   0.28571E+01      10.91
 -108     39.67    0.76968  0.28396E+01  -0.31721E+00   0.28038E+01      11.17
 -107     40.14    0.76444  0.27879E+01  -0.31878E+00   0.27510E+01      11.43
 -106     40.61    0.75914  0.27367E+01  -0.32021E+00   0.26987E+01      11.70
 -105     41.08    0.75380  0.26862E+01  -0.32152E+00   0.26471E+01      11.97
 -104     41.55    0.74841  0.26362E+01  -0.32270E+00   0.25960E+01      12.24
 -103     42.02    0.74296  0.25868E+01  -0.32374E+00   0.25455E+01      12.52
 -102     42.48    0.73747  0.25381E+01  -0.32467E+00   0.24956E+01      12.79
 -101     42.95    0.73193  0.24899E+01  -0.32546E+00   0.24463E+01      13.07
 -100     43.42    0.72633  0.24424E+01  -0.32613E+00   0.23977E+01      13.35
  -99     43.89    0.72069  0.23955E+01  -0.32668E+00   0.23496E+01      13.64
  -98     44.36    0.71501  0.23492E+01  -0.32711E+00   0.23022E+01      13.92
  -97     44.82    0.70927  0.23035E+01  -0.32741E+00   0.22554E+01      14.21
  -96     45.29    0.70349  0.22585E+01  -0.32760E+00   0.22092E+01      14.51
  -95     45.76    0.69766  0.22141E+01  -0.32767E+00   0.21637E+01      14.80
  -94     46.23    0.69178  0.21704E+01  -0.32763E+00   0.21188E+01      15.10
  -93     46.70    0.68586  0.21273E+01  -0.32747E+00   0.20746E+01      15.39
  -92     47.17    0.67989  0.20848E+01  -0.32721E+00   0.20310E+01      15.69
  -91     47.63    0.67387  0.20430E+01  -0.32683E+00   0.19881E+01      16.00
  -90     48.10    0.66781  0.20018E+01  -0.32635E+00   0.19458E+01      16.30
  -89     48.57    0.66171  0.19613E+01  -0.32577E+00   0.19042E+01      16.61
  -88     49.04    0.65556  0.19214E+01  -0.32508E+00   0.18632E+01      16.92
  -87     49.51    0.64937  0.18822E+01  -0.32430E+00   0.18228E+01      17.23
  -86     49.97    0.64313  0.18436E+01  -0.32342E+00   0.17832E+01      17.54
  -85     50.44    0.63686  0.18057E+01  -0.32244E+00   0.17441E+01      17.86
  -84     50.91    0.63054  0.17684E+01  -0.32137E+00   0.17057E+01      18.17
  -83     51.38    0.62417  0.17317E+01  -0.32021E+00   0.16680E+01      18.49
  -82     51.85    0.61777  0.16957E+01  -0.31897E+00   0.16309E+01      18.81
  -81     52.31    0.61132  0.16603E+01  -0.31764E+00   0.15944E+01      19.13
  -80     52.78    0.60484  0.16255E+01  -0.31623E+00   0.15586E+01      19.45
  -79     53.25    0.59831  0.15913E+01  -0.31474E+00   0.15234E+01      19.78
  -78     53.72    0.59174  0.15578E+01  -0.31317E+00   0.14888E+01      20.10
  -77     54.19    0.58514  0.15249E+01  -0.31153E+00   0.14549E+01      20.43
  -76     54.66    0.57849  0.14925E+01  -0.30981E+00   0.14215E+01      20.76
  -75     55.12    0.57181  0.14608E+01  -0.30803E+00   0.13888E+01      21.09
  -74     55.59    0.56509  0.14297E+01  -0.30618E+00   0.13567E+01      21.42
  -73     56.06    0.55833  0.13992E+01  -0.30427E+00   0.13252E+01      21.75
  -72     56.53    0.55153  0.13693E+01  -0.30230E+00   0.12944E+01      22.08
  -71     57.00    0.54470  0.13399E+01  -0.30026E+00   0.12641E+01      22.41
  -70     57.46    0.53783  0.13111E+01  -0.29817E+00   0.12344E+01      22.74
  -69     57.93    0.53092  0.12829E+01  -0.29603E+00   0.12052E+01      23.08
  -68     58.40    0.52398  0.12553E+01  -0.29384E+00   0.11767E+01      23.41
  -67     58.87    0.51700  0.12282E+01  -0.29160E+00   0.11487E+01      23.74
  -66     59.34    0.50999  0.12016E+01  -0.28931E+00   0.11213E+01      24.08
  -65     59.80    0.50294  0.11756E+01  -0.28697E+00   0.10944E+01      24.41
  -64     60.27    0.49587  0.11501E+01  -0.28460E+00   0.10681E+01      24.75
  -63     60.74    0.48875  0.11252E+01  -0.28219E+00   0.10423E+01      25.08
  -62     61.21    0.48161  0.11008E+01  -0.27974E+00   0.10171E+01      25.41
  -61     61.68    0.47443  0.10768E+01  -0.27725E+00   0.99240E+00      25.75
  -60     62.15    0.46723  0.10534E+01  -0.27473E+00   0.96822E+00      26.08
  -59     62.61    0.45999  0.10305E+01  -0.27219E+00   0.94455E+00      26.41
  -58     63.08    0.45272  0.10081E+01  -0.26961E+00   0.92139E+00      26.74
  -57     63.55    0.44542  0.98616E+00  -0.26701E+00   0.89872E+00      27.08
  -56     64.02    0.43809  0.96470E+00  -0.26439E+00   0.87655E+00      27.41
  -55     64.49    0.43073  0.94370E+00  -0.26174E+00   0.85486E+00      27.74
  -54     64.95    0.42334  0.92316E+00  -0.25907E+00   0.83365E+00      28.06
  -53     65.42    0.41592  0.90308E+00  -0.25639E+00   0.81291E+00      28.39
  -52     65.89    0.40848  0.88344E+00  -0.25369E+00   0.79262E+00      28.72
  -51     66.36    0.40101  0.86424E+00  -0.25098E+00   0.77279E+00      29.04
  -50     66.83    0.39351  0.84546E+00  -0.24825E+00   0.75341E+00      29.36
  -49     67.30    0.38598  0.82711E+00  -0.24552E+00   0.73447E+00      29.68
  -48     67.76    0.37843  0.80918E+00  -0.24277E+00   0.71595E+00      30.00
  -47     68.23    0.37086  0.79165E+00  -0.24002E+00   0.69786E+00      30.32
  -46     68.70    0.36326  0.77451E+00  -0.23726E+00   0.68018E+00      30.63
  -45     69.17    0.35563  0.75778E+00  -0.23450E+00   0.66291E+00      30.95
  -44     69.64    0.34798  0.74142E+00  -0.23174E+00   0.64605E+00      31.26
  -43     70.10    0.34031  0.72545E+00  -0.22898E+00   0.62957E+00      31.56
  -42     70.57    0.33262  0.70984E+00  -0.22621E+00   0.61348E+00      31.87
  -41     71.04    0.32490  0.69459E+00  -0.22345E+00   0.59777E+00      32.17
  -40     71.51    0.31716  0.67971E+00  -0.22070E+00   0.58242E+00      32.47
  -39     71.98    0.30941  0.66517E+00  -0.21794E+00   0.56744E+00      32.77
  -38     72.44    0.30163  0.65097E+00  -0.21520E+00   0.55282E+00      33.06
  -37     72.91    0.29383  0.63710E+00  -0.21246E+00   0.53855E+00      33.35
  -36     73.38    0.28601  0.62357E+00  -0.20972E+00   0.52461E+00      33.63
  -35     73.85    0.27817  0.61035E+00  -0.20700E+00   0.51101E+00      33.91
  -34     74.32    0.27031  0.59745E+00  -0.20429E+00   0.49774E+00      34.19
  -33     74.79    0.26243  0.58486E+00  -0.20159E+00   0.48479E+00      34.47
  -32     75.25    0.25454  0.57257E+00  -0.19890E+00   0.47216E+00      34.74
  -31     75.72    0.24663  0.56057E+00  -0.19622E+00   0.45983E+00      35.00
  -30     76.19    0.23871  0.54886E+00  -0.19356E+00   0.44780E+00      35.27
  -29     76.66    0.23076  0.53743E+00  -0.19091E+00   0.43606E+00      35.52
  -28     77.13    0.22281  0.52628E+00  -0.18828E+00   0.42461E+00      35.78
  -27     77.59    0.21483  0.51540E+00  -0.18567E+00   0.41345E+00      36.02
  -26     78.06    0.20685  0.50479E+00  -0.18307E+00   0.40255E+00      36.27
  -25     78.53    0.19885  0.49443E+00  -0.18049E+00   0.39193E+00      36.50
  -24     79.00    0.19083  0.48432E+00  -0.17793E+00   0.38157E+00      36.74
  -23     79.47    0.18280  0.47446E+00  -0.17539E+00   0.37146E+00      36.97
  -22     79.93    0.17477  0.46484E+00  -0.17286E+00   0.36160E+00      37.19
  -21     80.40    0.16671  0.45545E+00  -0.17036E+00   0.35199E+00      37.40
  -20     80.87    0.15865  0.44630E+00  -0.16788E+00   0.34261E+00      37.62
  -19     81.34    0.15058  0.43737E+00  -0.16541E+00   0.33347E+00      37.82
  -18     81.81    0.14250  0.42866E+00  -0.16297E+00   0.32456E+00      38.02
  -17     82.28    0.13441  0.42016E+00  -0.16056E+00   0.31586E+00      38.21
  -16     82.74    0.12631  0.41187E+00  -0.15816E+00   0.30739E+00      38.40
  -15     83.21    0.11820  0.40379E+00  -0.15579E+00   0.29912E+00      38.58
  -14     83.68    0.11008  0.39591E+00  -0.15343E+00   0.29106E+00      38.76
  -13     84.15    0.10195  0.38822E+00  -0.15111E+00   0.28320E+00      38.92
  -12     84.62    0.09382  0.38072E+00  -0.14880E+00   0.27553E+00      39.08
  -11     85.08    0.08569  0.37341E+00  -0.14652E+00   0.26806E+00      39.24
  -10     85.55    0.07754  0.36627E+00  -0.14426E+00   0.26077E+00      39.39
   -9     86.02    0.06939  0.35932E+00  -0.14202E+00   0.25366E+00      39.53
   -8     86.49    0.06124  0.35254E+00  -0.13981E+00   0.24672E+00      39.66
   -7     86.96    0.05308  0.34592E+00  -0.13763E+00   0.23996E+00      39.78
   -6     87.43    0.04492  0.33947E+00  -0.13546E+00   0.23336E+00      39.90
   -5     87.89    0.03676  0.33318E+00  -0.13332E+00   0.22693E+00      40.01
   -4     88.36    0.02859  0.32705E+00  -0.13121E+00   0.22065E+00      40.12
   -3     88.83    0.02043  0.32107E+00  -0.12912E+00   0.21453E+00      40.21
   -2     89.30    0.01226  0.31524E+00  -0.12705E+00   0.20856E+00      40.30
   -1     89.77    0.00409  0.30955E+00  -0.12500E+00   0.20273E+00      40.38
    0     90.00    0.00000  0.30676E+00  -0.12399E+00   0.19987E+00      40.42
    1     90.23   -0.00409  0.30400E+00  -0.12298E+00   0.19704E+00      40.45
    2     90.70   -0.01226  0.29860E+00  -0.12099E+00   0.19150E+00      40.52
    3     91.17   -0.02043  0.29332E+00  -0.11902E+00   0.18608E+00      40.58
    4     91.64   -0.02859  0.28818E+00  -0.11707E+00   0.18080E+00      40.62
    5     92.11   -0.03676  0.28317E+00  -0.11514E+00   0.17564E+00      40.66
    6     92.57   -0.04492  0.27828E+00  -0.11324E+00   0.17060E+00      40.69
    7     93.04   -0.05308  0.27352E+00  -0.11136E+00   0.16568E+00      40.72
    8     93.51   -0.06124  0.26887E+00  -0.10951E+00   0.16088E+00      40.73
    9     93.98   -0.06939  0.26434E+00  -0.10768E+00   0.15619E+00      40.73
   10     94.45   -0.07754  0.25992E+00  -0.10587E+00   0.15161E+00      40.73
   11     94.92   -0.08569  0.25561E+00  -0.10408E+00   0.14714E+00      40.72
   12     95.38   -0.09382  0.25141E+00  -0.10232E+00   0.14277E+00      40.70
   13     95.85   -0.10195  0.24732E+00  -0.10057E+00   0.13849E+00      40.67
   14     96.32   -0.11008  0.24333E+00  -0.98853E-01   0.13432E+00      40.63
   15     96.79   -0.11820  0.23943E+00  -0.97154E-01   0.13024E+00      40.58
   16     97.26   -0.12631  0.23564E+00  -0.95477E-01   0.12624E+00      40.52
   17     97.72   -0.13441  0.23194E+00  -0.93821E-01   0.12234E+00      40.45
   18     98.19   -0.14250  0.22833E+00  -0.92186E-01   0.11852E+00      40.37
   19     98.66   -0.15058  0.22482E+00  -0.90572E-01   0.11479E+00      40.29
   20     99.13   -0.15865  0.22139E+00  -0.88978E-01   0.11113E+00      40.19
   21     99.60   -0.16671  0.21805E+00  -0.87405E-01   0.10755E+00      40.09
   22    100.07   -0.17477  0.21479E+00  -0.85851E-01   0.10405E+00      39.97
   23    100.53   -0.18280  0.21161E+00  -0.84317E-01   0.10061E+00      39.84
   24    101.00   -0.19083  0.20852E+00  -0.82803E-01   0.97253E-01      39.71
   25    101.47   -0.19885  0.20550E+00  -0.81307E-01   0.93959E-01      39.57
   26    101.94   -0.20685  0.20256E+00  -0.79831E-01   0.90731E-01      39.41
   27    102.41   -0.21483  0.19969E+00  -0.78373E-01   0.87566E-01      39.25
   28    102.87   -0.22281  0.19690E+00  -0.76933E-01   0.84462E-01      39.07
   29    103.34   -0.23076  0.19418E+00  -0.75512E-01   0.81417E-01      38.89
   30    103.81   -0.23871  0.19153E+00  -0.74108E-01   0.78429E-01      38.69
   31    104.28   -0.24663  0.18894E+00  -0.72722E-01   0.75496E-01      38.49
   32    104.75   -0.25454  0.18642E+00  -0.71353E-01   0.72616E-01      38.27
   33    105.21   -0.26243  0.18397E+00  -0.70001E-01   0.69788E-01      38.05
   34    105.68   -0.27031  0.18158E+00  -0.68665E-01   0.67008E-01      37.82
   35    106.15   -0.27817  0.17925E+00  -0.67346E-01   0.64277E-01      37.57
   36    106.62   -0.28601  0.17698E+00  -0.66043E-01   0.61591E-01      37.32
   37    107.09   -0.29383  0.17478E+00  -0.64756E-01   0.58949E-01      37.05
   38    107.56   -0.30163  0.17263E+00  -0.63484E-01   0.56350E-01      36.78
   39    108.02   -0.30941  0.17053E+00  -0.62228E-01   0.53792E-01      36.49
   40    108.49   -0.31716  0.16850E+00  -0.60987E-01   0.51273E-01      36.19
   41    108.96   -0.32490  0.16651E+00  -0.59761E-01   0.48792E-01      35.89
   42    109.43   -0.33262  0.16458E+00  -0.58549E-01   0.46347E-01      35.57
   43    109.90   -0.34031  0.16271E+00  -0.57352E-01   0.43937E-01      35.25
   44    110.36   -0.34798  0.16088E+00  -0.56169E-01   0.41561E-01      34.91
   45    110.83   -0.35563  0.15910E+00  -0.54999E-01   0.39216E-01      34.57
   46    111.30   -0.36326  0.15738E+00  -0.53843E-01   0.36903E-01      34.21
   47    111.77   -0.37086  0.15570E+00  -0.52701E-01   0.34619E-01      33.85
   48    112.24   -0.37843  0.15406E+00  -0.51572E-01   0.32363E-01      33.47
   49    112.70   -0.38598  0.15248E+00  -0.50456E-01   0.30135E-01      33.09
   50    113.17   -0.39351  0.15094E+00  -0.49353E-01   0.27932E-01      32.70
   51    113.64   -0.40101  0.14944E+00  -0.48262E-01   0.25754E-01      32.29
   52    114.11   -0.40848  0.14799E+00  -0.47183E-01   0.23600E-01      31.88
   53    114.58   -0.41592  0.14658E+00  -0.46117E-01   0.21468E-01      31.46
   54    115.05   -0.42334  0.14521E+00  -0.45063E-01   0.19358E-01      31.03
   55    115.51   -0.43073  0.14389E+00  -0.44021E-01   0.17269E-01      30.59
   56    115.98   -0.43809  0.14260E+00  -0.42991E-01   0.15199E-01      30.15
   57    116.45   -0.44542  0.14136E+00  -0.41972E-01   0.13148E-01      29.69
   58    116.92   -0.45272  0.14015E+00  -0.40964E-01   0.11114E-01      29.23
   59    117.39   -0.45999  0.13898E+00  -0.39968E-01   0.90979E-02      28.76
   60    117.85   -0.46723  0.13786E+00  -0.38983E-01   0.70975E-02      28.28
   61    118.32   -0.47443  0.13677E+00  -0.38009E-01   0.51123E-02      27.79
   62    118.79   -0.48161  0.13571E+00  -0.37046E-01   0.31416E-02      27.30
   63    119.26   -0.48875  0.13469E+00  -0.36094E-01   0.11847E-02      26.80
   64    119.73   -0.49587  0.13371E+00  -0.35153E-01  -0.75928E-03      26.29
   65    120.20   -0.50294  0.13277E+00  -0.34222E-01  -0.26909E-02      25.78
   66    120.66   -0.50999  0.13185E+00  -0.33302E-01  -0.46109E-02      25.26
   67    121.13   -0.51700  0.13098E+00  -0.32392E-01  -0.65199E-02      24.73
   68    121.60   -0.52398  0.13013E+00  -0.31492E-01  -0.84184E-02      24.20
   69    122.07   -0.53092  0.12932E+00  -0.30603E-01  -0.10307E-01      23.66
   70    122.54   -0.53783  0.12855E+00  -0.29725E-01  -0.12187E-01      23.12
   71    123.00   -0.54470  0.12780E+00  -0.28856E-01  -0.14057E-01      22.58
   72    123.47   -0.55153  0.12709E+00  -0.27998E-01  -0.15920E-01      22.03
   73    123.94   -0.55833  0.12641E+00  -0.27150E-01  -0.17775E-01      21.48
   74    124.41   -0.56509  0.12576E+00  -0.26312E-01  -0.19622E-01      20.92
   75    124.88   -0.57181  0.12515E+00  -0.25484E-01  -0.21463E-01      20.36
   76    125.34   -0.57849  0.12456E+00  -0.24667E-01  -0.23297E-01      19.80
   77    125.81   -0.58514  0.12400E+00  -0.23860E-01  -0.25125E-01      19.24
   78    126.28   -0.59174  0.12348E+00  -0.23062E-01  -0.26947E-01      18.68
   79    126.75   -0.59831  0.12298E+00  -0.22276E-01  -0.28764E-01      18.11
   80    127.22   -0.60484  0.12252E+00  -0.21499E-01  -0.30576E-01      17.55
   81    127.69   -0.61132  0.12208E+00  -0.20732E-01  -0.32383E-01      16.98
   82    128.15   -0.61777  0.12167E+00  -0.19976E-01  -0.34185E-01      16.42
   83    128.62   -0.62417  0.12129E+00  -0.19231E-01  -0.35983E-01      15.86
   84    129.09   -0.63054  0.12094E+00  -0.18495E-01  -0.37777E-01      15.29
   85    129.56   -0.63686  0.12062E+00  -0.17771E-01  -0.39567E-01      14.73
   86    130.03   -0.64313  0.12032E+00  -0.17056E-01  -0.41353E-01      14.18
   87    130.49   -0.64937  0.12005E+00  -0.16353E-01  -0.43135E-01      13.62
   88    130.96   -0.65556  0.11981E+00  -0.15660E-01  -0.44914E-01      13.07
   89    131.43   -0.66171  0.11960E+00  -0.14978E-01  -0.46690E-01      12.52
   90    131.90   -0.66781  0.11941E+00  -0.14306E-01  -0.48462E-01      11.98
   91    132.37   -0.67387  0.11925E+00  -0.13646E-01  -0.50231E-01      11.44
   92    132.83   -0.67989  0.11912E+00  -0.12997E-01  -0.51996E-01      10.91
   93    133.30   -0.68586  0.11901E+00  -0.12358E-01  -0.53759E-01      10.38
   94    133.77   -0.69178  0.11893E+00  -0.11731E-01  -0.55518E-01       9.86
   95    134.24   -0.69766  0.11888E+00  -0.11116E-01  -0.57274E-01       9.35
   96    134.71   -0.70349  0.11885E+00  -0.10511E-01  -0.59027E-01       8.84
   97    135.18   -0.70927  0.11884E+00  -0.99187E-02  -0.60776E-01       8.35
   98    135.64   -0.71501  0.11886E+00  -0.93377E-02  -0.62523E-01       7.86
   99    136.11   -0.72069  0.11891E+00  -0.87684E-02  -0.64265E-01       7.37
  100    136.58   -0.72633  0.11897E+00  -0.82110E-02  -0.66004E-01       6.90
  101    137.05   -0.73193  0.11907E+00  -0.76655E-02  -0.67739E-01       6.44
  102    137.52   -0.73747  0.11919E+00  -0.71321E-02  -0.69470E-01       5.98
  103    137.98   -0.74296  0.11933E+00  -0.66110E-02  -0.71197E-01       5.54
  104    138.45   -0.74841  0.11949E+00  -0.61021E-02  -0.72920E-01       5.11
  105    138.92   -0.75380  0.11968E+00  -0.56057E-02  -0.74638E-01       4.68
  106    139.39   -0.75914  0.11989E+00  -0.51217E-02  -0.76352E-01       4.27
  107    139.86   -0.76444  0.12013E+00  -0.46504E-02  -0.78061E-01       3.87
  108    140.33   -0.76968  0.12038E+00  -0.41917E-02  -0.79764E-01       3.48
  109    140.79   -0.77487  0.12066E+00  -0.37459E-02  -0.81462E-01       3.10
  110    141.26   -0.78001  0.12096E+00  -0.33130E-02  -0.83155E-01       2.74
  111    141.73   -0.78509  0.12128E+00  -0.28930E-02  -0.84841E-01       2.39
  112    142.20   -0.79013  0.12163E+00  -0.24861E-02  -0.86521E-01       2.04
  113    142.67   -0.79511  0.12199E+00  -0.20923E-02  -0.88195E-01       1.72
  114    143.13   -0.80004  0.12237E+00  -0.17116E-02  -0.89862E-01       1.40
  115    143.60   -0.80491  0.12278E+00  -0.13443E-02  -0.91521E-01       1.09
  116    144.07   -0.80974  0.12320E+00  -0.99020E-03  -0.93173E-01       0.80
  117    144.54   -0.81450  0.12365E+00  -0.64948E-03  -0.94816E-01       0.53
  118    145.01   -0.81922  0.12411E+00  -0.32213E-03  -0.96452E-01       0.26
  119    145.47   -0.82387  0.12459E+00  -0.81772E-05  -0.98078E-01       0.01
  120    145.94   -0.82848  0.12509E+00   0.29235E-03  -0.99696E-01      -0.23
  121    146.41   -0.83303  0.12561E+00   0.57946E-03  -0.10130E+00      -0.46
  122    146.88   -0.83752  0.12615E+00   0.85315E-03  -0.10290E+00      -0.68
  123    147.35   -0.84195  0.12670E+00   0.11134E-02  -0.10449E+00      -0.88
  124    147.82   -0.84634  0.12727E+00   0.13603E-02  -0.10607E+00      -1.07
  125    148.28   -0.85066  0.12786E+00   0.15939E-02  -0.10763E+00      -1.25
  126    148.75   -0.85493  0.12846E+00   0.18142E-02  -0.10919E+00      -1.41
  127    149.22   -0.85914  0.12908E+00   0.20212E-02  -0.11073E+00      -1.57
  128    149.69   -0.86329  0.12971E+00   0.22152E-02  -0.11226E+00      -1.71
  129    150.16   -0.86738  0.13035E+00   0.23960E-02  -0.11378E+00      -1.84
  130    150.62   -0.87142  0.13101E+00   0.25639E-02  -0.11528E+00      -1.96
  131    151.09   -0.87540  0.13168E+00   0.27190E-02  -0.11677E+00      -2.06
  132    151.56   -0.87932  0.13237E+00   0.28613E-02  -0.11825E+00      -2.16
  133    152.03   -0.88318  0.13306E+00   0.29911E-02  -0.11971E+00      -2.25
  134    152.50   -0.88698  0.13377E+00   0.31085E-02  -0.12115E+00      -2.32
  135    152.96   -0.89073  0.13449E+00   0.32136E-02  -0.12258E+00      -2.39
  136    153.43   -0.89441  0.13521E+00   0.33067E-02  -0.12400E+00      -2.45
  137    153.90   -0.89804  0.13595E+00   0.33880E-02  -0.12540E+00      -2.49
  138    154.37   -0.90160  0.13669E+00   0.34577E-02  -0.12678E+00      -2.53
  139    154.84   -0.90510  0.13745E+00   0.35160E-02  -0.12814E+00      -2.56
  140    155.31   -0.90855  0.13820E+00   0.35631E-02  -0.12949E+00      -2.58
  141    155.77   -0.91193  0.13897E+00   0.35994E-02  -0.13082E+00      -2.59
  142    156.24   -0.91525  0.13974E+00   0.36251E-02  -0.13213E+00      -2.59
  143    156.71   -0.91851  0.14052E+00   0.36404E-02  -0.13342E+00      -2.59
  144    157.18   -0.92171  0.14130E+00   0.36458E-02  -0.13469E+00      -2.58
  145    157.65   -0.92485  0.14208E+00   0.36415E-02  -0.13594E+00      -2.56
  146    158.11   -0.92793  0.14286E+00   0.36278E-02  -0.13717E+00      -2.54
  147    158.58   -0.93094  0.14365E+00   0.36051E-02  -0.13839E+00      -2.51
  148    159.05   -0.93390  0.14444E+00   0.35738E-02  -0.13958E+00      -2.47
  149    159.52   -0.93679  0.14523E+00   0.35342E-02  -0.14074E+00      -2.43
  150    159.99   -0.93961  0.14601E+00   0.34867E-02  -0.14189E+00      -2.39
  151    160.46   -0.94238  0.14680E+00   0.34317E-02  -0.14302E+00      -2.34
  152    160.92   -0.94508  0.14758E+00   0.33696E-02  -0.14412E+00      -2.28
  153    161.39   -0.94772  0.14836E+00   0.33008E-02  -0.14520E+00      -2.22
  154    161.86   -0.95030  0.14913E+00   0.32257E-02  -0.14626E+00      -2.16
  155    162.33   -0.95281  0.14990E+00   0.31448E-02  -0.14729E+00      -2.10
  156    162.80   -0.95526  0.15066E+00   0.30585E-02  -0.14830E+00      -2.03
  157    163.26   -0.95764  0.15142E+00   0.29672E-02  -0.14929E+00      -1.96
  158    163.73   -0.95996  0.15217E+00   0.28714E-02  -0.15025E+00      -1.89
  159    164.20   -0.96222  0.15291E+00   0.27716E-02  -0.15119E+00      -1.81
  160    164.67   -0.96441  0.15364E+00   0.26681E-02  -0.15210E+00      -1.74
  161    165.14   -0.96654  0.15435E+00   0.25615E-02  -0.15299E+00      -1.66
  162    165.60   -0.96860  0.15506E+00   0.24523E-02  -0.15385E+00      -1.58
  163    166.07   -0.97060  0.15575E+00   0.23408E-02  -0.15469E+00      -1.50
  164    166.54   -0.97254  0.15644E+00   0.22275E-02  -0.15550E+00      -1.42
  165    167.01   -0.97440  0.15710E+00   0.21130E-02  -0.15629E+00      -1.34
  166    167.48   -0.97621  0.15776E+00   0.19976E-02  -0.15705E+00      -1.27
  167    167.95   -0.97795  0.15839E+00   0.18819E-02  -0.15778E+00      -1.19
  168    168.41   -0.97962  0.15901E+00   0.17662E-02  -0.15849E+00      -1.11
  169    168.88   -0.98123  0.15961E+00   0.16511E-02  -0.15917E+00      -1.03
  170    169.35   -0.98277  0.16020E+00   0.15369E-02  -0.15982E+00      -0.96
  171    169.82   -0.98425  0.16076E+00   0.14241E-02  -0.16045E+00      -0.89
  172    170.29   -0.98566  0.16131E+00   0.13131E-02  -0.16104E+00      -0.81
  173    170.75   -0.98701  0.16183E+00   0.12043E-02  -0.16162E+00      -0.74
  174    171.22   -0.98829  0.16234E+00   0.10982E-02  -0.16216E+00      -0.68
  175    171.69   -0.98950  0.16282E+00   0.99510E-03  -0.16268E+00      -0.61
  176    172.16   -0.99065  0.16328E+00   0.89538E-03  -0.16316E+00      -0.55
  177    172.63   -0.99173  0.16371E+00   0.79942E-03  -0.16363E+00      -0.49
  178    173.09   -0.99275  0.16413E+00   0.70755E-03  -0.16406E+00      -0.43
  179    173.56   -0.99370  0.16452E+00   0.62011E-03  -0.16446E+00      -0.38
  180    174.03   -0.99458  0.16488E+00   0.53741E-03  -0.16484E+00      -0.33
  181    174.50   -0.99539  0.16522E+00   0.45975E-03  -0.16519E+00      -0.28
  182    174.97   -0.99614  0.16553E+00   0.38741E-03  -0.16551E+00      -0.23
  183    175.44   -0.99683  0.16582E+00   0.32063E-03  -0.16580E+00      -0.19
  184    175.90   -0.99744  0.16607E+00   0.25966E-03  -0.16607E+00      -0.16
  185    176.37   -0.99799  0.16631E+00   0.20471E-03  -0.16630E+00      -0.12
  186    176.84   -0.99848  0.16651E+00   0.15597E-03  -0.16651E+00      -0.09
  187    177.31   -0.99890  0.16669E+00   0.11362E-03  -0.16669E+00      -0.07
  188    177.78   -0.99925  0.16684E+00   0.77801E-04  -0.16684E+00      -0.05
  189    178.24   -0.99953  0.16696E+00   0.48644E-04  -0.16696E+00      -0.03
  190    178.71   -0.99975  0.16705E+00   0.26249E-04  -0.16705E+00      -0.02
  191    179.18   -0.99990  0.16712E+00   0.10695E-04  -0.16712E+00      -0.01
  192    179.64   -0.99998  0.16715E+00   0.20313E-05  -0.16715E+00      -0.00
  193    180.00   -1.00000  0.16716E+00   0.00000E+00  -0.16716E+00      -0.00

