 alpha final =    516.00000000000000     

     granulo :  rn =  1.0  rm = 0.19  ln sig =  2.000  pour r <  50. mic.
     ======================================================================

                    longueur d onde :  0.620 microns
                    ================================

     indice reel :   1.53000     indice imaginaire : -0.80000E-02


                    nombre de particules :  0.99606E+00

       Sections d extinction et de diffusion ramenees a une particule :
       ----------------------------------------------------------------
     extinction :  0.78213E+02 mic**2     diffusion :  0.44665E+02 mic**2

            Pizero : 0.571074                 g.assymetrie : 0.93236

 ------------------------------------------------------------------------------
   j      theta       mu         i             q             u         -q/i*100
 ------------------------------------------------------------------------------
 -193      0.00    1.00000  0.71113E+05   0.00000E+00   0.71113E+05      -0.00
 -192      0.36    0.99998  0.17645E+05   0.79799E+00   0.17645E+05      -0.00
 -191      0.82    0.99990  0.21062E+04  -0.79257E+00   0.21060E+04       0.04
 -190      1.29    0.99975  0.64545E+03  -0.91458E+00   0.64529E+03       0.14
 -189      1.76    0.99953  0.28275E+03  -0.85230E+00   0.28263E+03       0.30
 -188      2.22    0.99925  0.14661E+03  -0.77299E+00   0.14650E+03       0.53
 -187      2.69    0.99890  0.86550E+02  -0.70149E+00   0.86454E+02       0.81
 -186      3.16    0.99848  0.55931E+02  -0.63833E+00   0.55846E+02       1.14
 -185      3.63    0.99799  0.38055E+02  -0.58447E+00   0.37977E+02       1.54
 -184      4.10    0.99744  0.27251E+02  -0.53918E+00   0.27179E+02       1.98
 -183      4.56    0.99683  0.20372E+02  -0.50015E+00   0.20305E+02       2.46
 -182      5.03    0.99614  0.15612E+02  -0.46637E+00   0.15549E+02       2.99
 -181      5.50    0.99539  0.12296E+02  -0.43728E+00   0.12236E+02       3.56
 -180      5.97    0.99458  0.99386E+01  -0.41179E+00   0.98816E+01       4.14
 -179      6.44    0.99370  0.81555E+01  -0.38926E+00   0.81008E+01       4.77
 -178      6.91    0.99275  0.68061E+01  -0.36941E+00   0.67533E+01       5.43
 -177      7.37    0.99173  0.57804E+01  -0.35173E+00   0.57294E+01       6.08
 -176      7.84    0.99065  0.49606E+01  -0.33582E+00   0.49110E+01       6.77
 -175      8.31    0.98950  0.43055E+01  -0.32154E+00   0.42572E+01       7.47
 -174      8.78    0.98829  0.37844E+01  -0.30866E+00   0.37372E+01       8.16
 -173      9.25    0.98701  0.33520E+01  -0.29693E+00   0.33058E+01       8.86
 -172      9.71    0.98566  0.29930E+01  -0.28627E+00   0.29475E+01       9.56
 -171     10.18    0.98425  0.26975E+01  -0.27653E+00   0.26528E+01      10.25
 -170     10.65    0.98277  0.24456E+01  -0.26756E+00   0.24015E+01      10.94
 -169     11.12    0.98123  0.22300E+01  -0.25931E+00   0.21863E+01      11.63
 -168     11.59    0.97962  0.20478E+01  -0.25171E+00   0.20046E+01      12.29
 -167     12.05    0.97795  0.18897E+01  -0.24465E+00   0.18467E+01      12.95
 -166     12.52    0.97621  0.17511E+01  -0.23810E+00   0.17084E+01      13.60
 -165     12.99    0.97440  0.16313E+01  -0.23201E+00   0.15888E+01      14.22
 -164     13.46    0.97254  0.15257E+01  -0.22630E+00   0.14833E+01      14.83
 -163     13.93    0.97060  0.14314E+01  -0.22095E+00   0.13891E+01      15.44
 -162     14.40    0.96860  0.13482E+01  -0.21595E+00   0.13059E+01      16.02
 -161     14.86    0.96654  0.12740E+01  -0.21125E+00   0.12317E+01      16.58
 -160     15.33    0.96441  0.12070E+01  -0.20684E+00   0.11646E+01      17.14
 -159     15.80    0.96222  0.11467E+01  -0.20268E+00   0.11043E+01      17.67
 -158     16.27    0.95996  0.10922E+01  -0.19875E+00   0.10497E+01      18.20
 -157     16.74    0.95764  0.10424E+01  -0.19503E+00   0.99980E+00      18.71
 -156     17.20    0.95526  0.99705E+00  -0.19151E+00   0.95441E+00      19.21
 -155     17.67    0.95281  0.95565E+00  -0.18818E+00   0.91292E+00      19.69
 -154     18.14    0.95030  0.91743E+00  -0.18500E+00   0.87458E+00      20.17
 -153     18.61    0.94772  0.88222E+00  -0.18196E+00   0.83924E+00      20.63
 -152     19.08    0.94508  0.84968E+00  -0.17905E+00   0.80657E+00      21.07
 -151     19.54    0.94238  0.81938E+00  -0.17627E+00   0.77611E+00      21.51
 -150     20.01    0.93961  0.79128E+00  -0.17360E+00   0.74782E+00      21.94
 -149     20.48    0.93679  0.76513E+00  -0.17103E+00   0.72148E+00      22.35
 -148     20.95    0.93390  0.74057E+00  -0.16855E+00   0.69669E+00      22.76
 -147     21.42    0.93094  0.71749E+00  -0.16615E+00   0.67337E+00      23.16
 -146     21.89    0.92793  0.69584E+00  -0.16384E+00   0.65148E+00      23.55
 -145     22.35    0.92485  0.67546E+00  -0.16160E+00   0.63083E+00      23.92
 -144     22.82    0.92171  0.65622E+00  -0.15944E+00   0.61131E+00      24.30
 -143     23.29    0.91851  0.63802E+00  -0.15734E+00   0.59281E+00      24.66
 -142     23.76    0.91525  0.62071E+00  -0.15528E+00   0.57519E+00      25.02
 -141     24.23    0.91193  0.60425E+00  -0.15328E+00   0.55841E+00      25.37
 -140     24.69    0.90855  0.58864E+00  -0.15135E+00   0.54248E+00      25.71
 -139     25.16    0.90510  0.57378E+00  -0.14947E+00   0.52728E+00      26.05
 -138     25.63    0.90160  0.55955E+00  -0.14762E+00   0.51271E+00      26.38
 -137     26.10    0.89804  0.54593E+00  -0.14581E+00   0.49873E+00      26.71
 -136     26.57    0.89441  0.53286E+00  -0.14404E+00   0.48531E+00      27.03
 -135     27.04    0.89073  0.52036E+00  -0.14232E+00   0.47244E+00      27.35
 -134     27.50    0.88698  0.50838E+00  -0.14064E+00   0.46010E+00      27.66
 -133     27.97    0.88318  0.49684E+00  -0.13898E+00   0.44819E+00      27.97
 -132     28.44    0.87932  0.48567E+00  -0.13735E+00   0.43665E+00      28.28
 -131     28.91    0.87540  0.47492E+00  -0.13575E+00   0.42552E+00      28.58
 -130     29.38    0.87142  0.46458E+00  -0.13418E+00   0.41481E+00      28.88
 -129     29.84    0.86738  0.45460E+00  -0.13265E+00   0.40445E+00      29.18
 -128     30.31    0.86329  0.44492E+00  -0.13113E+00   0.39439E+00      29.47
 -127     30.78    0.85914  0.43553E+00  -0.12963E+00   0.38461E+00      29.76
 -126     31.25    0.85493  0.42645E+00  -0.12816E+00   0.37515E+00      30.05
 -125     31.72    0.85066  0.41767E+00  -0.12671E+00   0.36599E+00      30.34
 -124     32.18    0.84634  0.40916E+00  -0.12529E+00   0.35709E+00      30.62
 -123     32.65    0.84195  0.40086E+00  -0.12388E+00   0.34842E+00      30.90
 -122     33.12    0.83752  0.39278E+00  -0.12249E+00   0.33996E+00      31.18
 -121     33.59    0.83303  0.38495E+00  -0.12112E+00   0.33175E+00      31.46
 -120     34.06    0.82848  0.37736E+00  -0.11977E+00   0.32378E+00      31.74
 -119     34.53    0.82387  0.36996E+00  -0.11844E+00   0.31601E+00      32.01
 -118     34.99    0.81922  0.36272E+00  -0.11712E+00   0.30840E+00      32.29
 -117     35.46    0.81450  0.35567E+00  -0.11581E+00   0.30097E+00      32.56
 -116     35.93    0.80974  0.34882E+00  -0.11452E+00   0.29376E+00      32.83
 -115     36.40    0.80491  0.34216E+00  -0.11326E+00   0.28673E+00      33.10
 -114     36.87    0.80004  0.33563E+00  -0.11200E+00   0.27984E+00      33.37
 -113     37.33    0.79511  0.32924E+00  -0.11075E+00   0.27309E+00      33.64
 -112     37.80    0.79013  0.32302E+00  -0.10952E+00   0.26651E+00      33.91
 -111     38.27    0.78509  0.31697E+00  -0.10831E+00   0.26011E+00      34.17
 -110     38.74    0.78001  0.31105E+00  -0.10712E+00   0.25384E+00      34.44
 -109     39.21    0.77487  0.30525E+00  -0.10593E+00   0.24769E+00      34.70
 -108     39.67    0.76968  0.29957E+00  -0.10474E+00   0.24166E+00      34.96
 -107     40.14    0.76444  0.29403E+00  -0.10358E+00   0.23578E+00      35.23
 -106     40.61    0.75914  0.28864E+00  -0.10244E+00   0.23005E+00      35.49
 -105     41.08    0.75380  0.28334E+00  -0.10130E+00   0.22442E+00      35.75
 -104     41.55    0.74841  0.27814E+00  -0.10017E+00   0.21889E+00      36.01
 -103     42.02    0.74296  0.27307E+00  -0.99056E-01   0.21349E+00      36.27
 -102     42.48    0.73747  0.26812E+00  -0.97962E-01   0.20822E+00      36.54
 -101     42.95    0.73193  0.26328E+00  -0.96878E-01   0.20306E+00      36.80
 -100     43.42    0.72633  0.25852E+00  -0.95796E-01   0.19797E+00      37.06
  -99     43.89    0.72069  0.25385E+00  -0.94723E-01   0.19299E+00      37.31
  -98     44.36    0.71501  0.24930E+00  -0.93672E-01   0.18813E+00      37.57
  -97     44.82    0.70927  0.24485E+00  -0.92637E-01   0.18338E+00      37.83
  -96     45.29    0.70349  0.24048E+00  -0.91606E-01   0.17871E+00      38.09
  -95     45.76    0.69766  0.23619E+00  -0.90580E-01   0.17412E+00      38.35
  -94     46.23    0.69178  0.23199E+00  -0.89571E-01   0.16963E+00      38.61
  -93     46.70    0.68586  0.22790E+00  -0.88582E-01   0.16525E+00      38.87
  -92     47.17    0.67989  0.22388E+00  -0.87599E-01   0.16095E+00      39.13
  -91     47.63    0.67387  0.21993E+00  -0.86619E-01   0.15671E+00      39.39
  -90     48.10    0.66781  0.21605E+00  -0.85651E-01   0.15256E+00      39.64
  -89     48.57    0.66171  0.21228E+00  -0.84704E-01   0.14851E+00      39.90
  -88     49.04    0.65556  0.20858E+00  -0.83770E-01   0.14454E+00      40.16
  -87     49.51    0.64937  0.20494E+00  -0.82838E-01   0.14063E+00      40.42
  -86     49.97    0.64313  0.20136E+00  -0.81912E-01   0.13679E+00      40.68
  -85     50.44    0.63686  0.19787E+00  -0.81004E-01   0.13304E+00      40.94
  -84     50.91    0.63054  0.19445E+00  -0.80114E-01   0.12937E+00      41.20
  -83     51.38    0.62417  0.19110E+00  -0.79227E-01   0.12577E+00      41.46
  -82     51.85    0.61777  0.18780E+00  -0.78345E-01   0.12222E+00      41.72
  -81     52.31    0.61132  0.18457E+00  -0.77477E-01   0.11874E+00      41.98
  -80     52.78    0.60484  0.18141E+00  -0.76628E-01   0.11535E+00      42.24
  -79     53.25    0.59831  0.17831E+00  -0.75785E-01   0.11202E+00      42.50
  -78     53.72    0.59174  0.17526E+00  -0.74944E-01   0.10874E+00      42.76
  -77     54.19    0.58514  0.17227E+00  -0.74115E-01   0.10552E+00      43.02
  -76     54.66    0.57849  0.16936E+00  -0.73304E-01   0.10238E+00      43.28
  -75     55.12    0.57181  0.16650E+00  -0.72503E-01   0.99303E-01      43.55
  -74     55.59    0.56509  0.16368E+00  -0.71705E-01   0.96270E-01      43.81
  -73     56.06    0.55833  0.16092E+00  -0.70912E-01   0.93291E-01      44.07
  -72     56.53    0.55153  0.15822E+00  -0.70136E-01   0.90381E-01      44.33
  -71     57.00    0.54470  0.15558E+00  -0.69375E-01   0.87536E-01      44.59
  -70     57.46    0.53783  0.15298E+00  -0.68617E-01   0.84737E-01      44.85
  -69     57.93    0.53092  0.15043E+00  -0.67862E-01   0.81982E-01      45.11
  -68     58.40    0.52398  0.14793E+00  -0.67120E-01   0.79288E-01      45.37
  -67     58.87    0.51700  0.14549E+00  -0.66395E-01   0.76658E-01      45.64
  -66     59.34    0.50999  0.14309E+00  -0.65676E-01   0.74076E-01      45.90
  -65     59.80    0.50294  0.14073E+00  -0.64958E-01   0.71532E-01      46.16
  -64     60.27    0.49587  0.13842E+00  -0.64250E-01   0.69040E-01      46.42
  -63     60.74    0.48875  0.13617E+00  -0.63559E-01   0.66609E-01      46.68
  -62     61.21    0.48161  0.13396E+00  -0.62877E-01   0.64228E-01      46.94
  -61     61.68    0.47443  0.13179E+00  -0.62196E-01   0.61883E-01      47.19
  -60     62.15    0.46723  0.12966E+00  -0.61522E-01   0.59582E-01      47.45
  -59     62.61    0.45999  0.12758E+00  -0.60864E-01   0.57338E-01      47.71
  -58     63.08    0.45272  0.12554E+00  -0.60216E-01   0.55143E-01      47.96
  -57     63.55    0.44542  0.12354E+00  -0.59571E-01   0.52984E-01      48.22
  -56     64.02    0.43809  0.12158E+00  -0.58931E-01   0.50863E-01      48.47
  -55     64.49    0.43073  0.11966E+00  -0.58304E-01   0.48792E-01      48.72
  -54     64.95    0.42334  0.11779E+00  -0.57690E-01   0.46772E-01      48.98
  -53     65.42    0.41592  0.11595E+00  -0.57081E-01   0.44788E-01      49.23
  -52     65.89    0.40848  0.11414E+00  -0.56473E-01   0.42835E-01      49.48
  -51     66.36    0.40101  0.11237E+00  -0.55875E-01   0.40925E-01      49.72
  -50     66.83    0.39351  0.11065E+00  -0.55292E-01   0.39065E-01      49.97
  -49     67.30    0.38598  0.10896E+00  -0.54716E-01   0.37243E-01      50.22
  -48     67.76    0.37843  0.10730E+00  -0.54140E-01   0.35449E-01      50.46
  -47     68.23    0.37086  0.10567E+00  -0.53571E-01   0.33691E-01      50.69
  -46     68.70    0.36326  0.10409E+00  -0.53015E-01   0.31978E-01      50.93
  -45     69.17    0.35563  0.10253E+00  -0.52467E-01   0.30303E-01      51.17
  -44     69.64    0.34798  0.10101E+00  -0.51921E-01   0.28657E-01      51.40
  -43     70.10    0.34031  0.99516E-01  -0.51380E-01   0.27042E-01      51.63
  -42     70.57    0.33262  0.98057E-01  -0.50849E-01   0.25466E-01      51.86
  -41     71.04    0.32490  0.96632E-01  -0.50327E-01   0.23928E-01      52.08
  -40     71.51    0.31716  0.95233E-01  -0.49807E-01   0.22418E-01      52.30
  -39     71.98    0.30941  0.93860E-01  -0.49289E-01   0.20933E-01      52.51
  -38     72.44    0.30163  0.92519E-01  -0.48778E-01   0.19484E-01      52.72
  -37     72.91    0.29383  0.91211E-01  -0.48279E-01   0.18072E-01      52.93
  -36     73.38    0.28601  0.89929E-01  -0.47783E-01   0.16690E-01      53.13
  -35     73.85    0.27817  0.88670E-01  -0.47287E-01   0.15330E-01      53.33
  -34     74.32    0.27031  0.87438E-01  -0.46794E-01   0.13998E-01      53.52
  -33     74.79    0.26243  0.86236E-01  -0.46311E-01   0.12702E-01      53.70
  -32     75.25    0.25454  0.85060E-01  -0.45834E-01   0.11435E-01      53.88
  -31     75.72    0.24663  0.83907E-01  -0.45357E-01   0.10192E-01      54.06
  -30     76.19    0.23871  0.82778E-01  -0.44882E-01   0.89731E-02      54.22
  -29     76.66    0.23076  0.81675E-01  -0.44414E-01   0.77851E-02      54.38
  -28     77.13    0.22281  0.80597E-01  -0.43952E-01   0.66272E-02      54.53
  -27     77.59    0.21483  0.79541E-01  -0.43491E-01   0.54919E-02      54.68
  -26     78.06    0.20685  0.78506E-01  -0.43029E-01   0.43781E-02      54.81
  -25     78.53    0.19885  0.77494E-01  -0.42573E-01   0.32920E-02      54.94
  -24     79.00    0.19083  0.76507E-01  -0.42125E-01   0.22360E-02      55.06
  -23     79.47    0.18280  0.75542E-01  -0.41679E-01   0.12037E-02      55.17
  -22     79.93    0.17477  0.74595E-01  -0.41232E-01   0.19061E-03      55.27
  -21     80.40    0.16671  0.73668E-01  -0.40787E-01  -0.79946E-03      55.37
  -20     80.87    0.15865  0.72765E-01  -0.40349E-01  -0.17616E-02      55.45
  -19     81.34    0.15058  0.71882E-01  -0.39916E-01  -0.26987E-02      55.53
  -18     81.81    0.14250  0.71018E-01  -0.39483E-01  -0.36167E-02      55.60
  -17     82.28    0.13441  0.70171E-01  -0.39050E-01  -0.45148E-02      55.65
  -16     82.74    0.12631  0.69346E-01  -0.38623E-01  -0.53880E-02      55.70
  -15     83.21    0.11820  0.68540E-01  -0.38202E-01  -0.62366E-02      55.74
  -14     83.68    0.11008  0.67751E-01  -0.37782E-01  -0.70660E-02      55.77
  -13     84.15    0.10195  0.66980E-01  -0.37362E-01  -0.78781E-02      55.78
  -12     84.62    0.09382  0.66226E-01  -0.36946E-01  -0.86689E-02      55.79
  -11     85.08    0.08569  0.65492E-01  -0.36536E-01  -0.94361E-02      55.79
  -10     85.55    0.07754  0.64774E-01  -0.36130E-01  -0.10183E-01      55.78
   -9     86.02    0.06939  0.64072E-01  -0.35723E-01  -0.10915E-01      55.75
   -8     86.49    0.06124  0.63387E-01  -0.35318E-01  -0.11629E-01      55.72
   -7     86.96    0.05308  0.62718E-01  -0.34919E-01  -0.12321E-01      55.68
   -6     87.43    0.04492  0.62066E-01  -0.34524E-01  -0.12994E-01      55.62
   -5     87.89    0.03676  0.61429E-01  -0.34131E-01  -0.13652E-01      55.56
   -4     88.36    0.02859  0.60807E-01  -0.33737E-01  -0.14294E-01      55.48
   -3     88.83    0.02043  0.60200E-01  -0.33348E-01  -0.14919E-01      55.40
   -2     89.30    0.01226  0.59609E-01  -0.32965E-01  -0.15525E-01      55.30
   -1     89.77    0.00409  0.59031E-01  -0.32584E-01  -0.16115E-01      55.20
    0     90.00    0.00000  0.58748E-01  -0.32393E-01  -0.16405E-01      55.14
    1     90.23   -0.00409  0.58468E-01  -0.32203E-01  -0.16692E-01      55.08
    2     90.70   -0.01226  0.57918E-01  -0.31824E-01  -0.17254E-01      54.95
    3     91.17   -0.02043  0.57383E-01  -0.31450E-01  -0.17799E-01      54.81
    4     91.64   -0.02859  0.56861E-01  -0.31081E-01  -0.18329E-01      54.66
    5     92.11   -0.03676  0.56352E-01  -0.30712E-01  -0.18846E-01      54.50
    6     92.57   -0.04492  0.55855E-01  -0.30343E-01  -0.19351E-01      54.32
    7     93.04   -0.05308  0.55372E-01  -0.29979E-01  -0.19841E-01      54.14
    8     93.51   -0.06124  0.54901E-01  -0.29619E-01  -0.20317E-01      53.95
    9     93.98   -0.06939  0.54442E-01  -0.29261E-01  -0.20780E-01      53.75
   10     94.45   -0.07754  0.53995E-01  -0.28904E-01  -0.21232E-01      53.53
   11     94.92   -0.08569  0.53559E-01  -0.28549E-01  -0.21672E-01      53.30
   12     95.38   -0.09382  0.53135E-01  -0.28198E-01  -0.22099E-01      53.07
   13     95.85   -0.10195  0.52722E-01  -0.27851E-01  -0.22514E-01      52.83
   14     96.32   -0.11008  0.52320E-01  -0.27505E-01  -0.22918E-01      52.57
   15     96.79   -0.11820  0.51928E-01  -0.27161E-01  -0.23312E-01      52.30
   16     97.26   -0.12631  0.51547E-01  -0.26819E-01  -0.23696E-01      52.03
   17     97.72   -0.13441  0.51176E-01  -0.26481E-01  -0.24067E-01      51.75
   18     98.19   -0.14250  0.50815E-01  -0.26146E-01  -0.24428E-01      51.45
   19     98.66   -0.15058  0.50463E-01  -0.25812E-01  -0.24781E-01      51.15
   20     99.13   -0.15865  0.50121E-01  -0.25480E-01  -0.25125E-01      50.84
   21     99.60   -0.16671  0.49789E-01  -0.25151E-01  -0.25458E-01      50.52
   22    100.07   -0.17477  0.49465E-01  -0.24827E-01  -0.25780E-01      50.19
   23    100.53   -0.18280  0.49150E-01  -0.24504E-01  -0.26095E-01      49.85
   24    101.00   -0.19083  0.48843E-01  -0.24182E-01  -0.26402E-01      49.51
   25    101.47   -0.19885  0.48545E-01  -0.23862E-01  -0.26701E-01      49.15
   26    101.94   -0.20685  0.48255E-01  -0.23547E-01  -0.26990E-01      48.80
   27    102.41   -0.21483  0.47973E-01  -0.23234E-01  -0.27271E-01      48.43
   28    102.87   -0.22281  0.47699E-01  -0.22923E-01  -0.27544E-01      48.06
   29    103.34   -0.23076  0.47432E-01  -0.22613E-01  -0.27812E-01      47.67
   30    103.81   -0.23871  0.47173E-01  -0.22306E-01  -0.28071E-01      47.29
   31    104.28   -0.24663  0.46920E-01  -0.22003E-01  -0.28322E-01      46.89
   32    104.75   -0.25454  0.46675E-01  -0.21701E-01  -0.28566E-01      46.49
   33    105.21   -0.26243  0.46437E-01  -0.21401E-01  -0.28804E-01      46.09
   34    105.68   -0.27031  0.46206E-01  -0.21103E-01  -0.29036E-01      45.67
   35    106.15   -0.27817  0.45981E-01  -0.20808E-01  -0.29260E-01      45.25
   36    106.62   -0.28601  0.45762E-01  -0.20516E-01  -0.29478E-01      44.83
   37    107.09   -0.29383  0.45550E-01  -0.20226E-01  -0.29690E-01      44.40
   38    107.56   -0.30163  0.45344E-01  -0.19936E-01  -0.29896E-01      43.97
   39    108.02   -0.30941  0.45144E-01  -0.19650E-01  -0.30097E-01      43.53
   40    108.49   -0.31716  0.44950E-01  -0.19366E-01  -0.30291E-01      43.08
   41    108.96   -0.32490  0.44762E-01  -0.19084E-01  -0.30480E-01      42.64
   42    109.43   -0.33262  0.44579E-01  -0.18804E-01  -0.30663E-01      42.18
   43    109.90   -0.34031  0.44401E-01  -0.18526E-01  -0.30842E-01      41.72
   44    110.36   -0.34798  0.44229E-01  -0.18250E-01  -0.31015E-01      41.26
   45    110.83   -0.35563  0.44063E-01  -0.17977E-01  -0.31183E-01      40.80
   46    111.30   -0.36326  0.43901E-01  -0.17706E-01  -0.31345E-01      40.33
   47    111.77   -0.37086  0.43744E-01  -0.17436E-01  -0.31504E-01      39.86
   48    112.24   -0.37843  0.43592E-01  -0.17168E-01  -0.31658E-01      39.38
   49    112.70   -0.38598  0.43445E-01  -0.16903E-01  -0.31807E-01      38.91
   50    113.17   -0.39351  0.43302E-01  -0.16640E-01  -0.31952E-01      38.43
   51    113.64   -0.40101  0.43164E-01  -0.16379E-01  -0.32092E-01      37.95
   52    114.11   -0.40848  0.43030E-01  -0.16120E-01  -0.32228E-01      37.46
   53    114.58   -0.41592  0.42901E-01  -0.15862E-01  -0.32361E-01      36.97
   54    115.05   -0.42334  0.42775E-01  -0.15607E-01  -0.32489E-01      36.49
   55    115.51   -0.43073  0.42654E-01  -0.15355E-01  -0.32614E-01      36.00
   56    115.98   -0.43809  0.42536E-01  -0.15104E-01  -0.32734E-01      35.51
   57    116.45   -0.44542  0.42423E-01  -0.14855E-01  -0.32852E-01      35.02
   58    116.92   -0.45272  0.42313E-01  -0.14608E-01  -0.32966E-01      34.52
   59    117.39   -0.45999  0.42207E-01  -0.14363E-01  -0.33076E-01      34.03
   60    117.85   -0.46723  0.42105E-01  -0.14120E-01  -0.33183E-01      33.54
   61    118.32   -0.47443  0.42006E-01  -0.13880E-01  -0.33287E-01      33.04
   62    118.79   -0.48161  0.41911E-01  -0.13641E-01  -0.33388E-01      32.55
   63    119.26   -0.48875  0.41819E-01  -0.13403E-01  -0.33485E-01      32.05
   64    119.73   -0.49587  0.41730E-01  -0.13168E-01  -0.33580E-01      31.56
   65    120.20   -0.50294  0.41645E-01  -0.12936E-01  -0.33671E-01      31.06
   66    120.66   -0.50999  0.41563E-01  -0.12705E-01  -0.33760E-01      30.57
   67    121.13   -0.51700  0.41484E-01  -0.12475E-01  -0.33846E-01      30.07
   68    121.60   -0.52398  0.41409E-01  -0.12248E-01  -0.33929E-01      29.58
   69    122.07   -0.53092  0.41336E-01  -0.12022E-01  -0.34010E-01      29.08
   70    122.54   -0.53783  0.41267E-01  -0.11799E-01  -0.34087E-01      28.59
   71    123.00   -0.54470  0.41200E-01  -0.11577E-01  -0.34162E-01      28.10
   72    123.47   -0.55153  0.41137E-01  -0.11357E-01  -0.34235E-01      27.61
   73    123.94   -0.55833  0.41077E-01  -0.11139E-01  -0.34305E-01      27.12
   74    124.41   -0.56509  0.41020E-01  -0.10922E-01  -0.34372E-01      26.63
   75    124.88   -0.57181  0.40965E-01  -0.10708E-01  -0.34437E-01      26.14
   76    125.34   -0.57849  0.40914E-01  -0.10496E-01  -0.34500E-01      25.65
   77    125.81   -0.58514  0.40865E-01  -0.10285E-01  -0.34560E-01      25.17
   78    126.28   -0.59174  0.40820E-01  -0.10076E-01  -0.34618E-01      24.68
   79    126.75   -0.59831  0.40777E-01  -0.98683E-02  -0.34674E-01      24.20
   80    127.22   -0.60484  0.40737E-01  -0.96629E-02  -0.34728E-01      23.72
   81    127.69   -0.61132  0.40700E-01  -0.94593E-02  -0.34779E-01      23.24
   82    128.15   -0.61777  0.40666E-01  -0.92573E-02  -0.34829E-01      22.76
   83    128.62   -0.62417  0.40634E-01  -0.90568E-02  -0.34876E-01      22.29
   84    129.09   -0.63054  0.40606E-01  -0.88580E-02  -0.34922E-01      21.81
   85    129.56   -0.63686  0.40580E-01  -0.86612E-02  -0.34965E-01      21.34
   86    130.03   -0.64313  0.40557E-01  -0.84661E-02  -0.35007E-01      20.87
   87    130.49   -0.64937  0.40536E-01  -0.82725E-02  -0.35047E-01      20.41
   88    130.96   -0.65556  0.40519E-01  -0.80803E-02  -0.35085E-01      19.94
   89    131.43   -0.66171  0.40504E-01  -0.78898E-02  -0.35121E-01      19.48
   90    131.90   -0.66781  0.40493E-01  -0.77010E-02  -0.35156E-01      19.02
   91    132.37   -0.67387  0.40484E-01  -0.75138E-02  -0.35188E-01      18.56
   92    132.83   -0.67989  0.40478E-01  -0.73280E-02  -0.35220E-01      18.10
   93    133.30   -0.68586  0.40475E-01  -0.71436E-02  -0.35249E-01      17.65
   94    133.77   -0.69178  0.40476E-01  -0.69605E-02  -0.35278E-01      17.20
   95    134.24   -0.69766  0.40480E-01  -0.67788E-02  -0.35304E-01      16.75
   96    134.71   -0.70349  0.40486E-01  -0.65986E-02  -0.35330E-01      16.30
   97    135.18   -0.70927  0.40496E-01  -0.64197E-02  -0.35353E-01      15.85
   98    135.64   -0.71501  0.40510E-01  -0.62419E-02  -0.35376E-01      15.41
   99    136.11   -0.72069  0.40528E-01  -0.60652E-02  -0.35397E-01      14.97
  100    136.58   -0.72633  0.40549E-01  -0.58898E-02  -0.35416E-01      14.53
  101    137.05   -0.73193  0.40573E-01  -0.57156E-02  -0.35435E-01      14.09
  102    137.52   -0.73747  0.40602E-01  -0.55426E-02  -0.35451E-01      13.65
  103    137.98   -0.74296  0.40635E-01  -0.53705E-02  -0.35467E-01      13.22
  104    138.45   -0.74841  0.40673E-01  -0.51993E-02  -0.35481E-01      12.78
  105    138.92   -0.75380  0.40715E-01  -0.50291E-02  -0.35495E-01      12.35
  106    139.39   -0.75914  0.40762E-01  -0.48598E-02  -0.35507E-01      11.92
  107    139.86   -0.76444  0.40814E-01  -0.46915E-02  -0.35517E-01      11.49
  108    140.33   -0.76968  0.40871E-01  -0.45239E-02  -0.35527E-01      11.07
  109    140.79   -0.77487  0.40934E-01  -0.43570E-02  -0.35535E-01      10.64
  110    141.26   -0.78001  0.41003E-01  -0.41909E-02  -0.35543E-01      10.22
  111    141.73   -0.78509  0.41079E-01  -0.40255E-02  -0.35550E-01       9.80
  112    142.20   -0.79013  0.41161E-01  -0.38609E-02  -0.35555E-01       9.38
  113    142.67   -0.79511  0.41250E-01  -0.36970E-02  -0.35560E-01       8.96
  114    143.13   -0.80004  0.41347E-01  -0.35337E-02  -0.35564E-01       8.55
  115    143.60   -0.80491  0.41451E-01  -0.33710E-02  -0.35568E-01       8.13
  116    144.07   -0.80974  0.41565E-01  -0.32088E-02  -0.35571E-01       7.72
  117    144.54   -0.81450  0.41688E-01  -0.30471E-02  -0.35574E-01       7.31
  118    145.01   -0.81922  0.41821E-01  -0.28860E-02  -0.35576E-01       6.90
  119    145.47   -0.82387  0.41964E-01  -0.27253E-02  -0.35579E-01       6.49
  120    145.94   -0.82848  0.42120E-01  -0.25652E-02  -0.35582E-01       6.09
  121    146.41   -0.83303  0.42287E-01  -0.24056E-02  -0.35585E-01       5.69
  122    146.88   -0.83752  0.42469E-01  -0.22467E-02  -0.35590E-01       5.29
  123    147.35   -0.84195  0.42664E-01  -0.20887E-02  -0.35595E-01       4.90
  124    147.82   -0.84634  0.42876E-01  -0.19316E-02  -0.35601E-01       4.51
  125    148.28   -0.85066  0.43104E-01  -0.17756E-02  -0.35610E-01       4.12
  126    148.75   -0.85493  0.43351E-01  -0.16208E-02  -0.35620E-01       3.74
  127    149.22   -0.85914  0.43618E-01  -0.14675E-02  -0.35634E-01       3.36
  128    149.69   -0.86329  0.43908E-01  -0.13161E-02  -0.35651E-01       3.00
  129    150.16   -0.86738  0.44221E-01  -0.11671E-02  -0.35673E-01       2.64
  130    150.62   -0.87142  0.44559E-01  -0.10211E-02  -0.35699E-01       2.29
  131    151.09   -0.87540  0.44926E-01  -0.87886E-03  -0.35730E-01       1.96
  132    151.56   -0.87932  0.45324E-01  -0.74133E-03  -0.35769E-01       1.64
  133    152.03   -0.88318  0.45755E-01  -0.60964E-03  -0.35814E-01       1.33
  134    152.50   -0.88698  0.46223E-01  -0.48515E-03  -0.35868E-01       1.05
  135    152.96   -0.89073  0.46730E-01  -0.36940E-03  -0.35932E-01       0.79
  136    153.43   -0.89441  0.47281E-01  -0.26422E-03  -0.36006E-01       0.56
  137    153.90   -0.89804  0.47878E-01  -0.17188E-03  -0.36092E-01       0.36
  138    154.37   -0.90160  0.48527E-01  -0.95238E-04  -0.36191E-01       0.20
  139    154.84   -0.90510  0.49231E-01  -0.37738E-04  -0.36306E-01       0.08
  140    155.31   -0.90855  0.49995E-01  -0.34573E-05  -0.36437E-01       0.01
  141    155.77   -0.91193  0.50822E-01   0.29251E-05  -0.36587E-01      -0.01
  142    156.24   -0.91525  0.51717E-01  -0.23819E-04  -0.36755E-01       0.05
  143    156.71   -0.91851  0.52682E-01  -0.89385E-04  -0.36945E-01       0.17
  144    157.18   -0.92171  0.53721E-01  -0.20009E-03  -0.37157E-01       0.37
  145    157.65   -0.92485  0.54837E-01  -0.36301E-03  -0.37392E-01       0.66
  146    158.11   -0.92793  0.56029E-01  -0.58587E-03  -0.37652E-01       1.05
  147    158.58   -0.93094  0.57297E-01  -0.87641E-03  -0.37935E-01       1.53
  148    159.05   -0.93390  0.58635E-01  -0.12418E-02  -0.38240E-01       2.12
  149    159.52   -0.93679  0.60034E-01  -0.16884E-02  -0.38563E-01       2.81
  150    159.99   -0.93961  0.61483E-01  -0.22207E-02  -0.38900E-01       3.61
  151    160.46   -0.94238  0.62963E-01  -0.28414E-02  -0.39243E-01       4.51
  152    160.92   -0.94508  0.64454E-01  -0.35496E-02  -0.39583E-01       5.51
  153    161.39   -0.94772  0.65926E-01  -0.43410E-02  -0.39909E-01       6.58
  154    161.86   -0.95030  0.67349E-01  -0.52072E-02  -0.40203E-01       7.73
  155    162.33   -0.95281  0.68688E-01  -0.61348E-02  -0.40443E-01       8.93
  156    162.80   -0.95526  0.69912E-01  -0.71043E-02  -0.40595E-01      10.16
  157    163.26   -0.95764  0.71001E-01  -0.80889E-02  -0.40614E-01      11.39
  158    163.73   -0.95996  0.71952E-01  -0.90537E-02  -0.40458E-01      12.58
  159    164.20   -0.96222  0.72778E-01  -0.99581E-02  -0.40099E-01      13.68
  160    164.67   -0.96441  0.73501E-01  -0.10761E-01  -0.39542E-01      14.64
  161    165.14   -0.96654  0.74145E-01  -0.11426E-01  -0.38817E-01      15.41
  162    165.60   -0.96860  0.74732E-01  -0.11930E-01  -0.37962E-01      15.96
  163    166.07   -0.97060  0.75280E-01  -0.12257E-01  -0.37013E-01      16.28
  164    166.54   -0.97254  0.75810E-01  -0.12405E-01  -0.35999E-01      16.36
  165    167.01   -0.97440  0.76339E-01  -0.12382E-01  -0.34942E-01      16.22
  166    167.48   -0.97621  0.76887E-01  -0.12201E-01  -0.33859E-01      15.87
  167    167.95   -0.97795  0.77471E-01  -0.11880E-01  -0.32759E-01      15.33
  168    168.41   -0.97962  0.78111E-01  -0.11440E-01  -0.31649E-01      14.65
  169    168.88   -0.98123  0.78821E-01  -0.10902E-01  -0.30535E-01      13.83
  170    169.35   -0.98277  0.79617E-01  -0.10285E-01  -0.29419E-01      12.92
  171    169.82   -0.98425  0.80512E-01  -0.96041E-02  -0.28302E-01      11.93
  172    170.29   -0.98566  0.81518E-01  -0.88722E-02  -0.27185E-01      10.88
  173    170.75   -0.98701  0.82643E-01  -0.80982E-02  -0.26070E-01       9.80
  174    171.22   -0.98829  0.83895E-01  -0.72893E-02  -0.24960E-01       8.69
  175    171.69   -0.98950  0.85282E-01  -0.64511E-02  -0.23859E-01       7.56
  176    172.16   -0.99065  0.86808E-01  -0.55875E-02  -0.22774E-01       6.44
  177    172.63   -0.99173  0.88474E-01  -0.47003E-02  -0.21722E-01       5.31
  178    173.09   -0.99275  0.90276E-01  -0.37889E-02  -0.20722E-01       4.20
  179    173.56   -0.99370  0.92202E-01  -0.28512E-02  -0.19808E-01       3.09
  180    174.03   -0.99458  0.94230E-01  -0.18852E-02  -0.19029E-01       2.00
  181    174.50   -0.99539  0.96317E-01  -0.89077E-03  -0.18463E-01       0.92
  182    174.97   -0.99614  0.98396E-01   0.12698E-03  -0.18223E-01      -0.13
  183    175.44   -0.99683  0.10036E+00   0.11546E-02  -0.18472E-01      -1.15
  184    175.90   -0.99744  0.10203E+00   0.21658E-02  -0.19455E-01      -2.12
  185    176.37   -0.99799  0.10315E+00   0.31141E-02  -0.21522E-01      -3.02
  186    176.84   -0.99848  0.10336E+00   0.39231E-02  -0.25156E-01      -3.80
  187    177.31   -0.99890  0.10216E+00   0.44733E-02  -0.30969E-01      -4.38
  188    177.78   -0.99925  0.99081E-01   0.45974E-02  -0.39597E-01      -4.64
  189    178.24   -0.99953  0.93954E-01   0.41126E-02  -0.51284E-01      -4.38
  190    178.71   -0.99975  0.87786E-01   0.29534E-02  -0.64902E-01      -3.36
  191    179.18   -0.99990  0.83451E-01   0.14310E-02  -0.76839E-01      -1.71
  192    179.64   -0.99998  0.83239E-01   0.28434E-03  -0.82888E-01      -0.34
  193    180.00   -1.00000  0.83876E-01   0.00000E+00  -0.83876E-01      -0.00

