 alpha final =    516.00000000000000     

     granulo :  rn =  1.0  rm = 0.02  ln sig =  0.770  pour r <  50. mic.
     ======================================================================

                    longueur d onde :  0.620 microns
                    ================================

     indice reel :   1.53000     indice imaginaire : -0.80000E-02


                    nombre de particules :  0.10163E+01

       Sections d extinction et de diffusion ramenees a une particule :
       ----------------------------------------------------------------
     extinction :  0.13880E-02 mic**2     diffusion :  0.13071E-02 mic**2

            Pizero : 0.941678                 g.assymetrie : 0.56501

 ------------------------------------------------------------------------------
   j      theta       mu         i             q             u         -q/i*100
 ------------------------------------------------------------------------------
 -193      0.00    1.00000  0.75550E+01   0.00000E+00   0.75550E+01      -0.00
 -192      0.36    0.99998  0.75536E+01  -0.24933E-04   0.75536E+01       0.00
 -191      0.82    0.99990  0.75479E+01  -0.13144E-03   0.75479E+01       0.00
 -190      1.29    0.99975  0.75377E+01  -0.32330E-03   0.75377E+01       0.00
 -189      1.76    0.99953  0.75231E+01  -0.60097E-03   0.75231E+01       0.01
 -188      2.22    0.99925  0.75041E+01  -0.96501E-03   0.75041E+01       0.01
 -187      2.69    0.99890  0.74810E+01  -0.14161E-02   0.74810E+01       0.02
 -186      3.16    0.99848  0.74538E+01  -0.19548E-02   0.74537E+01       0.03
 -185      3.63    0.99799  0.74226E+01  -0.25819E-02   0.74226E+01       0.03
 -184      4.10    0.99744  0.73878E+01  -0.32981E-02   0.73877E+01       0.04
 -183      4.56    0.99683  0.73494E+01  -0.41040E-02   0.73492E+01       0.06
 -182      5.03    0.99614  0.73075E+01  -0.50002E-02   0.73074E+01       0.07
 -181      5.50    0.99539  0.72625E+01  -0.59870E-02   0.72623E+01       0.08
 -180      5.97    0.99458  0.72144E+01  -0.70648E-02   0.72141E+01       0.10
 -179      6.44    0.99370  0.71635E+01  -0.82338E-02   0.71631E+01       0.11
 -178      6.91    0.99275  0.71098E+01  -0.94940E-02   0.71094E+01       0.13
 -177      7.37    0.99173  0.70537E+01  -0.10845E-01   0.70531E+01       0.15
 -176      7.84    0.99065  0.69951E+01  -0.12287E-01   0.69944E+01       0.18
 -175      8.31    0.98950  0.69344E+01  -0.13820E-01   0.69335E+01       0.20
 -174      8.78    0.98829  0.68716E+01  -0.15442E-01   0.68705E+01       0.22
 -173      9.25    0.98701  0.68069E+01  -0.17152E-01   0.68056E+01       0.25
 -172      9.71    0.98566  0.67405E+01  -0.18951E-01   0.67390E+01       0.28
 -171     10.18    0.98425  0.66725E+01  -0.20836E-01   0.66707E+01       0.31
 -170     10.65    0.98277  0.66030E+01  -0.22807E-01   0.66009E+01       0.35
 -169     11.12    0.98123  0.65321E+01  -0.24862E-01   0.65298E+01       0.38
 -168     11.59    0.97962  0.64601E+01  -0.26998E-01   0.64575E+01       0.42
 -167     12.05    0.97795  0.63869E+01  -0.29215E-01   0.63840E+01       0.46
 -166     12.52    0.97621  0.63128E+01  -0.31510E-01   0.63095E+01       0.50
 -165     12.99    0.97440  0.62378E+01  -0.33882E-01   0.62342E+01       0.54
 -164     13.46    0.97254  0.61621E+01  -0.36327E-01   0.61581E+01       0.59
 -163     13.93    0.97060  0.60857E+01  -0.38843E-01   0.60813E+01       0.64
 -162     14.40    0.96860  0.60088E+01  -0.41429E-01   0.60040E+01       0.69
 -161     14.86    0.96654  0.59314E+01  -0.44080E-01   0.59261E+01       0.74
 -160     15.33    0.96441  0.58537E+01  -0.46794E-01   0.58479E+01       0.80
 -159     15.80    0.96222  0.57756E+01  -0.49569E-01   0.57694E+01       0.86
 -158     16.27    0.95996  0.56973E+01  -0.52401E-01   0.56906E+01       0.92
 -157     16.74    0.95764  0.56189E+01  -0.55288E-01   0.56117E+01       0.98
 -156     17.20    0.95526  0.55405E+01  -0.58225E-01   0.55328E+01       1.05
 -155     17.67    0.95281  0.54621E+01  -0.61210E-01   0.54538E+01       1.12
 -154     18.14    0.95030  0.53837E+01  -0.64240E-01   0.53749E+01       1.19
 -153     18.61    0.94772  0.53055E+01  -0.67311E-01   0.52961E+01       1.27
 -152     19.08    0.94508  0.52274E+01  -0.70419E-01   0.52175E+01       1.35
 -151     19.54    0.94238  0.51496E+01  -0.73562E-01   0.51392E+01       1.43
 -150     20.01    0.93961  0.50722E+01  -0.76737E-01   0.50611E+01       1.51
 -149     20.48    0.93679  0.49950E+01  -0.79939E-01   0.49834E+01       1.60
 -148     20.95    0.93390  0.49183E+01  -0.83165E-01   0.49060E+01       1.69
 -147     21.42    0.93094  0.48420E+01  -0.86413E-01   0.48291E+01       1.78
 -146     21.89    0.92793  0.47662E+01  -0.89678E-01   0.47526E+01       1.88
 -145     22.35    0.92485  0.46909E+01  -0.92959E-01   0.46767E+01       1.98
 -144     22.82    0.92171  0.46162E+01  -0.96250E-01   0.46013E+01       2.09
 -143     23.29    0.91851  0.45420E+01  -0.99551E-01   0.45264E+01       2.19
 -142     23.76    0.91525  0.44685E+01  -0.10286E+00   0.44522E+01       2.30
 -141     24.23    0.91193  0.43956E+01  -0.10616E+00   0.43786E+01       2.42
 -140     24.69    0.90855  0.43233E+01  -0.10947E+00   0.43057E+01       2.53
 -139     25.16    0.90510  0.42518E+01  -0.11278E+00   0.42334E+01       2.65
 -138     25.63    0.90160  0.41810E+01  -0.11607E+00   0.41618E+01       2.78
 -137     26.10    0.89804  0.41109E+01  -0.11936E+00   0.40910E+01       2.90
 -136     26.57    0.89441  0.40416E+01  -0.12264E+00   0.40209E+01       3.03
 -135     27.04    0.89073  0.39730E+01  -0.12590E+00   0.39516E+01       3.17
 -134     27.50    0.88698  0.39052E+01  -0.12915E+00   0.38830E+01       3.31
 -133     27.97    0.88318  0.38382E+01  -0.13238E+00   0.38152E+01       3.45
 -132     28.44    0.87932  0.37721E+01  -0.13559E+00   0.37483E+01       3.59
 -131     28.91    0.87540  0.37067E+01  -0.13877E+00   0.36821E+01       3.74
 -130     29.38    0.87142  0.36422E+01  -0.14193E+00   0.36167E+01       3.90
 -129     29.84    0.86738  0.35785E+01  -0.14507E+00   0.35522E+01       4.05
 -128     30.31    0.86329  0.35157E+01  -0.14817E+00   0.34885E+01       4.21
 -127     30.78    0.85914  0.34537E+01  -0.15124E+00   0.34257E+01       4.38
 -126     31.25    0.85493  0.33925E+01  -0.15428E+00   0.33636E+01       4.55
 -125     31.72    0.85066  0.33323E+01  -0.15729E+00   0.33025E+01       4.72
 -124     32.18    0.84634  0.32728E+01  -0.16026E+00   0.32421E+01       4.90
 -123     32.65    0.84195  0.32143E+01  -0.16319E+00   0.31827E+01       5.08
 -122     33.12    0.83752  0.31566E+01  -0.16608E+00   0.31240E+01       5.26
 -121     33.59    0.83303  0.30997E+01  -0.16893E+00   0.30663E+01       5.45
 -120     34.06    0.82848  0.30437E+01  -0.17175E+00   0.30093E+01       5.64
 -119     34.53    0.82387  0.29886E+01  -0.17451E+00   0.29533E+01       5.84
 -118     34.99    0.81922  0.29343E+01  -0.17724E+00   0.28980E+01       6.04
 -117     35.46    0.81450  0.28809E+01  -0.17992E+00   0.28436E+01       6.25
 -116     35.93    0.80974  0.28283E+01  -0.18255E+00   0.27901E+01       6.45
 -115     36.40    0.80491  0.27766E+01  -0.18513E+00   0.27374E+01       6.67
 -114     36.87    0.80004  0.27257E+01  -0.18767E+00   0.26855E+01       6.89
 -113     37.33    0.79511  0.26756E+01  -0.19016E+00   0.26344E+01       7.11
 -112     37.80    0.79013  0.26264E+01  -0.19260E+00   0.25842E+01       7.33
 -111     38.27    0.78509  0.25779E+01  -0.19499E+00   0.25347E+01       7.56
 -110     38.74    0.78001  0.25303E+01  -0.19733E+00   0.24861E+01       7.80
 -109     39.21    0.77487  0.24835E+01  -0.19962E+00   0.24382E+01       8.04
 -108     39.67    0.76968  0.24375E+01  -0.20185E+00   0.23912E+01       8.28
 -107     40.14    0.76444  0.23923E+01  -0.20404E+00   0.23449E+01       8.53
 -106     40.61    0.75914  0.23479E+01  -0.20617E+00   0.22995E+01       8.78
 -105     41.08    0.75380  0.23042E+01  -0.20825E+00   0.22547E+01       9.04
 -104     41.55    0.74841  0.22613E+01  -0.21027E+00   0.22108E+01       9.30
 -103     42.02    0.74296  0.22192E+01  -0.21224E+00   0.21676E+01       9.56
 -102     42.48    0.73747  0.21778E+01  -0.21416E+00   0.21251E+01       9.83
 -101     42.95    0.73193  0.21372E+01  -0.21602E+00   0.20834E+01      10.11
 -100     43.42    0.72633  0.20973E+01  -0.21783E+00   0.20424E+01      10.39
  -99     43.89    0.72069  0.20581E+01  -0.21959E+00   0.20021E+01      10.67
  -98     44.36    0.71501  0.20196E+01  -0.22129E+00   0.19625E+01      10.96
  -97     44.82    0.70927  0.19818E+01  -0.22294E+00   0.19236E+01      11.25
  -96     45.29    0.70349  0.19448E+01  -0.22453E+00   0.18854E+01      11.55
  -95     45.76    0.69766  0.19084E+01  -0.22607E+00   0.18479E+01      11.85
  -94     46.23    0.69178  0.18727E+01  -0.22756E+00   0.18111E+01      12.15
  -93     46.70    0.68586  0.18376E+01  -0.22899E+00   0.17749E+01      12.46
  -92     47.17    0.67989  0.18032E+01  -0.23037E+00   0.17394E+01      12.78
  -91     47.63    0.67387  0.17695E+01  -0.23170E+00   0.17045E+01      13.09
  -90     48.10    0.66781  0.17364E+01  -0.23297E+00   0.16702E+01      13.42
  -89     48.57    0.66171  0.17039E+01  -0.23419E+00   0.16366E+01      13.74
  -88     49.04    0.65556  0.16720E+01  -0.23536E+00   0.16035E+01      14.08
  -87     49.51    0.64937  0.16408E+01  -0.23648E+00   0.15711E+01      14.41
  -86     49.97    0.64313  0.16101E+01  -0.23754E+00   0.15393E+01      14.75
  -85     50.44    0.63686  0.15801E+01  -0.23856E+00   0.15080E+01      15.10
  -84     50.91    0.63054  0.15506E+01  -0.23952E+00   0.14774E+01      15.45
  -83     51.38    0.62417  0.15217E+01  -0.24043E+00   0.14473E+01      15.80
  -82     51.85    0.61777  0.14933E+01  -0.24129E+00   0.14177E+01      16.16
  -81     52.31    0.61132  0.14655E+01  -0.24210E+00   0.13887E+01      16.52
  -80     52.78    0.60484  0.14382E+01  -0.24287E+00   0.13602E+01      16.89
  -79     53.25    0.59831  0.14115E+01  -0.24358E+00   0.13323E+01      17.26
  -78     53.72    0.59174  0.13853E+01  -0.24425E+00   0.13049E+01      17.63
  -77     54.19    0.58514  0.13596E+01  -0.24486E+00   0.12779E+01      18.01
  -76     54.66    0.57849  0.13344E+01  -0.24543E+00   0.12515E+01      18.39
  -75     55.12    0.57181  0.13097E+01  -0.24596E+00   0.12256E+01      18.78
  -74     55.59    0.56509  0.12855E+01  -0.24644E+00   0.12002E+01      19.17
  -73     56.06    0.55833  0.12618E+01  -0.24687E+00   0.11752E+01      19.56
  -72     56.53    0.55153  0.12386E+01  -0.24725E+00   0.11507E+01      19.96
  -71     57.00    0.54470  0.12158E+01  -0.24760E+00   0.11267E+01      20.36
  -70     57.46    0.53783  0.11935E+01  -0.24789E+00   0.11031E+01      20.77
  -69     57.93    0.53092  0.11716E+01  -0.24815E+00   0.10800E+01      21.18
  -68     58.40    0.52398  0.11502E+01  -0.24836E+00   0.10573E+01      21.59
  -67     58.87    0.51700  0.11292E+01  -0.24853E+00   0.10350E+01      22.01
  -66     59.34    0.50999  0.11086E+01  -0.24865E+00   0.10132E+01      22.43
  -65     59.80    0.50294  0.10884E+01  -0.24874E+00   0.99171E+00      22.85
  -64     60.27    0.49587  0.10686E+01  -0.24879E+00   0.97067E+00      23.28
  -63     60.74    0.48875  0.10493E+01  -0.24879E+00   0.95002E+00      23.71
  -62     61.21    0.48161  0.10303E+01  -0.24876E+00   0.92976E+00      24.14
  -61     61.68    0.47443  0.10117E+01  -0.24868E+00   0.90989E+00      24.58
  -60     62.15    0.46723  0.99354E+00  -0.24857E+00   0.89039E+00      25.02
  -59     62.61    0.45999  0.97571E+00  -0.24842E+00   0.87126E+00      25.46
  -58     63.08    0.45272  0.95825E+00  -0.24824E+00   0.85248E+00      25.91
  -57     63.55    0.44542  0.94114E+00  -0.24802E+00   0.83407E+00      26.35
  -56     64.02    0.43809  0.92438E+00  -0.24776E+00   0.81599E+00      26.80
  -55     64.49    0.43073  0.90797E+00  -0.24746E+00   0.79826E+00      27.25
  -54     64.95    0.42334  0.89190E+00  -0.24714E+00   0.78087E+00      27.71
  -53     65.42    0.41592  0.87616E+00  -0.24677E+00   0.76380E+00      28.17
  -52     65.89    0.40848  0.86075E+00  -0.24638E+00   0.74705E+00      28.62
  -51     66.36    0.40101  0.84565E+00  -0.24595E+00   0.73062E+00      29.08
  -50     66.83    0.39351  0.83087E+00  -0.24549E+00   0.71449E+00      29.55
  -49     67.30    0.38598  0.81639E+00  -0.24500E+00   0.69867E+00      30.01
  -48     67.76    0.37843  0.80222E+00  -0.24448E+00   0.68315E+00      30.48
  -47     68.23    0.37086  0.78834E+00  -0.24392E+00   0.66792E+00      30.94
  -46     68.70    0.36326  0.77475E+00  -0.24334E+00   0.65298E+00      31.41
  -45     69.17    0.35563  0.76145E+00  -0.24273E+00   0.63831E+00      31.88
  -44     69.64    0.34798  0.74842E+00  -0.24208E+00   0.62392E+00      32.35
  -43     70.10    0.34031  0.73567E+00  -0.24141E+00   0.60980E+00      32.82
  -42     70.57    0.33262  0.72318E+00  -0.24072E+00   0.59594E+00      33.29
  -41     71.04    0.32490  0.71096E+00  -0.23999E+00   0.58235E+00      33.76
  -40     71.51    0.31716  0.69900E+00  -0.23924E+00   0.56900E+00      34.23
  -39     71.98    0.30941  0.68729E+00  -0.23846E+00   0.55591E+00      34.70
  -38     72.44    0.30163  0.67582E+00  -0.23766E+00   0.54306E+00      35.17
  -37     72.91    0.29383  0.66461E+00  -0.23683E+00   0.53045E+00      35.63
  -36     73.38    0.28601  0.65362E+00  -0.23597E+00   0.51807E+00      36.10
  -35     73.85    0.27817  0.64288E+00  -0.23510E+00   0.50592E+00      36.57
  -34     74.32    0.27031  0.63236E+00  -0.23419E+00   0.49400E+00      37.03
  -33     74.79    0.26243  0.62207E+00  -0.23327E+00   0.48230E+00      37.50
  -32     75.25    0.25454  0.61199E+00  -0.23232E+00   0.47082E+00      37.96
  -31     75.72    0.24663  0.60214E+00  -0.23135E+00   0.45955E+00      38.42
  -30     76.19    0.23871  0.59249E+00  -0.23036E+00   0.44848E+00      38.88
  -29     76.66    0.23076  0.58306E+00  -0.22935E+00   0.43763E+00      39.34
  -28     77.13    0.22281  0.57382E+00  -0.22831E+00   0.42697E+00      39.79
  -27     77.59    0.21483  0.56479E+00  -0.22726E+00   0.41650E+00      40.24
  -26     78.06    0.20685  0.55595E+00  -0.22619E+00   0.40623E+00      40.68
  -25     78.53    0.19885  0.54731E+00  -0.22509E+00   0.39615E+00      41.13
  -24     79.00    0.19083  0.53885E+00  -0.22398E+00   0.38625E+00      41.57
  -23     79.47    0.18280  0.53058E+00  -0.22285E+00   0.37654E+00      42.00
  -22     79.93    0.17477  0.52249E+00  -0.22170E+00   0.36700E+00      42.43
  -21     80.40    0.16671  0.51458E+00  -0.22054E+00   0.35763E+00      42.86
  -20     80.87    0.15865  0.50684E+00  -0.21936E+00   0.34844E+00      43.28
  -19     81.34    0.15058  0.49927E+00  -0.21816E+00   0.33941E+00      43.69
  -18     81.81    0.14250  0.49187E+00  -0.21694E+00   0.33054E+00      44.11
  -17     82.28    0.13441  0.48463E+00  -0.21571E+00   0.32184E+00      44.51
  -16     82.74    0.12631  0.47756E+00  -0.21446E+00   0.31329E+00      44.91
  -15     83.21    0.11820  0.47064E+00  -0.21320E+00   0.30490E+00      45.30
  -14     83.68    0.11008  0.46388E+00  -0.21192E+00   0.29666E+00      45.68
  -13     84.15    0.10195  0.45727E+00  -0.21063E+00   0.28857E+00      46.06
  -12     84.62    0.09382  0.45080E+00  -0.20932E+00   0.28062E+00      46.43
  -11     85.08    0.08569  0.44449E+00  -0.20800E+00   0.27281E+00      46.80
  -10     85.55    0.07754  0.43832E+00  -0.20667E+00   0.26514E+00      47.15
   -9     86.02    0.06939  0.43228E+00  -0.20532E+00   0.25761E+00      47.50
   -8     86.49    0.06124  0.42639E+00  -0.20396E+00   0.25021E+00      47.83
   -7     86.96    0.05308  0.42063E+00  -0.20259E+00   0.24295E+00      48.16
   -6     87.43    0.04492  0.41500E+00  -0.20120E+00   0.23581E+00      48.48
   -5     87.89    0.03676  0.40951E+00  -0.19981E+00   0.22879E+00      48.79
   -4     88.36    0.02859  0.40414E+00  -0.19840E+00   0.22191E+00      49.09
   -3     88.83    0.02043  0.39889E+00  -0.19698E+00   0.21514E+00      49.38
   -2     89.30    0.01226  0.39377E+00  -0.19556E+00   0.20849E+00      49.66
   -1     89.77    0.00409  0.38877E+00  -0.19412E+00   0.20195E+00      49.93
    0     90.00    0.00000  0.38631E+00  -0.19339E+00   0.19873E+00      50.06
    1     90.23   -0.00409  0.38388E+00  -0.19267E+00   0.19553E+00      50.19
    2     90.70   -0.01226  0.37911E+00  -0.19121E+00   0.18922E+00      50.44
    3     91.17   -0.02043  0.37446E+00  -0.18974E+00   0.18302E+00      50.67
    4     91.64   -0.02859  0.36991E+00  -0.18826E+00   0.17693E+00      50.89
    5     92.11   -0.03676  0.36548E+00  -0.18677E+00   0.17094E+00      51.10
    6     92.57   -0.04492  0.36115E+00  -0.18528E+00   0.16505E+00      51.30
    7     93.04   -0.05308  0.35693E+00  -0.18377E+00   0.15927E+00      51.49
    8     93.51   -0.06124  0.35280E+00  -0.18226E+00   0.15358E+00      51.66
    9     93.98   -0.06939  0.34879E+00  -0.18074E+00   0.14799E+00      51.82
   10     94.45   -0.07754  0.34486E+00  -0.17921E+00   0.14249E+00      51.96
   11     94.92   -0.08569  0.34104E+00  -0.17767E+00   0.13709E+00      52.10
   12     95.38   -0.09382  0.33731E+00  -0.17613E+00   0.13177E+00      52.21
   13     95.85   -0.10195  0.33368E+00  -0.17458E+00   0.12655E+00      52.32
   14     96.32   -0.11008  0.33014E+00  -0.17302E+00   0.12141E+00      52.41
   15     96.79   -0.11820  0.32668E+00  -0.17145E+00   0.11636E+00      52.48
   16     97.26   -0.12631  0.32332E+00  -0.16988E+00   0.11139E+00      52.54
   17     97.72   -0.13441  0.32004E+00  -0.16831E+00   0.10650E+00      52.59
   18     98.19   -0.14250  0.31685E+00  -0.16672E+00   0.10170E+00      52.62
   19     98.66   -0.15058  0.31374E+00  -0.16513E+00   0.96967E-01      52.63
   20     99.13   -0.15865  0.31072E+00  -0.16354E+00   0.92315E-01      52.63
   21     99.60   -0.16671  0.30777E+00  -0.16194E+00   0.87738E-01      52.62
   22    100.07   -0.17477  0.30490E+00  -0.16034E+00   0.83235E-01      52.59
   23    100.53   -0.18280  0.30211E+00  -0.15873E+00   0.78803E-01      52.54
   24    101.00   -0.19083  0.29940E+00  -0.15711E+00   0.74443E-01      52.48
   25    101.47   -0.19885  0.29676E+00  -0.15549E+00   0.70151E-01      52.40
   26    101.94   -0.20685  0.29419E+00  -0.15387E+00   0.65927E-01      52.30
   27    102.41   -0.21483  0.29170E+00  -0.15224E+00   0.61770E-01      52.19
   28    102.87   -0.22281  0.28927E+00  -0.15061E+00   0.57677E-01      52.06
   29    103.34   -0.23076  0.28692E+00  -0.14897E+00   0.53647E-01      51.92
   30    103.81   -0.23871  0.28463E+00  -0.14733E+00   0.49680E-01      51.76
   31    104.28   -0.24663  0.28241E+00  -0.14569E+00   0.45774E-01      51.59
   32    104.75   -0.25454  0.28026E+00  -0.14404E+00   0.41926E-01      51.40
   33    105.21   -0.26243  0.27817E+00  -0.14239E+00   0.38137E-01      51.19
   34    105.68   -0.27031  0.27614E+00  -0.14074E+00   0.34406E-01      50.97
   35    106.15   -0.27817  0.27417E+00  -0.13909E+00   0.30729E-01      50.73
   36    106.62   -0.28601  0.27227E+00  -0.13743E+00   0.27107E-01      50.47
   37    107.09   -0.29383  0.27042E+00  -0.13577E+00   0.23539E-01      50.20
   38    107.56   -0.30163  0.26864E+00  -0.13410E+00   0.20023E-01      49.92
   39    108.02   -0.30941  0.26691E+00  -0.13244E+00   0.16557E-01      49.62
   40    108.49   -0.31716  0.26524E+00  -0.13077E+00   0.13142E-01      49.30
   41    108.96   -0.32490  0.26362E+00  -0.12910E+00   0.97749E-02      48.97
   42    109.43   -0.33262  0.26206E+00  -0.12742E+00   0.64558E-02      48.62
   43    109.90   -0.34031  0.26055E+00  -0.12575E+00   0.31832E-02      48.26
   44    110.36   -0.34798  0.25910E+00  -0.12407E+00  -0.43814E-04      47.89
   45    110.83   -0.35563  0.25769E+00  -0.12240E+00  -0.32264E-02      47.50
   46    111.30   -0.36326  0.25634E+00  -0.12072E+00  -0.63655E-02      47.09
   47    111.77   -0.37086  0.25503E+00  -0.11904E+00  -0.94622E-02      46.67
   48    112.24   -0.37843  0.25378E+00  -0.11735E+00  -0.12517E-01      46.24
   49    112.70   -0.38598  0.25257E+00  -0.11567E+00  -0.15532E-01      45.80
   50    113.17   -0.39351  0.25142E+00  -0.11399E+00  -0.18507E-01      45.34
   51    113.64   -0.40101  0.25030E+00  -0.11230E+00  -0.21444E-01      44.87
   52    114.11   -0.40848  0.24924E+00  -0.11062E+00  -0.24343E-01      44.38
   53    114.58   -0.41592  0.24821E+00  -0.10893E+00  -0.27206E-01      43.89
   54    115.05   -0.42334  0.24723E+00  -0.10724E+00  -0.30032E-01      43.38
   55    115.51   -0.43073  0.24630E+00  -0.10555E+00  -0.32824E-01      42.86
   56    115.98   -0.43809  0.24541E+00  -0.10387E+00  -0.35581E-01      42.32
   57    116.45   -0.44542  0.24456E+00  -0.10218E+00  -0.38306E-01      41.78
   58    116.92   -0.45272  0.24375E+00  -0.10049E+00  -0.40998E-01      41.23
   59    117.39   -0.45999  0.24298E+00  -0.98803E-01  -0.43659E-01      40.66
   60    117.85   -0.46723  0.24225E+00  -0.97115E-01  -0.46289E-01      40.09
   61    118.32   -0.47443  0.24155E+00  -0.95427E-01  -0.48889E-01      39.51
   62    118.79   -0.48161  0.24090E+00  -0.93740E-01  -0.51460E-01      38.91
   63    119.26   -0.48875  0.24029E+00  -0.92054E-01  -0.54003E-01      38.31
   64    119.73   -0.49587  0.23971E+00  -0.90368E-01  -0.56518E-01      37.70
   65    120.20   -0.50294  0.23916E+00  -0.88682E-01  -0.59007E-01      37.08
   66    120.66   -0.50999  0.23866E+00  -0.86998E-01  -0.61470E-01      36.45
   67    121.13   -0.51700  0.23818E+00  -0.85314E-01  -0.63908E-01      35.82
   68    121.60   -0.52398  0.23775E+00  -0.83632E-01  -0.66322E-01      35.18
   69    122.07   -0.53092  0.23734E+00  -0.81951E-01  -0.68711E-01      34.53
   70    122.54   -0.53783  0.23697E+00  -0.80271E-01  -0.71078E-01      33.87
   71    123.00   -0.54470  0.23663E+00  -0.78593E-01  -0.73423E-01      33.21
   72    123.47   -0.55153  0.23633E+00  -0.76916E-01  -0.75746E-01      32.55
   73    123.94   -0.55833  0.23605E+00  -0.75241E-01  -0.78048E-01      31.88
   74    124.41   -0.56509  0.23581E+00  -0.73568E-01  -0.80330E-01      31.20
   75    124.88   -0.57181  0.23559E+00  -0.71897E-01  -0.82593E-01      30.52
   76    125.34   -0.57849  0.23541E+00  -0.70228E-01  -0.84837E-01      29.83
   77    125.81   -0.58514  0.23525E+00  -0.68562E-01  -0.87063E-01      29.14
   78    126.28   -0.59174  0.23512E+00  -0.66898E-01  -0.89272E-01      28.45
   79    126.75   -0.59831  0.23502E+00  -0.65237E-01  -0.91464E-01      27.76
   80    127.22   -0.60484  0.23495E+00  -0.63579E-01  -0.93639E-01      27.06
   81    127.69   -0.61132  0.23491E+00  -0.61923E-01  -0.95800E-01      26.36
   82    128.15   -0.61777  0.23489E+00  -0.60271E-01  -0.97946E-01      25.66
   83    128.62   -0.62417  0.23490E+00  -0.58622E-01  -0.10008E+00      24.96
   84    129.09   -0.63054  0.23493E+00  -0.56977E-01  -0.10220E+00      24.25
   85    129.56   -0.63686  0.23499E+00  -0.55336E-01  -0.10430E+00      23.55
   86    130.03   -0.64313  0.23507E+00  -0.53699E-01  -0.10639E+00      22.84
   87    130.49   -0.64937  0.23518E+00  -0.52066E-01  -0.10847E+00      22.14
   88    130.96   -0.65556  0.23531E+00  -0.50437E-01  -0.11055E+00      21.43
   89    131.43   -0.66171  0.23546E+00  -0.48813E-01  -0.11261E+00      20.73
   90    131.90   -0.66781  0.23563E+00  -0.47195E-01  -0.11466E+00      20.03
   91    132.37   -0.67387  0.23583E+00  -0.45581E-01  -0.11670E+00      19.33
   92    132.83   -0.67989  0.23605E+00  -0.43973E-01  -0.11873E+00      18.63
   93    133.30   -0.68586  0.23629E+00  -0.42371E-01  -0.12075E+00      17.93
   94    133.77   -0.69178  0.23655E+00  -0.40775E-01  -0.12277E+00      17.24
   95    134.24   -0.69766  0.23683E+00  -0.39185E-01  -0.12478E+00      16.55
   96    134.71   -0.70349  0.23712E+00  -0.37602E-01  -0.12679E+00      15.86
   97    135.18   -0.70927  0.23744E+00  -0.36026E-01  -0.12878E+00      15.17
   98    135.64   -0.71501  0.23778E+00  -0.34457E-01  -0.13078E+00      14.49
   99    136.11   -0.72069  0.23813E+00  -0.32896E-01  -0.13277E+00      13.81
  100    136.58   -0.72633  0.23850E+00  -0.31344E-01  -0.13475E+00      13.14
  101    137.05   -0.73193  0.23889E+00  -0.29800E-01  -0.13673E+00      12.47
  102    137.52   -0.73747  0.23929E+00  -0.28265E-01  -0.13871E+00      11.81
  103    137.98   -0.74296  0.23971E+00  -0.26740E-01  -0.14069E+00      11.15
  104    138.45   -0.74841  0.24015E+00  -0.25224E-01  -0.14267E+00      10.50
  105    138.92   -0.75380  0.24060E+00  -0.23719E-01  -0.14464E+00       9.86
  106    139.39   -0.75914  0.24106E+00  -0.22226E-01  -0.14661E+00       9.22
  107    139.86   -0.76444  0.24154E+00  -0.20743E-01  -0.14859E+00       8.59
  108    140.33   -0.76968  0.24203E+00  -0.19273E-01  -0.15056E+00       7.96
  109    140.79   -0.77487  0.24253E+00  -0.17815E-01  -0.15253E+00       7.35
  110    141.26   -0.78001  0.24305E+00  -0.16371E-01  -0.15451E+00       6.74
  111    141.73   -0.78509  0.24358E+00  -0.14941E-01  -0.15649E+00       6.13
  112    142.20   -0.79013  0.24411E+00  -0.13525E-01  -0.15847E+00       5.54
  113    142.67   -0.79511  0.24466E+00  -0.12125E-01  -0.16045E+00       4.96
  114    143.13   -0.80004  0.24522E+00  -0.10741E-01  -0.16244E+00       4.38
  115    143.60   -0.80491  0.24579E+00  -0.93732E-02  -0.16443E+00       3.81
  116    144.07   -0.80974  0.24636E+00  -0.80234E-02  -0.16643E+00       3.26
  117    144.54   -0.81450  0.24695E+00  -0.66922E-02  -0.16843E+00       2.71
  118    145.01   -0.81922  0.24754E+00  -0.53803E-02  -0.17043E+00       2.17
  119    145.47   -0.82387  0.24814E+00  -0.40886E-02  -0.17244E+00       1.65
  120    145.94   -0.82848  0.24874E+00  -0.28181E-02  -0.17446E+00       1.13
  121    146.41   -0.83303  0.24936E+00  -0.15697E-02  -0.17649E+00       0.63
  122    146.88   -0.83752  0.24997E+00  -0.34436E-03  -0.17852E+00       0.14
  123    147.35   -0.84195  0.25060E+00   0.85682E-03  -0.18056E+00      -0.34
  124    147.82   -0.84634  0.25122E+00   0.20328E-02  -0.18260E+00      -0.81
  125    148.28   -0.85066  0.25185E+00   0.31826E-02  -0.18466E+00      -1.26
  126    148.75   -0.85493  0.25249E+00   0.43049E-02  -0.18672E+00      -1.70
  127    149.22   -0.85914  0.25313E+00   0.53988E-02  -0.18879E+00      -2.13
  128    149.69   -0.86329  0.25377E+00   0.64630E-02  -0.19088E+00      -2.55
  129    150.16   -0.86738  0.25441E+00   0.74963E-02  -0.19297E+00      -2.95
  130    150.62   -0.87142  0.25506E+00   0.84975E-02  -0.19507E+00      -3.33
  131    151.09   -0.87540  0.25571E+00   0.94654E-02  -0.19718E+00      -3.70
  132    151.56   -0.87932  0.25636E+00   0.10399E-01  -0.19930E+00      -4.06
  133    152.03   -0.88318  0.25701E+00   0.11296E-01  -0.20142E+00      -4.40
  134    152.50   -0.88698  0.25766E+00   0.12157E-01  -0.20356E+00      -4.72
  135    152.96   -0.89073  0.25831E+00   0.12979E-01  -0.20571E+00      -5.02
  136    153.43   -0.89441  0.25897E+00   0.13761E-01  -0.20787E+00      -5.31
  137    153.90   -0.89804  0.25963E+00   0.14502E-01  -0.21004E+00      -5.59
  138    154.37   -0.90160  0.26029E+00   0.15201E-01  -0.21222E+00      -5.84
  139    154.84   -0.90510  0.26095E+00   0.15857E-01  -0.21441E+00      -6.08
  140    155.31   -0.90855  0.26162E+00   0.16468E-01  -0.21661E+00      -6.29
  141    155.77   -0.91193  0.26229E+00   0.17034E-01  -0.21882E+00      -6.49
  142    156.24   -0.91525  0.26296E+00   0.17552E-01  -0.22104E+00      -6.67
  143    156.71   -0.91851  0.26364E+00   0.18023E-01  -0.22327E+00      -6.84
  144    157.18   -0.92171  0.26432E+00   0.18445E-01  -0.22550E+00      -6.98
  145    157.65   -0.92485  0.26502E+00   0.18816E-01  -0.22775E+00      -7.10
  146    158.11   -0.92793  0.26572E+00   0.19137E-01  -0.23000E+00      -7.20
  147    158.58   -0.93094  0.26643E+00   0.19407E-01  -0.23226E+00      -7.28
  148    159.05   -0.93390  0.26715E+00   0.19624E-01  -0.23453E+00      -7.35
  149    159.52   -0.93679  0.26788E+00   0.19789E-01  -0.23680E+00      -7.39
  150    159.99   -0.93961  0.26863E+00   0.19901E-01  -0.23908E+00      -7.41
  151    160.46   -0.94238  0.26940E+00   0.19960E-01  -0.24137E+00      -7.41
  152    160.92   -0.94508  0.27018E+00   0.19966E-01  -0.24365E+00      -7.39
  153    161.39   -0.94772  0.27099E+00   0.19919E-01  -0.24595E+00      -7.35
  154    161.86   -0.95030  0.27182E+00   0.19819E-01  -0.24824E+00      -7.29
  155    162.33   -0.95281  0.27267E+00   0.19667E-01  -0.25054E+00      -7.21
  156    162.80   -0.95526  0.27355E+00   0.19463E-01  -0.25284E+00      -7.12
  157    163.26   -0.95764  0.27446E+00   0.19209E-01  -0.25514E+00      -7.00
  158    163.73   -0.95996  0.27540E+00   0.18906E-01  -0.25743E+00      -6.86
  159    164.20   -0.96222  0.27637E+00   0.18554E-01  -0.25973E+00      -6.71
  160    164.67   -0.96441  0.27738E+00   0.18156E-01  -0.26202E+00      -6.55
  161    165.14   -0.96654  0.27842E+00   0.17714E-01  -0.26430E+00      -6.36
  162    165.60   -0.96860  0.27950E+00   0.17229E-01  -0.26658E+00      -6.16
  163    166.07   -0.97060  0.28062E+00   0.16703E-01  -0.26885E+00      -5.95
  164    166.54   -0.97254  0.28178E+00   0.16140E-01  -0.27110E+00      -5.73
  165    167.01   -0.97440  0.28297E+00   0.15541E-01  -0.27334E+00      -5.49
  166    167.48   -0.97621  0.28420E+00   0.14910E-01  -0.27557E+00      -5.25
  167    167.95   -0.97795  0.28547E+00   0.14251E-01  -0.27778E+00      -4.99
  168    168.41   -0.97962  0.28678E+00   0.13565E-01  -0.27996E+00      -4.73
  169    168.88   -0.98123  0.28811E+00   0.12857E-01  -0.28212E+00      -4.46
  170    169.35   -0.98277  0.28948E+00   0.12130E-01  -0.28424E+00      -4.19
  171    169.82   -0.98425  0.29087E+00   0.11389E-01  -0.28634E+00      -3.92
  172    170.29   -0.98566  0.29228E+00   0.10637E-01  -0.28839E+00      -3.64
  173    170.75   -0.98701  0.29371E+00   0.98782E-02  -0.29041E+00      -3.36
  174    171.22   -0.98829  0.29515E+00   0.91172E-02  -0.29237E+00      -3.09
  175    171.69   -0.98950  0.29659E+00   0.83583E-02  -0.29428E+00      -2.82
  176    172.16   -0.99065  0.29802E+00   0.76059E-02  -0.29613E+00      -2.55
  177    172.63   -0.99173  0.29945E+00   0.68646E-02  -0.29792E+00      -2.29
  178    173.09   -0.99275  0.30085E+00   0.61391E-02  -0.29964E+00      -2.04
  179    173.56   -0.99370  0.30222E+00   0.54338E-02  -0.30128E+00      -1.80
  180    174.03   -0.99458  0.30356E+00   0.47535E-02  -0.30284E+00      -1.57
  181    174.50   -0.99539  0.30484E+00   0.41026E-02  -0.30431E+00      -1.35
  182    174.97   -0.99614  0.30607E+00   0.34857E-02  -0.30569E+00      -1.14
  183    175.44   -0.99683  0.30723E+00   0.29070E-02  -0.30696E+00      -0.95
  184    175.90   -0.99744  0.30831E+00   0.23708E-02  -0.30813E+00      -0.77
  185    176.37   -0.99799  0.30930E+00   0.18810E-02  -0.30919E+00      -0.61
  186    176.84   -0.99848  0.31020E+00   0.14414E-02  -0.31014E+00      -0.46
  187    177.31   -0.99890  0.31099E+00   0.10552E-02  -0.31096E+00      -0.34
  188    177.78   -0.99925  0.31167E+00   0.72562E-03  -0.31165E+00      -0.23
  189    178.24   -0.99953  0.31223E+00   0.45526E-03  -0.31222E+00      -0.15
  190    178.71   -0.99975  0.31266E+00   0.24632E-03  -0.31266E+00      -0.08
  191    179.18   -0.99990  0.31297E+00   0.10055E-03  -0.31297E+00      -0.03
  192    179.64   -0.99998  0.31314E+00   0.19116E-04  -0.31314E+00      -0.01
  193    180.00   -1.00000  0.31318E+00   0.00000E+00  -0.31318E+00      -0.00

