 alpha final =    516.00000000000000     

     granulo :  rn =  1.0  rm = 0.56  ln sig =  0.266  pour r <  50. mic.
     ======================================================================

                    longueur d onde :  0.620 microns
                    ================================

     indice reel :   1.61000     indice imaginaire : -0.30000E-01


                    nombre de particules :  0.10003E+01

       Sections d extinction et de diffusion ramenees a une particule :
       ----------------------------------------------------------------
     extinction :  0.28503E+01 mic**2     diffusion :  0.20072E+01 mic**2

            Pizero : 0.704222                 g.assymetrie : 0.69076

 ------------------------------------------------------------------------------
   j      theta       mu         i             q             u         -q/i*100
 ------------------------------------------------------------------------------
 -193      0.00    1.00000  0.43568E+02   0.00000E+00   0.43568E+02      -0.00
 -192      0.36    0.99998  0.43534E+02   0.18930E-03   0.43534E+02      -0.00
 -191      0.82    0.99990  0.43388E+02   0.99463E-03   0.43388E+02      -0.00
 -190      1.29    0.99975  0.43127E+02   0.24321E-02   0.43127E+02      -0.01
 -189      1.76    0.99953  0.42753E+02   0.44828E-02   0.42753E+02      -0.01
 -188      2.22    0.99925  0.42269E+02   0.71192E-02   0.42269E+02      -0.02
 -187      2.69    0.99890  0.41680E+02   0.10306E-01   0.41680E+02      -0.02
 -186      3.16    0.99848  0.40990E+02   0.14001E-01   0.40989E+02      -0.03
 -185      3.63    0.99799  0.40206E+02   0.18155E-01   0.40204E+02      -0.05
 -184      4.10    0.99744  0.39333E+02   0.22713E-01   0.39330E+02      -0.06
 -183      4.56    0.99683  0.38378E+02   0.27615E-01   0.38374E+02      -0.07
 -182      5.03    0.99614  0.37350E+02   0.32798E-01   0.37344E+02      -0.09
 -181      5.50    0.99539  0.36256E+02   0.38193E-01   0.36248E+02      -0.11
 -180      5.97    0.99458  0.35104E+02   0.43731E-01   0.35093E+02      -0.12
 -179      6.44    0.99370  0.33903E+02   0.49341E-01   0.33889E+02      -0.15
 -178      6.91    0.99275  0.32661E+02   0.54952E-01   0.32643E+02      -0.17
 -177      7.37    0.99173  0.31387E+02   0.60493E-01   0.31364E+02      -0.19
 -176      7.84    0.99065  0.30089E+02   0.65895E-01   0.30060E+02      -0.22
 -175      8.31    0.98950  0.28775E+02   0.71091E-01   0.28740E+02      -0.25
 -174      8.78    0.98829  0.27452E+02   0.76018E-01   0.27411E+02      -0.28
 -173      9.25    0.98701  0.26129E+02   0.80615E-01   0.26080E+02      -0.31
 -172      9.71    0.98566  0.24813E+02   0.84827E-01   0.24756E+02      -0.34
 -171     10.18    0.98425  0.23509E+02   0.88605E-01   0.23443E+02      -0.38
 -170     10.65    0.98277  0.22224E+02   0.91904E-01   0.22149E+02      -0.41
 -169     11.12    0.98123  0.20964E+02   0.94685E-01   0.20879E+02      -0.45
 -168     11.59    0.97962  0.19734E+02   0.96917E-01   0.19638E+02      -0.49
 -167     12.05    0.97795  0.18537E+02   0.98573E-01   0.18431E+02      -0.53
 -166     12.52    0.97621  0.17378E+02   0.99636E-01   0.17261E+02      -0.57
 -165     12.99    0.97440  0.16260E+02   0.10009E+00   0.16132E+02      -0.62
 -164     13.46    0.97254  0.15186E+02   0.99937E-01   0.15046E+02      -0.66
 -163     13.93    0.97060  0.14157E+02   0.99171E-01   0.14006E+02      -0.70
 -162     14.40    0.96860  0.13176E+02   0.97801E-01   0.13014E+02      -0.74
 -161     14.86    0.96654  0.12243E+02   0.95839E-01   0.12070E+02      -0.78
 -160     15.33    0.96441  0.11359E+02   0.93305E-01   0.11176E+02      -0.82
 -159     15.80    0.96222  0.10524E+02   0.90223E-01   0.10331E+02      -0.86
 -158     16.27    0.95996  0.97386E+01   0.86620E-01   0.95356E+01      -0.89
 -157     16.74    0.95764  0.90017E+01   0.82529E-01   0.87895E+01      -0.92
 -156     17.20    0.95526  0.83127E+01   0.77988E-01   0.80919E+01      -0.94
 -155     17.67    0.95281  0.76703E+01   0.73035E-01   0.74416E+01      -0.95
 -154     18.14    0.95030  0.70733E+01   0.67713E-01   0.68374E+01      -0.96
 -153     18.61    0.94772  0.65202E+01   0.62066E-01   0.62779E+01      -0.95
 -152     19.08    0.94508  0.60093E+01   0.56140E-01   0.57612E+01      -0.93
 -151     19.54    0.94238  0.55386E+01   0.49983E-01   0.52857E+01      -0.90
 -150     20.01    0.93961  0.51064E+01   0.43642E-01   0.48494E+01      -0.85
 -149     20.48    0.93679  0.47106E+01   0.37165E-01   0.44504E+01      -0.79
 -148     20.95    0.93390  0.43492E+01   0.30598E-01   0.40865E+01      -0.70
 -147     21.42    0.93094  0.40201E+01   0.23989E-01   0.37558E+01      -0.60
 -146     21.89    0.92793  0.37212E+01   0.17381E-01   0.34561E+01      -0.47
 -145     22.35    0.92485  0.34506E+01   0.10819E-01   0.31854E+01      -0.31
 -144     22.82    0.92171  0.32062E+01   0.43436E-02   0.29416E+01      -0.14
 -143     23.29    0.91851  0.29861E+01  -0.20061E-02   0.27228E+01       0.07
 -142     23.76    0.91525  0.27883E+01  -0.81935E-02   0.25269E+01       0.29
 -141     24.23    0.91193  0.26111E+01  -0.14185E-01   0.23522E+01       0.54
 -140     24.69    0.90855  0.24526E+01  -0.19950E-01   0.21968E+01       0.81
 -139     25.16    0.90510  0.23114E+01  -0.25460E-01   0.20591E+01       1.10
 -138     25.63    0.90160  0.21857E+01  -0.30691E-01   0.19374E+01       1.40
 -137     26.10    0.89804  0.20741E+01  -0.35621E-01   0.18301E+01       1.72
 -136     26.57    0.89441  0.19752E+01  -0.40232E-01   0.17359E+01       2.04
 -135     27.04    0.89073  0.18877E+01  -0.44509E-01   0.16534E+01       2.36
 -134     27.50    0.88698  0.18104E+01  -0.48440E-01   0.15812E+01       2.68
 -133     27.97    0.88318  0.17422E+01  -0.52016E-01   0.15184E+01       2.99
 -132     28.44    0.87932  0.16821E+01  -0.55230E-01   0.14637E+01       3.28
 -131     28.91    0.87540  0.16291E+01  -0.58080E-01   0.14162E+01       3.57
 -130     29.38    0.87142  0.15824E+01  -0.60565E-01   0.13751E+01       3.83
 -129     29.84    0.86738  0.15412E+01  -0.62687E-01   0.13394E+01       4.07
 -128     30.31    0.86329  0.15047E+01  -0.64450E-01   0.13084E+01       4.28
 -127     30.78    0.85914  0.14724E+01  -0.65860E-01   0.12815E+01       4.47
 -126     31.25    0.85493  0.14437E+01  -0.66925E-01   0.12581E+01       4.64
 -125     31.72    0.85066  0.14179E+01  -0.67655E-01   0.12376E+01       4.77
 -124     32.18    0.84634  0.13948E+01  -0.68063E-01   0.12195E+01       4.88
 -123     32.65    0.84195  0.13739E+01  -0.68159E-01   0.12035E+01       4.96
 -122     33.12    0.83752  0.13548E+01  -0.67959E-01   0.11891E+01       5.02
 -121     33.59    0.83303  0.13373E+01  -0.67477E-01   0.11760E+01       5.05
 -120     34.06    0.82848  0.13209E+01  -0.66729E-01   0.11639E+01       5.05
 -119     34.53    0.82387  0.13056E+01  -0.65730E-01   0.11526E+01       5.03
 -118     34.99    0.81922  0.12911E+01  -0.64498E-01   0.11419E+01       5.00
 -117     35.46    0.81450  0.12772E+01  -0.63048E-01   0.11317E+01       4.94
 -116     35.93    0.80974  0.12638E+01  -0.61398E-01   0.11216E+01       4.86
 -115     36.40    0.80491  0.12508E+01  -0.59565E-01   0.11117E+01       4.76
 -114     36.87    0.80004  0.12380E+01  -0.57564E-01   0.11019E+01       4.65
 -113     37.33    0.79511  0.12254E+01  -0.55413E-01   0.10919E+01       4.52
 -112     37.80    0.79013  0.12128E+01  -0.53126E-01   0.10819E+01       4.38
 -111     38.27    0.78509  0.12003E+01  -0.50721E-01   0.10717E+01       4.23
 -110     38.74    0.78001  0.11878E+01  -0.48210E-01   0.10613E+01       4.06
 -109     39.21    0.77487  0.11753E+01  -0.45609E-01   0.10507E+01       3.88
 -108     39.67    0.76968  0.11627E+01  -0.42932E-01   0.10398E+01       3.69
 -107     40.14    0.76444  0.11500E+01  -0.40191E-01   0.10287E+01       3.49
 -106     40.61    0.75914  0.11372E+01  -0.37399E-01   0.10173E+01       3.29
 -105     41.08    0.75380  0.11244E+01  -0.34566E-01   0.10057E+01       3.07
 -104     41.55    0.74841  0.11114E+01  -0.31705E-01   0.99392E+00       2.85
 -103     42.02    0.74296  0.10984E+01  -0.28825E-01   0.98188E+00       2.62
 -102     42.48    0.73747  0.10853E+01  -0.25936E-01   0.96964E+00       2.39
 -101     42.95    0.73193  0.10721E+01  -0.23045E-01   0.95722E+00       2.15
 -100     43.42    0.72633  0.10589E+01  -0.20162E-01   0.94464E+00       1.90
  -99     43.89    0.72069  0.10456E+01  -0.17292E-01   0.93192E+00       1.65
  -98     44.36    0.71501  0.10323E+01  -0.14444E-01   0.91909E+00       1.40
  -97     44.82    0.70927  0.10189E+01  -0.11623E-01   0.90615E+00       1.14
  -96     45.29    0.70349  0.10056E+01  -0.88346E-02   0.89314E+00       0.88
  -95     45.76    0.69766  0.99221E+00  -0.60834E-02   0.88008E+00       0.61
  -94     46.23    0.69178  0.97887E+00  -0.33740E-02   0.86698E+00       0.34
  -93     46.70    0.68586  0.96557E+00  -0.71021E-03   0.85386E+00       0.07
  -92     47.17    0.67989  0.95232E+00   0.19044E-02   0.84075E+00      -0.20
  -91     47.63    0.67387  0.93912E+00   0.44670E-02   0.82766E+00      -0.48
  -90     48.10    0.66781  0.92599E+00   0.69747E-02   0.81460E+00      -0.75
  -89     48.57    0.66171  0.91293E+00   0.94253E-02   0.80160E+00      -1.03
  -88     49.04    0.65556  0.89997E+00   0.11817E-01   0.78866E+00      -1.31
  -87     49.51    0.64937  0.88710E+00   0.14148E-01   0.77580E+00      -1.59
  -86     49.97    0.64313  0.87434E+00   0.16417E-01   0.76303E+00      -1.88
  -85     50.44    0.63686  0.86169E+00   0.18622E-01   0.75037E+00      -2.16
  -84     50.91    0.63054  0.84917E+00   0.20764E-01   0.73781E+00      -2.45
  -83     51.38    0.62417  0.83677E+00   0.22841E-01   0.72537E+00      -2.73
  -82     51.85    0.61777  0.82451E+00   0.24852E-01   0.71306E+00      -3.01
  -81     52.31    0.61132  0.81238E+00   0.26799E-01   0.70089E+00      -3.30
  -80     52.78    0.60484  0.80040E+00   0.28679E-01   0.68886E+00      -3.58
  -79     53.25    0.59831  0.78857E+00   0.30494E-01   0.67697E+00      -3.87
  -78     53.72    0.59174  0.77689E+00   0.32244E-01   0.66523E+00      -4.15
  -77     54.19    0.58514  0.76536E+00   0.33929E-01   0.65364E+00      -4.43
  -76     54.66    0.57849  0.75399E+00   0.35549E-01   0.64222E+00      -4.71
  -75     55.12    0.57181  0.74277E+00   0.37106E-01   0.63095E+00      -5.00
  -74     55.59    0.56509  0.73172E+00   0.38600E-01   0.61984E+00      -5.28
  -73     56.06    0.55833  0.72082E+00   0.40031E-01   0.60890E+00      -5.55
  -72     56.53    0.55153  0.71009E+00   0.41402E-01   0.59812E+00      -5.83
  -71     57.00    0.54470  0.69952E+00   0.42712E-01   0.58751E+00      -6.11
  -70     57.46    0.53783  0.68910E+00   0.43964E-01   0.57706E+00      -6.38
  -69     57.93    0.53092  0.67885E+00   0.45158E-01   0.56678E+00      -6.65
  -68     58.40    0.52398  0.66876E+00   0.46296E-01   0.55666E+00      -6.92
  -67     58.87    0.51700  0.65883E+00   0.47379E-01   0.54670E+00      -7.19
  -66     59.34    0.50999  0.64906E+00   0.48409E-01   0.53691E+00      -7.46
  -65     59.80    0.50294  0.63944E+00   0.49387E-01   0.52728E+00      -7.72
  -64     60.27    0.49587  0.62998E+00   0.50316E-01   0.51781E+00      -7.99
  -63     60.74    0.48875  0.62067E+00   0.51196E-01   0.50849E+00      -8.25
  -62     61.21    0.48161  0.61151E+00   0.52029E-01   0.49934E+00      -8.51
  -61     61.68    0.47443  0.60251E+00   0.52818E-01   0.49033E+00      -8.77
  -60     62.15    0.46723  0.59364E+00   0.53563E-01   0.48148E+00      -9.02
  -59     62.61    0.45999  0.58493E+00   0.54267E-01   0.47278E+00      -9.28
  -58     63.08    0.45272  0.57636E+00   0.54931E-01   0.46422E+00      -9.53
  -57     63.55    0.44542  0.56792E+00   0.55557E-01   0.45581E+00      -9.78
  -56     64.02    0.43809  0.55963E+00   0.56146E-01   0.44754E+00     -10.03
  -55     64.49    0.43073  0.55147E+00   0.56700E-01   0.43942E+00     -10.28
  -54     64.95    0.42334  0.54345E+00   0.57221E-01   0.43143E+00     -10.53
  -53     65.42    0.41592  0.53555E+00   0.57710E-01   0.42357E+00     -10.78
  -52     65.89    0.40848  0.52779E+00   0.58169E-01   0.41585E+00     -11.02
  -51     66.36    0.40101  0.52015E+00   0.58599E-01   0.40825E+00     -11.27
  -50     66.83    0.39351  0.51263E+00   0.59000E-01   0.40079E+00     -11.51
  -49     67.30    0.38598  0.50524E+00   0.59376E-01   0.39345E+00     -11.75
  -48     67.76    0.37843  0.49797E+00   0.59726E-01   0.38623E+00     -11.99
  -47     68.23    0.37086  0.49081E+00   0.60051E-01   0.37913E+00     -12.24
  -46     68.70    0.36326  0.48377E+00   0.60354E-01   0.37215E+00     -12.48
  -45     69.17    0.35563  0.47685E+00   0.60634E-01   0.36529E+00     -12.72
  -44     69.64    0.34798  0.47003E+00   0.60893E-01   0.35854E+00     -12.96
  -43     70.10    0.34031  0.46333E+00   0.61131E-01   0.35190E+00     -13.19
  -42     70.57    0.33262  0.45673E+00   0.61350E-01   0.34538E+00     -13.43
  -41     71.04    0.32490  0.45024E+00   0.61550E-01   0.33896E+00     -13.67
  -40     71.51    0.31716  0.44386E+00   0.61732E-01   0.33265E+00     -13.91
  -39     71.98    0.30941  0.43758E+00   0.61896E-01   0.32644E+00     -14.14
  -38     72.44    0.30163  0.43140E+00   0.62043E-01   0.32034E+00     -14.38
  -37     72.91    0.29383  0.42533E+00   0.62174E-01   0.31433E+00     -14.62
  -36     73.38    0.28601  0.41935E+00   0.62289E-01   0.30843E+00     -14.85
  -35     73.85    0.27817  0.41347E+00   0.62389E-01   0.30263E+00     -15.09
  -34     74.32    0.27031  0.40769E+00   0.62474E-01   0.29693E+00     -15.32
  -33     74.79    0.26243  0.40201E+00   0.62545E-01   0.29132E+00     -15.56
  -32     75.25    0.25454  0.39642E+00   0.62602E-01   0.28581E+00     -15.79
  -31     75.72    0.24663  0.39092E+00   0.62646E-01   0.28040E+00     -16.03
  -30     76.19    0.23871  0.38552E+00   0.62677E-01   0.27508E+00     -16.26
  -29     76.66    0.23076  0.38021E+00   0.62697E-01   0.26984E+00     -16.49
  -28     77.13    0.22281  0.37499E+00   0.62704E-01   0.26470E+00     -16.72
  -27     77.59    0.21483  0.36986E+00   0.62700E-01   0.25965E+00     -16.95
  -26     78.06    0.20685  0.36481E+00   0.62685E-01   0.25469E+00     -17.18
  -25     78.53    0.19885  0.35985E+00   0.62660E-01   0.24982E+00     -17.41
  -24     79.00    0.19083  0.35498E+00   0.62624E-01   0.24503E+00     -17.64
  -23     79.47    0.18280  0.35020E+00   0.62579E-01   0.24032E+00     -17.87
  -22     79.93    0.17477  0.34549E+00   0.62525E-01   0.23570E+00     -18.10
  -21     80.40    0.16671  0.34087E+00   0.62462E-01   0.23116E+00     -18.32
  -20     80.87    0.15865  0.33633E+00   0.62390E-01   0.22671E+00     -18.55
  -19     81.34    0.15058  0.33187E+00   0.62311E-01   0.22233E+00     -18.78
  -18     81.81    0.14250  0.32749E+00   0.62224E-01   0.21803E+00     -19.00
  -17     82.28    0.13441  0.32318E+00   0.62130E-01   0.21381E+00     -19.22
  -16     82.74    0.12631  0.31895E+00   0.62029E-01   0.20966E+00     -19.45
  -15     83.21    0.11820  0.31479E+00   0.61922E-01   0.20559E+00     -19.67
  -14     83.68    0.11008  0.31071E+00   0.61809E-01   0.20159E+00     -19.89
  -13     84.15    0.10195  0.30670E+00   0.61691E-01   0.19767E+00     -20.11
  -12     84.62    0.09382  0.30276E+00   0.61567E-01   0.19381E+00     -20.34
  -11     85.08    0.08569  0.29888E+00   0.61438E-01   0.19002E+00     -20.56
  -10     85.55    0.07754  0.29508E+00   0.61305E-01   0.18630E+00     -20.78
   -9     86.02    0.06939  0.29134E+00   0.61168E-01   0.18265E+00     -21.00
   -8     86.49    0.06124  0.28767E+00   0.61027E-01   0.17906E+00     -21.21
   -7     86.96    0.05308  0.28406E+00   0.60883E-01   0.17554E+00     -21.43
   -6     87.43    0.04492  0.28051E+00   0.60736E-01   0.17207E+00     -21.65
   -5     87.89    0.03676  0.27703E+00   0.60586E-01   0.16867E+00     -21.87
   -4     88.36    0.02859  0.27361E+00   0.60434E-01   0.16533E+00     -22.09
   -3     88.83    0.02043  0.27025E+00   0.60281E-01   0.16205E+00     -22.31
   -2     89.30    0.01226  0.26695E+00   0.60126E-01   0.15883E+00     -22.52
   -1     89.77    0.00409  0.26371E+00   0.59969E-01   0.15567E+00     -22.74
    0     90.00    0.00000  0.26211E+00   0.59891E-01   0.15411E+00     -22.85
    1     90.23   -0.00409  0.26052E+00   0.59812E-01   0.15256E+00     -22.96
    2     90.70   -0.01226  0.25740E+00   0.59655E-01   0.14951E+00     -23.18
    3     91.17   -0.02043  0.25433E+00   0.59497E-01   0.14651E+00     -23.39
    4     91.64   -0.02859  0.25132E+00   0.59340E-01   0.14357E+00     -23.61
    5     92.11   -0.03676  0.24836E+00   0.59182E-01   0.14068E+00     -23.83
    6     92.57   -0.04492  0.24546E+00   0.59026E-01   0.13784E+00     -24.05
    7     93.04   -0.05308  0.24261E+00   0.58869E-01   0.13505E+00     -24.27
    8     93.51   -0.06124  0.23981E+00   0.58714E-01   0.13232E+00     -24.48
    9     93.98   -0.06939  0.23707E+00   0.58559E-01   0.12963E+00     -24.70
   10     94.45   -0.07754  0.23438E+00   0.58406E-01   0.12700E+00     -24.92
   11     94.92   -0.08569  0.23174E+00   0.58254E-01   0.12441E+00     -25.14
   12     95.38   -0.09382  0.22916E+00   0.58102E-01   0.12187E+00     -25.35
   13     95.85   -0.10195  0.22662E+00   0.57952E-01   0.11938E+00     -25.57
   14     96.32   -0.11008  0.22413E+00   0.57803E-01   0.11693E+00     -25.79
   15     96.79   -0.11820  0.22170E+00   0.57655E-01   0.11453E+00     -26.01
   16     97.26   -0.12631  0.21931E+00   0.57508E-01   0.11218E+00     -26.22
   17     97.72   -0.13441  0.21697E+00   0.57361E-01   0.10987E+00     -26.44
   18     98.19   -0.14250  0.21468E+00   0.57216E-01   0.10760E+00     -26.65
   19     98.66   -0.15058  0.21243E+00   0.57071E-01   0.10538E+00     -26.87
   20     99.13   -0.15865  0.21023E+00   0.56927E-01   0.10320E+00     -27.08
   21     99.60   -0.16671  0.20807E+00   0.56783E-01   0.10107E+00     -27.29
   22    100.07   -0.17477  0.20596E+00   0.56641E-01   0.98974E-01     -27.50
   23    100.53   -0.18280  0.20389E+00   0.56498E-01   0.96921E-01     -27.71
   24    101.00   -0.19083  0.20187E+00   0.56356E-01   0.94908E-01     -27.92
   25    101.47   -0.19885  0.19989E+00   0.56215E-01   0.92934E-01     -28.12
   26    101.94   -0.20685  0.19794E+00   0.56074E-01   0.90999E-01     -28.33
   27    102.41   -0.21483  0.19604E+00   0.55934E-01   0.89103E-01     -28.53
   28    102.87   -0.22281  0.19418E+00   0.55794E-01   0.87244E-01     -28.73
   29    103.34   -0.23076  0.19236E+00   0.55656E-01   0.85422E-01     -28.93
   30    103.81   -0.23871  0.19058E+00   0.55519E-01   0.83637E-01     -29.13
   31    104.28   -0.24663  0.18884E+00   0.55383E-01   0.81886E-01     -29.33
   32    104.75   -0.25454  0.18713E+00   0.55248E-01   0.80171E-01     -29.52
   33    105.21   -0.26243  0.18546E+00   0.55115E-01   0.78490E-01     -29.72
   34    105.68   -0.27031  0.18383E+00   0.54985E-01   0.76842E-01     -29.91
   35    106.15   -0.27817  0.18224E+00   0.54856E-01   0.75227E-01     -30.10
   36    106.62   -0.28601  0.18068E+00   0.54730E-01   0.73643E-01     -30.29
   37    107.09   -0.29383  0.17915E+00   0.54607E-01   0.72092E-01     -30.48
   38    107.56   -0.30163  0.17767E+00   0.54488E-01   0.70570E-01     -30.67
   39    108.02   -0.30941  0.17621E+00   0.54371E-01   0.69079E-01     -30.86
   40    108.49   -0.31716  0.17479E+00   0.54258E-01   0.67617E-01     -31.04
   41    108.96   -0.32490  0.17341E+00   0.54150E-01   0.66184E-01     -31.23
   42    109.43   -0.33262  0.17206E+00   0.54045E-01   0.64778E-01     -31.41
   43    109.90   -0.34031  0.17074E+00   0.53944E-01   0.63400E-01     -31.59
   44    110.36   -0.34798  0.16945E+00   0.53848E-01   0.62048E-01     -31.78
   45    110.83   -0.35563  0.16820E+00   0.53755E-01   0.60722E-01     -31.96
   46    111.30   -0.36326  0.16697E+00   0.53668E-01   0.59422E-01     -32.14
   47    111.77   -0.37086  0.16578E+00   0.53584E-01   0.58145E-01     -32.32
   48    112.24   -0.37843  0.16462E+00   0.53505E-01   0.56893E-01     -32.50
   49    112.70   -0.38598  0.16349E+00   0.53429E-01   0.55663E-01     -32.68
   50    113.17   -0.39351  0.16239E+00   0.53358E-01   0.54456E-01     -32.86
   51    113.64   -0.40101  0.16132E+00   0.53290E-01   0.53271E-01     -33.03
   52    114.11   -0.40848  0.16028E+00   0.53225E-01   0.52107E-01     -33.21
   53    114.58   -0.41592  0.15926E+00   0.53164E-01   0.50963E-01     -33.38
   54    115.05   -0.42334  0.15827E+00   0.53105E-01   0.49839E-01     -33.55
   55    115.51   -0.43073  0.15731E+00   0.53048E-01   0.48733E-01     -33.72
   56    115.98   -0.43809  0.15637E+00   0.52993E-01   0.47647E-01     -33.89
   57    116.45   -0.44542  0.15546E+00   0.52940E-01   0.46578E-01     -34.05
   58    116.92   -0.45272  0.15457E+00   0.52887E-01   0.45526E-01     -34.22
   59    117.39   -0.45999  0.15371E+00   0.52836E-01   0.44491E-01     -34.37
   60    117.85   -0.46723  0.15287E+00   0.52784E-01   0.43472E-01     -34.53
   61    118.32   -0.47443  0.15205E+00   0.52732E-01   0.42468E-01     -34.68
   62    118.79   -0.48161  0.15125E+00   0.52680E-01   0.41479E-01     -34.83
   63    119.26   -0.48875  0.15048E+00   0.52627E-01   0.40504E-01     -34.97
   64    119.73   -0.49587  0.14972E+00   0.52572E-01   0.39544E-01     -35.11
   65    120.20   -0.50294  0.14899E+00   0.52517E-01   0.38597E-01     -35.25
   66    120.66   -0.50999  0.14828E+00   0.52459E-01   0.37663E-01     -35.38
   67    121.13   -0.51700  0.14759E+00   0.52399E-01   0.36741E-01     -35.50
   68    121.60   -0.52398  0.14693E+00   0.52337E-01   0.35833E-01     -35.62
   69    122.07   -0.53092  0.14628E+00   0.52273E-01   0.34937E-01     -35.73
   70    122.54   -0.53783  0.14566E+00   0.52207E-01   0.34053E-01     -35.84
   71    123.00   -0.54470  0.14506E+00   0.52138E-01   0.33182E-01     -35.94
   72    123.47   -0.55153  0.14449E+00   0.52067E-01   0.32324E-01     -36.04
   73    123.94   -0.55833  0.14394E+00   0.51994E-01   0.31478E-01     -36.12
   74    124.41   -0.56509  0.14342E+00   0.51920E-01   0.30646E-01     -36.20
   75    124.88   -0.57181  0.14293E+00   0.51844E-01   0.29827E-01     -36.27
   76    125.34   -0.57849  0.14247E+00   0.51767E-01   0.29022E-01     -36.34
   77    125.81   -0.58514  0.14204E+00   0.51689E-01   0.28232E-01     -36.39
   78    126.28   -0.59174  0.14165E+00   0.51612E-01   0.27458E-01     -36.44
   79    126.75   -0.59831  0.14129E+00   0.51536E-01   0.26701E-01     -36.47
   80    127.22   -0.60484  0.14098E+00   0.51462E-01   0.25962E-01     -36.50
   81    127.69   -0.61132  0.14072E+00   0.51391E-01   0.25243E-01     -36.52
   82    128.15   -0.61777  0.14050E+00   0.51324E-01   0.24545E-01     -36.53
   83    128.62   -0.62417  0.14035E+00   0.51263E-01   0.23870E-01     -36.53
   84    129.09   -0.63054  0.14025E+00   0.51210E-01   0.23219E-01     -36.51
   85    129.56   -0.63686  0.14021E+00   0.51166E-01   0.22596E-01     -36.49
   86    130.03   -0.64313  0.14025E+00   0.51133E-01   0.22002E-01     -36.46
   87    130.49   -0.64937  0.14036E+00   0.51115E-01   0.21440E-01     -36.42
   88    130.96   -0.65556  0.14056E+00   0.51113E-01   0.20913E-01     -36.36
   89    131.43   -0.66171  0.14085E+00   0.51131E-01   0.20424E-01     -36.30
   90    131.90   -0.66781  0.14124E+00   0.51172E-01   0.19976E-01     -36.23
   91    132.37   -0.67387  0.14174E+00   0.51240E-01   0.19573E-01     -36.15
   92    132.83   -0.67989  0.14236E+00   0.51337E-01   0.19218E-01     -36.06
   93    133.30   -0.68586  0.14309E+00   0.51470E-01   0.18916E-01     -35.97
   94    133.77   -0.69178  0.14397E+00   0.51642E-01   0.18670E-01     -35.87
   95    134.24   -0.69766  0.14498E+00   0.51858E-01   0.18485E-01     -35.77
   96    134.71   -0.70349  0.14615E+00   0.52123E-01   0.18365E-01     -35.66
   97    135.18   -0.70927  0.14749E+00   0.52444E-01   0.18315E-01     -35.56
   98    135.64   -0.71501  0.14900E+00   0.52826E-01   0.18340E-01     -35.45
   99    136.11   -0.72069  0.15069E+00   0.53275E-01   0.18446E-01     -35.35
  100    136.58   -0.72633  0.15257E+00   0.53797E-01   0.18636E-01     -35.26
  101    137.05   -0.73193  0.15465E+00   0.54400E-01   0.18916E-01     -35.18
  102    137.52   -0.73747  0.15695E+00   0.55089E-01   0.19292E-01     -35.10
  103    137.98   -0.74296  0.15946E+00   0.55873E-01   0.19768E-01     -35.04
  104    138.45   -0.74841  0.16221E+00   0.56757E-01   0.20351E-01     -34.99
  105    138.92   -0.75380  0.16518E+00   0.57749E-01   0.21044E-01     -34.96
  106    139.39   -0.75914  0.16839E+00   0.58857E-01   0.21854E-01     -34.95
  107    139.86   -0.76444  0.17185E+00   0.60085E-01   0.22785E-01     -34.96
  108    140.33   -0.76968  0.17555E+00   0.61442E-01   0.23842E-01     -35.00
  109    140.79   -0.77487  0.17950E+00   0.62934E-01   0.25030E-01     -35.06
  110    141.26   -0.78001  0.18369E+00   0.64565E-01   0.26351E-01     -35.15
  111    141.73   -0.78509  0.18813E+00   0.66342E-01   0.27811E-01     -35.26
  112    142.20   -0.79013  0.19280E+00   0.68269E-01   0.29412E-01     -35.41
  113    142.67   -0.79511  0.19771E+00   0.70350E-01   0.31157E-01     -35.58
  114    143.13   -0.80004  0.20283E+00   0.72588E-01   0.33047E-01     -35.79
  115    143.60   -0.80491  0.20815E+00   0.74984E-01   0.35083E-01     -36.02
  116    144.07   -0.80974  0.21367E+00   0.77540E-01   0.37266E-01     -36.29
  117    144.54   -0.81450  0.21935E+00   0.80256E-01   0.39595E-01     -36.59
  118    145.01   -0.81922  0.22519E+00   0.83129E-01   0.42067E-01     -36.92
  119    145.47   -0.82387  0.23114E+00   0.86156E-01   0.44680E-01     -37.27
  120    145.94   -0.82848  0.23719E+00   0.89334E-01   0.47428E-01     -37.66
  121    146.41   -0.83303  0.24331E+00   0.92655E-01   0.50306E-01     -38.08
  122    146.88   -0.83752  0.24945E+00   0.96111E-01   0.53305E-01     -38.53
  123    147.35   -0.84195  0.25559E+00   0.99694E-01   0.56415E-01     -39.01
  124    147.82   -0.84634  0.26169E+00   0.10339E+00   0.59624E-01     -39.51
  125    148.28   -0.85066  0.26770E+00   0.10719E+00   0.62919E-01     -40.04
  126    148.75   -0.85493  0.27358E+00   0.11107E+00   0.66283E-01     -40.60
  127    149.22   -0.85914  0.27929E+00   0.11503E+00   0.69695E-01     -41.19
  128    149.69   -0.86329  0.28479E+00   0.11903E+00   0.73135E-01     -41.80
  129    150.16   -0.86738  0.29004E+00   0.12307E+00   0.76577E-01     -42.43
  130    150.62   -0.87142  0.29499E+00   0.12711E+00   0.79993E-01     -43.09
  131    151.09   -0.87540  0.29960E+00   0.13114E+00   0.83351E-01     -43.77
  132    151.56   -0.87932  0.30383E+00   0.13513E+00   0.86616E-01     -44.48
  133    152.03   -0.88318  0.30766E+00   0.13906E+00   0.89749E-01     -45.20
  134    152.50   -0.88698  0.31105E+00   0.14289E+00   0.92706E-01     -45.94
  135    152.96   -0.89073  0.31397E+00   0.14661E+00   0.95440E-01     -46.70
  136    153.43   -0.89441  0.31641E+00   0.15018E+00   0.97900E-01     -47.46
  137    153.90   -0.89804  0.31836E+00   0.15358E+00   0.10003E+00     -48.24
  138    154.37   -0.90160  0.31981E+00   0.15677E+00   0.10177E+00     -49.02
  139    154.84   -0.90510  0.32078E+00   0.15974E+00   0.10305E+00     -49.80
  140    155.31   -0.90855  0.32127E+00   0.16245E+00   0.10381E+00     -50.56
  141    155.77   -0.91193  0.32132E+00   0.16488E+00   0.10397E+00     -51.31
  142    156.24   -0.91525  0.32096E+00   0.16700E+00   0.10346E+00     -52.03
  143    156.71   -0.91851  0.32024E+00   0.16880E+00   0.10219E+00     -52.71
  144    157.18   -0.92171  0.31923E+00   0.17024E+00   0.10007E+00     -53.33
  145    157.65   -0.92485  0.31800E+00   0.17133E+00   0.97027E-01     -53.88
  146    158.11   -0.92793  0.31664E+00   0.17203E+00   0.92957E-01     -54.33
  147    158.58   -0.93094  0.31525E+00   0.17233E+00   0.87771E-01     -54.66
  148    159.05   -0.93390  0.31394E+00   0.17223E+00   0.81374E-01     -54.86
  149    159.52   -0.93679  0.31284E+00   0.17171E+00   0.73669E-01     -54.89
  150    159.99   -0.93961  0.31208E+00   0.17078E+00   0.64563E-01     -54.72
  151    160.46   -0.94238  0.31180E+00   0.16942E+00   0.53960E-01     -54.34
  152    160.92   -0.94508  0.31215E+00   0.16765E+00   0.41771E-01     -53.71
  153    161.39   -0.94772  0.31330E+00   0.16547E+00   0.27906E-01     -52.82
  154    161.86   -0.95030  0.31540E+00   0.16289E+00   0.12285E-01     -51.64
  155    162.33   -0.95281  0.31861E+00   0.15991E+00  -0.51699E-02     -50.19
  156    162.80   -0.95526  0.32311E+00   0.15655E+00  -0.24525E-01     -48.45
  157    163.26   -0.95764  0.32904E+00   0.15284E+00  -0.45840E-01     -46.45
  158    163.73   -0.95996  0.33656E+00   0.14878E+00  -0.69160E-01     -44.21
  159    164.20   -0.96222  0.34583E+00   0.14441E+00  -0.94522E-01     -41.76
  160    164.67   -0.96441  0.35697E+00   0.13974E+00  -0.12194E+00     -39.15
  161    165.14   -0.96654  0.37010E+00   0.13480E+00  -0.15143E+00     -36.42
  162    165.60   -0.96860  0.38533E+00   0.12962E+00  -0.18297E+00     -33.64
  163    166.07   -0.97060  0.40274E+00   0.12423E+00  -0.21653E+00     -30.85
  164    166.54   -0.97254  0.42239E+00   0.11866E+00  -0.25206E+00     -28.09
  165    167.01   -0.97440  0.44431E+00   0.11293E+00  -0.28949E+00     -25.42
  166    167.48   -0.97621  0.46852E+00   0.10709E+00  -0.32873E+00     -22.86
  167    167.95   -0.97795  0.49499E+00   0.10116E+00  -0.36966E+00     -20.44
  168    168.41   -0.97962  0.52366E+00   0.95164E-01  -0.41214E+00     -18.17
  169    168.88   -0.98123  0.55446E+00   0.89147E-01  -0.45602E+00     -16.08
  170    169.35   -0.98277  0.58726E+00   0.83133E-01  -0.50112E+00     -14.16
  171    169.82   -0.98425  0.62192E+00   0.77153E-01  -0.54723E+00     -12.41
  172    170.29   -0.98566  0.65824E+00   0.71236E-01  -0.59413E+00     -10.82
  173    170.75   -0.98701  0.69602E+00   0.65410E-01  -0.64158E+00      -9.40
  174    171.22   -0.98829  0.73500E+00   0.59702E-01  -0.68932E+00      -8.12
  175    171.69   -0.98950  0.77491E+00   0.54138E-01  -0.73707E+00      -6.99
  176    172.16   -0.99065  0.81546E+00   0.48742E-01  -0.78456E+00      -5.98
  177    172.63   -0.99173  0.85631E+00   0.43539E-01  -0.83148E+00      -5.08
  178    173.09   -0.99275  0.89713E+00   0.38549E-01  -0.87753E+00      -4.30
  179    173.56   -0.99370  0.93756E+00   0.33794E-01  -0.92239E+00      -3.60
  180    174.03   -0.99458  0.97724E+00   0.29292E-01  -0.96576E+00      -3.00
  181    174.50   -0.99539  0.10158E+01   0.25061E-01  -0.10073E+01      -2.47
  182    174.97   -0.99614  0.10528E+01   0.21118E-01  -0.10468E+01      -2.01
  183    175.44   -0.99683  0.10880E+01   0.17478E-01  -0.10838E+01      -1.61
  184    175.90   -0.99744  0.11210E+01   0.14154E-01  -0.11182E+01      -1.26
  185    176.37   -0.99799  0.11513E+01   0.11158E-01  -0.11496E+01      -0.97
  186    176.84   -0.99848  0.11788E+01   0.85006E-02  -0.11778E+01      -0.72
  187    177.31   -0.99890  0.12032E+01   0.61919E-02  -0.12026E+01      -0.51
  188    177.78   -0.99925  0.12240E+01   0.42396E-02  -0.12238E+01      -0.35
  189    178.24   -0.99953  0.12412E+01   0.26506E-02  -0.12411E+01      -0.21
  190    178.71   -0.99975  0.12546E+01   0.14302E-02  -0.12546E+01      -0.11
  191    179.18   -0.99990  0.12639E+01   0.58269E-03  -0.12639E+01      -0.05
  192    179.64   -0.99998  0.12691E+01   0.11067E-03  -0.12691E+01      -0.01
  193    180.00   -1.00000  0.12704E+01   0.00000E+00  -0.12704E+01      -0.00

