 alpha final =    508.00000000000000     

     granulo :  rn =  1.0  rm = 0.56  ln sig =  0.266  pour r <  50. mic.
     ======================================================================

                    longueur d onde :  0.630 microns
                    ================================

     indice reel :   1.61000     indice imaginaire : -0.30000E-01


                    nombre de particules :  0.10003E+01

       Sections d extinction et de diffusion ramenees a une particule :
       ----------------------------------------------------------------
     extinction :  0.28657E+01 mic**2     diffusion :  0.20285E+01 mic**2

            Pizero : 0.707863                 g.assymetrie : 0.68701

 ------------------------------------------------------------------------------
   j      theta       mu         i             q             u         -q/i*100
 ------------------------------------------------------------------------------
 -193      0.00    1.00000  0.41967E+02   0.00000E+00   0.41967E+02      -0.00
 -192      0.36    0.99998  0.41935E+02   0.18599E-03   0.41935E+02      -0.00
 -191      0.82    0.99990  0.41798E+02   0.97739E-03   0.41798E+02      -0.00
 -190      1.29    0.99975  0.41554E+02   0.23907E-02   0.41554E+02      -0.01
 -189      1.76    0.99953  0.41205E+02   0.44083E-02   0.41205E+02      -0.01
 -188      2.22    0.99925  0.40753E+02   0.70049E-02   0.40752E+02      -0.02
 -187      2.69    0.99890  0.40201E+02   0.10148E-01   0.40201E+02      -0.03
 -186      3.16    0.99848  0.39555E+02   0.13798E-01   0.39554E+02      -0.03
 -185      3.63    0.99799  0.38820E+02   0.17909E-01   0.38819E+02      -0.05
 -184      4.10    0.99744  0.38002E+02   0.22431E-01   0.38000E+02      -0.06
 -183      4.56    0.99683  0.37107E+02   0.27307E-01   0.37103E+02      -0.07
 -182      5.03    0.99614  0.36142E+02   0.32478E-01   0.36136E+02      -0.09
 -181      5.50    0.99539  0.35114E+02   0.37880E-01   0.35106E+02      -0.11
 -180      5.97    0.99458  0.34031E+02   0.43448E-01   0.34021E+02      -0.13
 -179      6.44    0.99370  0.32900E+02   0.49115E-01   0.32887E+02      -0.15
 -178      6.91    0.99275  0.31730E+02   0.54814E-01   0.31713E+02      -0.17
 -177      7.37    0.99173  0.30528E+02   0.60476E-01   0.30506E+02      -0.20
 -176      7.84    0.99065  0.29301E+02   0.66037E-01   0.29274E+02      -0.23
 -175      8.31    0.98950  0.28058E+02   0.71432E-01   0.28026E+02      -0.25
 -174      8.78    0.98829  0.26806E+02   0.76598E-01   0.26767E+02      -0.29
 -173      9.25    0.98701  0.25551E+02   0.81478E-01   0.25504E+02      -0.32
 -172      9.71    0.98566  0.24300E+02   0.86018E-01   0.24246E+02      -0.35
 -171     10.18    0.98425  0.23060E+02   0.90167E-01   0.22997E+02      -0.39
 -170     10.65    0.98277  0.21835E+02   0.93881E-01   0.21764E+02      -0.43
 -169     11.12    0.98123  0.20632E+02   0.97119E-01   0.20551E+02      -0.47
 -168     11.59    0.97962  0.19455E+02   0.99850E-01   0.19364E+02      -0.51
 -167     12.05    0.97795  0.18309E+02   0.10204E+00   0.18207E+02      -0.56
 -166     12.52    0.97621  0.17196E+02   0.10368E+00   0.17084E+02      -0.60
 -165     12.99    0.97440  0.16120E+02   0.10474E+00   0.15998E+02      -0.65
 -164     13.46    0.97254  0.15085E+02   0.10522E+00   0.14952E+02      -0.70
 -163     13.93    0.97060  0.14091E+02   0.10512E+00   0.13947E+02      -0.75
 -162     14.40    0.96860  0.13141E+02   0.10443E+00   0.12986E+02      -0.79
 -161     14.86    0.96654  0.12236E+02   0.10317E+00   0.12070E+02      -0.84
 -160     15.33    0.96441  0.11377E+02   0.10134E+00   0.11200E+02      -0.89
 -159     15.80    0.96222  0.10563E+02   0.98973E-01   0.10377E+02      -0.94
 -158     16.27    0.95996  0.97957E+01   0.96087E-01   0.95998E+01      -0.98
 -157     16.74    0.95764  0.90741E+01   0.92710E-01   0.88689E+01      -1.02
 -156     17.20    0.95526  0.83975E+01   0.88873E-01   0.81837E+01      -1.06
 -155     17.67    0.95281  0.77652E+01   0.84611E-01   0.75433E+01      -1.09
 -154     18.14    0.95030  0.71760E+01   0.79962E-01   0.69467E+01      -1.11
 -153     18.61    0.94772  0.66286E+01   0.74967E-01   0.63926E+01      -1.13
 -152     19.08    0.94508  0.61215E+01   0.69667E-01   0.58796E+01      -1.14
 -151     19.54    0.94238  0.56531E+01   0.64105E-01   0.54060E+01      -1.13
 -150     20.01    0.93961  0.52217E+01   0.58326E-01   0.49702E+01      -1.12
 -149     20.48    0.93679  0.48254E+01   0.52374E-01   0.45703E+01      -1.09
 -148     20.95    0.93390  0.44625E+01   0.46293E-01   0.42045E+01      -1.04
 -147     21.42    0.93094  0.41310E+01   0.40129E-01   0.38709E+01      -0.97
 -146     21.89    0.92793  0.38290E+01   0.33923E-01   0.35676E+01      -0.89
 -145     22.35    0.92485  0.35546E+01   0.27718E-01   0.32927E+01      -0.78
 -144     22.82    0.92171  0.33060E+01   0.21555E-01   0.30442E+01      -0.65
 -143     23.29    0.91851  0.30814E+01   0.15470E-01   0.28204E+01      -0.50
 -142     23.76    0.91525  0.28788E+01   0.95021E-02   0.26193E+01      -0.33
 -141     24.23    0.91193  0.26967E+01   0.36833E-02   0.24392E+01      -0.14
 -140     24.69    0.90855  0.25333E+01  -0.19545E-02   0.22784E+01       0.08
 -139     25.16    0.90510  0.23871E+01  -0.73827E-02   0.21352E+01       0.31
 -138     25.63    0.90160  0.22565E+01  -0.12576E-01   0.20082E+01       0.56
 -137     26.10    0.89804  0.21402E+01  -0.17510E-01   0.18958E+01       0.82
 -136     26.57    0.89441  0.20367E+01  -0.22167E-01   0.17966E+01       1.09
 -135     27.04    0.89073  0.19448E+01  -0.26528E-01   0.17093E+01       1.36
 -134     27.50    0.88698  0.18634E+01  -0.30580E-01   0.16327E+01       1.64
 -133     27.97    0.88318  0.17913E+01  -0.34312E-01   0.15656E+01       1.92
 -132     28.44    0.87932  0.17275E+01  -0.37714E-01   0.15070E+01       2.18
 -131     28.91    0.87540  0.16711E+01  -0.40782E-01   0.14558E+01       2.44
 -130     29.38    0.87142  0.16213E+01  -0.43513E-01   0.14113E+01       2.68
 -129     29.84    0.86738  0.15772E+01  -0.45904E-01   0.13726E+01       2.91
 -128     30.31    0.86329  0.15381E+01  -0.47959E-01   0.13389E+01       3.12
 -127     30.78    0.85914  0.15034E+01  -0.49681E-01   0.13095E+01       3.30
 -126     31.25    0.85493  0.14725E+01  -0.51075E-01   0.12838E+01       3.47
 -125     31.72    0.85066  0.14450E+01  -0.52149E-01   0.12614E+01       3.61
 -124     32.18    0.84634  0.14202E+01  -0.52911E-01   0.12416E+01       3.73
 -123     32.65    0.84195  0.13978E+01  -0.53373E-01   0.12240E+01       3.82
 -122     33.12    0.83752  0.13774E+01  -0.53546E-01   0.12083E+01       3.89
 -121     33.59    0.83303  0.13587E+01  -0.53441E-01   0.11941E+01       3.93
 -120     34.06    0.82848  0.13414E+01  -0.53074E-01   0.11812E+01       3.96
 -119     34.53    0.82387  0.13253E+01  -0.52458E-01   0.11692E+01       3.96
 -118     34.99    0.81922  0.13101E+01  -0.51607E-01   0.11579E+01       3.94
 -117     35.46    0.81450  0.12956E+01  -0.50537E-01   0.11471E+01       3.90
 -116     35.93    0.80974  0.12818E+01  -0.49263E-01   0.11367E+01       3.84
 -115     36.40    0.80491  0.12683E+01  -0.47801E-01   0.11265E+01       3.77
 -114     36.87    0.80004  0.12552E+01  -0.46165E-01   0.11165E+01       3.68
 -113     37.33    0.79511  0.12423E+01  -0.44371E-01   0.11064E+01       3.57
 -112     37.80    0.79013  0.12296E+01  -0.42434E-01   0.10963E+01       3.45
 -111     38.27    0.78509  0.12169E+01  -0.40369E-01   0.10861E+01       3.32
 -110     38.74    0.78001  0.12043E+01  -0.38190E-01   0.10757E+01       3.17
 -109     39.21    0.77487  0.11917E+01  -0.35910E-01   0.10651E+01       3.01
 -108     39.67    0.76968  0.11790E+01  -0.33543E-01   0.10543E+01       2.84
 -107     40.14    0.76444  0.11663E+01  -0.31101E-01   0.10433E+01       2.67
 -106     40.61    0.75914  0.11535E+01  -0.28597E-01   0.10321E+01       2.48
 -105     41.08    0.75380  0.11406E+01  -0.26042E-01   0.10206E+01       2.28
 -104     41.55    0.74841  0.11276E+01  -0.23447E-01   0.10088E+01       2.08
 -103     42.02    0.74296  0.11145E+01  -0.20822E-01   0.99688E+00       1.87
 -102     42.48    0.73747  0.11014E+01  -0.18176E-01   0.98472E+00       1.65
 -101     42.95    0.73193  0.10882E+01  -0.15518E-01   0.97237E+00       1.43
 -100     43.42    0.72633  0.10749E+01  -0.12857E-01   0.95984E+00       1.20
  -99     43.89    0.72069  0.10615E+01  -0.10200E-01   0.94715E+00       0.96
  -98     44.36    0.71501  0.10481E+01  -0.75537E-02   0.93433E+00       0.72
  -97     44.82    0.70927  0.10346E+01  -0.49249E-02   0.92139E+00       0.48
  -96     45.29    0.70349  0.10212E+01  -0.23193E-02   0.90836E+00       0.23
  -95     45.76    0.69766  0.10077E+01   0.25783E-03   0.89526E+00      -0.03
  -94     46.23    0.69178  0.99424E+00   0.28017E-02   0.88210E+00      -0.28
  -93     46.70    0.68586  0.98080E+00   0.53079E-02   0.86890E+00      -0.54
  -92     47.17    0.67989  0.96738E+00   0.77727E-02   0.85569E+00      -0.80
  -91     47.63    0.67387  0.95401E+00   0.10193E-01   0.84249E+00      -1.07
  -90     48.10    0.66781  0.94070E+00   0.12564E-01   0.82930E+00      -1.34
  -89     48.57    0.66171  0.92745E+00   0.14886E-01   0.81615E+00      -1.61
  -88     49.04    0.65556  0.91429E+00   0.17154E-01   0.80305E+00      -1.88
  -87     49.51    0.64937  0.90121E+00   0.19367E-01   0.79002E+00      -2.15
  -86     49.97    0.64313  0.88823E+00   0.21524E-01   0.77707E+00      -2.42
  -85     50.44    0.63686  0.87536E+00   0.23622E-01   0.76420E+00      -2.70
  -84     50.91    0.63054  0.86261E+00   0.25661E-01   0.75144E+00      -2.97
  -83     51.38    0.62417  0.84998E+00   0.27640E-01   0.73879E+00      -3.25
  -82     51.85    0.61777  0.83747E+00   0.29557E-01   0.72625E+00      -3.53
  -81     52.31    0.61132  0.82510E+00   0.31413E-01   0.71385E+00      -3.81
  -80     52.78    0.60484  0.81288E+00   0.33206E-01   0.70158E+00      -4.09
  -79     53.25    0.59831  0.80079E+00   0.34938E-01   0.68945E+00      -4.36
  -78     53.72    0.59174  0.78886E+00   0.36607E-01   0.67747E+00      -4.64
  -77     54.19    0.58514  0.77708E+00   0.38214E-01   0.66564E+00      -4.92
  -76     54.66    0.57849  0.76546E+00   0.39759E-01   0.65397E+00      -5.19
  -75     55.12    0.57181  0.75399E+00   0.41243E-01   0.64245E+00      -5.47
  -74     55.59    0.56509  0.74269E+00   0.42667E-01   0.63110E+00      -5.74
  -73     56.06    0.55833  0.73154E+00   0.44030E-01   0.61991E+00      -6.02
  -72     56.53    0.55153  0.72056E+00   0.45334E-01   0.60888E+00      -6.29
  -71     57.00    0.54470  0.70974E+00   0.46580E-01   0.59802E+00      -6.56
  -70     57.46    0.53783  0.69909E+00   0.47770E-01   0.58733E+00      -6.83
  -69     57.93    0.53092  0.68860E+00   0.48903E-01   0.57680E+00      -7.10
  -68     58.40    0.52398  0.67827E+00   0.49981E-01   0.56645E+00      -7.37
  -67     58.87    0.51700  0.66811E+00   0.51007E-01   0.55625E+00      -7.63
  -66     59.34    0.50999  0.65810E+00   0.51980E-01   0.54623E+00      -7.90
  -65     59.80    0.50294  0.64826E+00   0.52903E-01   0.53637E+00      -8.16
  -64     60.27    0.49587  0.63858E+00   0.53777E-01   0.52667E+00      -8.42
  -63     60.74    0.48875  0.62905E+00   0.54604E-01   0.51714E+00      -8.68
  -62     61.21    0.48161  0.61968E+00   0.55385E-01   0.50776E+00      -8.94
  -61     61.68    0.47443  0.61047E+00   0.56122E-01   0.49855E+00      -9.19
  -60     62.15    0.46723  0.60140E+00   0.56816E-01   0.48949E+00      -9.45
  -59     62.61    0.45999  0.59249E+00   0.57470E-01   0.48059E+00      -9.70
  -58     63.08    0.45272  0.58372E+00   0.58084E-01   0.47183E+00      -9.95
  -57     63.55    0.44542  0.57510E+00   0.58661E-01   0.46323E+00     -10.20
  -56     64.02    0.43809  0.56662E+00   0.59202E-01   0.45478E+00     -10.45
  -55     64.49    0.43073  0.55829E+00   0.59708E-01   0.44647E+00     -10.69
  -54     64.95    0.42334  0.55009E+00   0.60182E-01   0.43830E+00     -10.94
  -53     65.42    0.41592  0.54202E+00   0.60624E-01   0.43027E+00     -11.18
  -52     65.89    0.40848  0.53409E+00   0.61035E-01   0.42239E+00     -11.43
  -51     66.36    0.40101  0.52630E+00   0.61418E-01   0.41463E+00     -11.67
  -50     66.83    0.39351  0.51863E+00   0.61774E-01   0.40701E+00     -11.91
  -49     67.30    0.38598  0.51108E+00   0.62103E-01   0.39952E+00     -12.15
  -48     67.76    0.37843  0.50366E+00   0.62408E-01   0.39215E+00     -12.39
  -47     68.23    0.37086  0.49637E+00   0.62688E-01   0.38491E+00     -12.63
  -46     68.70    0.36326  0.48919E+00   0.62946E-01   0.37780E+00     -12.87
  -45     69.17    0.35563  0.48213E+00   0.63181E-01   0.37080E+00     -13.10
  -44     69.64    0.34798  0.47519E+00   0.63396E-01   0.36393E+00     -13.34
  -43     70.10    0.34031  0.46836E+00   0.63590E-01   0.35717E+00     -13.58
  -42     70.57    0.33262  0.46165E+00   0.63765E-01   0.35052E+00     -13.81
  -41     71.04    0.32490  0.45505E+00   0.63922E-01   0.34399E+00     -14.05
  -40     71.51    0.31716  0.44855E+00   0.64061E-01   0.33757E+00     -14.28
  -39     71.98    0.30941  0.44216E+00   0.64182E-01   0.33126E+00     -14.52
  -38     72.44    0.30163  0.43588E+00   0.64288E-01   0.32505E+00     -14.75
  -37     72.91    0.29383  0.42971E+00   0.64377E-01   0.31895E+00     -14.98
  -36     73.38    0.28601  0.42363E+00   0.64451E-01   0.31296E+00     -15.21
  -35     73.85    0.27817  0.41766E+00   0.64511E-01   0.30706E+00     -15.45
  -34     74.32    0.27031  0.41179E+00   0.64556E-01   0.30127E+00     -15.68
  -33     74.79    0.26243  0.40602E+00   0.64588E-01   0.29558E+00     -15.91
  -32     75.25    0.25454  0.40034E+00   0.64607E-01   0.28999E+00     -16.14
  -31     75.72    0.24663  0.39477E+00   0.64613E-01   0.28450E+00     -16.37
  -30     76.19    0.23871  0.38929E+00   0.64607E-01   0.27910E+00     -16.60
  -29     76.66    0.23076  0.38390E+00   0.64589E-01   0.27379E+00     -16.82
  -28     77.13    0.22281  0.37860E+00   0.64561E-01   0.26858E+00     -17.05
  -27     77.59    0.21483  0.37340E+00   0.64522E-01   0.26346E+00     -17.28
  -26     78.06    0.20685  0.36829E+00   0.64472E-01   0.25843E+00     -17.51
  -25     78.53    0.19885  0.36326E+00   0.64413E-01   0.25349E+00     -17.73
  -24     79.00    0.19083  0.35832E+00   0.64345E-01   0.24864E+00     -17.96
  -23     79.47    0.18280  0.35347E+00   0.64268E-01   0.24388E+00     -18.18
  -22     79.93    0.17477  0.34871E+00   0.64182E-01   0.23920E+00     -18.41
  -21     80.40    0.16671  0.34403E+00   0.64088E-01   0.23461E+00     -18.63
  -20     80.87    0.15865  0.33943E+00   0.63987E-01   0.23009E+00     -18.85
  -19     81.34    0.15058  0.33491E+00   0.63878E-01   0.22566E+00     -19.07
  -18     81.81    0.14250  0.33048E+00   0.63763E-01   0.22131E+00     -19.29
  -17     82.28    0.13441  0.32612E+00   0.63641E-01   0.21704E+00     -19.51
  -16     82.74    0.12631  0.32184E+00   0.63513E-01   0.21285E+00     -19.73
  -15     83.21    0.11820  0.31763E+00   0.63380E-01   0.20873E+00     -19.95
  -14     83.68    0.11008  0.31350E+00   0.63241E-01   0.20468E+00     -20.17
  -13     84.15    0.10195  0.30944E+00   0.63098E-01   0.20071E+00     -20.39
  -12     84.62    0.09382  0.30545E+00   0.62950E-01   0.19681E+00     -20.61
  -11     85.08    0.08569  0.30154E+00   0.62798E-01   0.19298E+00     -20.83
  -10     85.55    0.07754  0.29769E+00   0.62642E-01   0.18922E+00     -21.04
   -9     86.02    0.06939  0.29391E+00   0.62482E-01   0.18553E+00     -21.26
   -8     86.49    0.06124  0.29020E+00   0.62320E-01   0.18191E+00     -21.47
   -7     86.96    0.05308  0.28656E+00   0.62155E-01   0.17835E+00     -21.69
   -6     87.43    0.04492  0.28298E+00   0.61988E-01   0.17485E+00     -21.91
   -5     87.89    0.03676  0.27946E+00   0.61819E-01   0.17142E+00     -22.12
   -4     88.36    0.02859  0.27600E+00   0.61648E-01   0.16805E+00     -22.34
   -3     88.83    0.02043  0.27261E+00   0.61476E-01   0.16473E+00     -22.55
   -2     89.30    0.01226  0.26928E+00   0.61303E-01   0.16148E+00     -22.77
   -1     89.77    0.00409  0.26601E+00   0.61129E-01   0.15829E+00     -22.98
    0     90.00    0.00000  0.26440E+00   0.61042E-01   0.15671E+00     -23.09
    1     90.23   -0.00409  0.26280E+00   0.60955E-01   0.15515E+00     -23.19
    2     90.70   -0.01226  0.25965E+00   0.60781E-01   0.15207E+00     -23.41
    3     91.17   -0.02043  0.25655E+00   0.60607E-01   0.14905E+00     -23.62
    4     91.64   -0.02859  0.25351E+00   0.60434E-01   0.14608E+00     -23.84
    5     92.11   -0.03676  0.25053E+00   0.60261E-01   0.14317E+00     -24.05
    6     92.57   -0.04492  0.24760E+00   0.60090E-01   0.14031E+00     -24.27
    7     93.04   -0.05308  0.24473E+00   0.59919E-01   0.13750E+00     -24.48
    8     93.51   -0.06124  0.24192E+00   0.59750E-01   0.13474E+00     -24.70
    9     93.98   -0.06939  0.23916E+00   0.59582E-01   0.13203E+00     -24.91
   10     94.45   -0.07754  0.23645E+00   0.59415E-01   0.12938E+00     -25.13
   11     94.92   -0.08569  0.23379E+00   0.59250E-01   0.12677E+00     -25.34
   12     95.38   -0.09382  0.23118E+00   0.59086E-01   0.12421E+00     -25.56
   13     95.85   -0.10195  0.22863E+00   0.58924E-01   0.12170E+00     -25.77
   14     96.32   -0.11008  0.22613E+00   0.58763E-01   0.11924E+00     -25.99
   15     96.79   -0.11820  0.22368E+00   0.58604E-01   0.11683E+00     -26.20
   16     97.26   -0.12631  0.22127E+00   0.58447E-01   0.11446E+00     -26.41
   17     97.72   -0.13441  0.21892E+00   0.58290E-01   0.11213E+00     -26.63
   18     98.19   -0.14250  0.21661E+00   0.58135E-01   0.10985E+00     -26.84
   19     98.66   -0.15058  0.21435E+00   0.57981E-01   0.10762E+00     -27.05
   20     99.13   -0.15865  0.21214E+00   0.57828E-01   0.10542E+00     -27.26
   21     99.60   -0.16671  0.20997E+00   0.57677E-01   0.10327E+00     -27.47
   22    100.07   -0.17477  0.20785E+00   0.57526E-01   0.10117E+00     -27.68
   23    100.53   -0.18280  0.20577E+00   0.57377E-01   0.99099E-01     -27.88
   24    101.00   -0.19083  0.20373E+00   0.57228E-01   0.97073E-01     -28.09
   25    101.47   -0.19885  0.20174E+00   0.57081E-01   0.95087E-01     -28.29
   26    101.94   -0.20685  0.19979E+00   0.56935E-01   0.93140E-01     -28.50
   27    102.41   -0.21483  0.19788E+00   0.56790E-01   0.91232E-01     -28.70
   28    102.87   -0.22281  0.19601E+00   0.56646E-01   0.89362E-01     -28.90
   29    103.34   -0.23076  0.19418E+00   0.56504E-01   0.87528E-01     -29.10
   30    103.81   -0.23871  0.19239E+00   0.56363E-01   0.85732E-01     -29.30
   31    104.28   -0.24663  0.19064E+00   0.56224E-01   0.83970E-01     -29.49
   32    104.75   -0.25454  0.18893E+00   0.56087E-01   0.82244E-01     -29.69
   33    105.21   -0.26243  0.18725E+00   0.55952E-01   0.80552E-01     -29.88
   34    105.68   -0.27031  0.18562E+00   0.55819E-01   0.78894E-01     -30.07
   35    106.15   -0.27817  0.18402E+00   0.55689E-01   0.77269E-01     -30.26
   36    106.62   -0.28601  0.18245E+00   0.55562E-01   0.75675E-01     -30.45
   37    107.09   -0.29383  0.18092E+00   0.55438E-01   0.74113E-01     -30.64
   38    107.56   -0.30163  0.17943E+00   0.55318E-01   0.72582E-01     -30.83
   39    108.02   -0.30941  0.17797E+00   0.55201E-01   0.71081E-01     -31.02
   40    108.49   -0.31716  0.17655E+00   0.55088E-01   0.69609E-01     -31.20
   41    108.96   -0.32490  0.17516E+00   0.54978E-01   0.68166E-01     -31.39
   42    109.43   -0.33262  0.17380E+00   0.54873E-01   0.66750E-01     -31.57
   43    109.90   -0.34031  0.17248E+00   0.54772E-01   0.65362E-01     -31.76
   44    110.36   -0.34798  0.17119E+00   0.54675E-01   0.64000E-01     -31.94
   45    110.83   -0.35563  0.16993E+00   0.54583E-01   0.62664E-01     -32.12
   46    111.30   -0.36326  0.16870E+00   0.54495E-01   0.61353E-01     -32.30
   47    111.77   -0.37086  0.16751E+00   0.54410E-01   0.60067E-01     -32.48
   48    112.24   -0.37843  0.16634E+00   0.54330E-01   0.58804E-01     -32.66
   49    112.70   -0.38598  0.16521E+00   0.54254E-01   0.57564E-01     -32.84
   50    113.17   -0.39351  0.16410E+00   0.54182E-01   0.56346E-01     -33.02
   51    113.64   -0.40101  0.16302E+00   0.54113E-01   0.55150E-01     -33.19
   52    114.11   -0.40848  0.16198E+00   0.54047E-01   0.53975E-01     -33.37
   53    114.58   -0.41592  0.16095E+00   0.53984E-01   0.52820E-01     -33.54
   54    115.05   -0.42334  0.15996E+00   0.53924E-01   0.51685E-01     -33.71
   55    115.51   -0.43073  0.15899E+00   0.53866E-01   0.50569E-01     -33.88
   56    115.98   -0.43809  0.15805E+00   0.53809E-01   0.49471E-01     -34.05
   57    116.45   -0.44542  0.15713E+00   0.53754E-01   0.48390E-01     -34.21
   58    116.92   -0.45272  0.15624E+00   0.53700E-01   0.47327E-01     -34.37
   59    117.39   -0.45999  0.15537E+00   0.53647E-01   0.46280E-01     -34.53
   60    117.85   -0.46723  0.15452E+00   0.53594E-01   0.45249E-01     -34.68
   61    118.32   -0.47443  0.15370E+00   0.53540E-01   0.44234E-01     -34.83
   62    118.79   -0.48161  0.15290E+00   0.53486E-01   0.43234E-01     -34.98
   63    119.26   -0.48875  0.15212E+00   0.53432E-01   0.42248E-01     -35.12
   64    119.73   -0.49587  0.15137E+00   0.53376E-01   0.41276E-01     -35.26
   65    120.20   -0.50294  0.15063E+00   0.53319E-01   0.40318E-01     -35.40
   66    120.66   -0.50999  0.14992E+00   0.53260E-01   0.39374E-01     -35.53
   67    121.13   -0.51700  0.14923E+00   0.53200E-01   0.38443E-01     -35.65
   68    121.60   -0.52398  0.14857E+00   0.53138E-01   0.37525E-01     -35.77
   69    122.07   -0.53092  0.14793E+00   0.53074E-01   0.36621E-01     -35.88
   70    122.54   -0.53783  0.14731E+00   0.53008E-01   0.35730E-01     -35.98
   71    123.00   -0.54470  0.14672E+00   0.52940E-01   0.34852E-01     -36.08
   72    123.47   -0.55153  0.14615E+00   0.52871E-01   0.33988E-01     -36.18
   73    123.94   -0.55833  0.14562E+00   0.52801E-01   0.33138E-01     -36.26
   74    124.41   -0.56509  0.14511E+00   0.52729E-01   0.32302E-01     -36.34
   75    124.88   -0.57181  0.14463E+00   0.52657E-01   0.31482E-01     -36.41
   76    125.34   -0.57849  0.14419E+00   0.52585E-01   0.30678E-01     -36.47
   77    125.81   -0.58514  0.14379E+00   0.52514E-01   0.29890E-01     -36.52
   78    126.28   -0.59174  0.14343E+00   0.52444E-01   0.29121E-01     -36.57
   79    126.75   -0.59831  0.14310E+00   0.52377E-01   0.28371E-01     -36.60
   80    127.22   -0.60484  0.14283E+00   0.52314E-01   0.27642E-01     -36.63
   81    127.69   -0.61132  0.14261E+00   0.52255E-01   0.26935E-01     -36.64
   82    128.15   -0.61777  0.14244E+00   0.52202E-01   0.26253E-01     -36.65
   83    128.62   -0.62417  0.14233E+00   0.52158E-01   0.25596E-01     -36.64
   84    129.09   -0.63054  0.14229E+00   0.52123E-01   0.24968E-01     -36.63
   85    129.56   -0.63686  0.14232E+00   0.52101E-01   0.24371E-01     -36.61
   86    130.03   -0.64313  0.14243E+00   0.52093E-01   0.23808E-01     -36.57
   87    130.49   -0.64937  0.14262E+00   0.52101E-01   0.23281E-01     -36.53
   88    130.96   -0.65556  0.14291E+00   0.52130E-01   0.22793E-01     -36.48
   89    131.43   -0.66171  0.14329E+00   0.52181E-01   0.22347E-01     -36.42
   90    131.90   -0.66781  0.14378E+00   0.52260E-01   0.21948E-01     -36.35
   91    132.37   -0.67387  0.14438E+00   0.52368E-01   0.21599E-01     -36.27
   92    132.83   -0.67989  0.14511E+00   0.52511E-01   0.21304E-01     -36.19
   93    133.30   -0.68586  0.14597E+00   0.52692E-01   0.21066E-01     -36.10
   94    133.77   -0.69178  0.14697E+00   0.52918E-01   0.20891E-01     -36.01
   95    134.24   -0.69766  0.14812E+00   0.53191E-01   0.20782E-01     -35.91
   96    134.71   -0.70349  0.14943E+00   0.53519E-01   0.20744E-01     -35.81
   97    135.18   -0.70927  0.15092E+00   0.53907E-01   0.20782E-01     -35.72
   98    135.64   -0.71501  0.15258E+00   0.54360E-01   0.20901E-01     -35.63
   99    136.11   -0.72069  0.15443E+00   0.54885E-01   0.21106E-01     -35.54
  100    136.58   -0.72633  0.15647E+00   0.55488E-01   0.21402E-01     -35.46
  101    137.05   -0.73193  0.15873E+00   0.56175E-01   0.21794E-01     -35.39
  102    137.52   -0.73747  0.16119E+00   0.56955E-01   0.22287E-01     -35.33
  103    137.98   -0.74296  0.16388E+00   0.57832E-01   0.22887E-01     -35.29
  104    138.45   -0.74841  0.16680E+00   0.58814E-01   0.23597E-01     -35.26
  105    138.92   -0.75380  0.16995E+00   0.59908E-01   0.24424E-01     -35.25
  106    139.39   -0.75914  0.17334E+00   0.61121E-01   0.25371E-01     -35.26
  107    139.86   -0.76444  0.17696E+00   0.62458E-01   0.26444E-01     -35.29
  108    140.33   -0.76968  0.18083E+00   0.63926E-01   0.27646E-01     -35.35
  109    140.79   -0.77487  0.18494E+00   0.65530E-01   0.28982E-01     -35.43
  110    141.26   -0.78001  0.18929E+00   0.67277E-01   0.30454E-01     -35.54
  111    141.73   -0.78509  0.19387E+00   0.69170E-01   0.32066E-01     -35.68
  112    142.20   -0.79013  0.19868E+00   0.71214E-01   0.33819E-01     -35.84
  113    142.67   -0.79511  0.20370E+00   0.73411E-01   0.35716E-01     -36.04
  114    143.13   -0.80004  0.20893E+00   0.75765E-01   0.37758E-01     -36.26
  115    143.60   -0.80491  0.21435E+00   0.78276E-01   0.39943E-01     -36.52
  116    144.07   -0.80974  0.21994E+00   0.80944E-01   0.42272E-01     -36.80
  117    144.54   -0.81450  0.22568E+00   0.83769E-01   0.44742E-01     -37.12
  118    145.01   -0.81922  0.23155E+00   0.86748E-01   0.47349E-01     -37.46
  119    145.47   -0.82387  0.23753E+00   0.89876E-01   0.50090E-01     -37.84
  120    145.94   -0.82848  0.24358E+00   0.93149E-01   0.52957E-01     -38.24
  121    146.41   -0.83303  0.24966E+00   0.96560E-01   0.55943E-01     -38.68
  122    146.88   -0.83752  0.25576E+00   0.10010E+00   0.59038E-01     -39.14
  123    147.35   -0.84195  0.26183E+00   0.10376E+00   0.62231E-01     -39.63
  124    147.82   -0.84634  0.26783E+00   0.10752E+00   0.65508E-01     -40.15
  125    148.28   -0.85066  0.27372E+00   0.11138E+00   0.68852E-01     -40.69
  126    148.75   -0.85493  0.27946E+00   0.11531E+00   0.72247E-01     -41.26
  127    149.22   -0.85914  0.28502E+00   0.11931E+00   0.75669E-01     -41.86
  128    149.69   -0.86329  0.29034E+00   0.12334E+00   0.79097E-01     -42.48
  129    150.16   -0.86738  0.29539E+00   0.12740E+00   0.82502E-01     -43.13
  130    150.62   -0.87142  0.30012E+00   0.13145E+00   0.85855E-01     -43.80
  131    151.09   -0.87540  0.30450E+00   0.13548E+00   0.89123E-01     -44.49
  132    151.56   -0.87932  0.30850E+00   0.13945E+00   0.92268E-01     -45.20
  133    152.03   -0.88318  0.31208E+00   0.14336E+00   0.95250E-01     -45.94
  134    152.50   -0.88698  0.31522E+00   0.14716E+00   0.98025E-01     -46.68
  135    152.96   -0.89073  0.31789E+00   0.15083E+00   0.10054E+00     -47.45
  136    153.43   -0.89441  0.32008E+00   0.15434E+00   0.10276E+00     -48.22
  137    153.90   -0.89804  0.32179E+00   0.15767E+00   0.10460E+00     -49.00
  138    154.37   -0.90160  0.32301E+00   0.16079E+00   0.10603E+00     -49.78
  139    154.84   -0.90510  0.32376E+00   0.16367E+00   0.10696E+00     -50.55
  140    155.31   -0.90855  0.32405E+00   0.16629E+00   0.10733E+00     -51.32
  141    155.77   -0.91193  0.32391E+00   0.16862E+00   0.10708E+00     -52.06
  142    156.24   -0.91525  0.32339E+00   0.17064E+00   0.10611E+00     -52.77
  143    156.71   -0.91851  0.32254E+00   0.17232E+00   0.10436E+00     -53.43
  144    157.18   -0.92171  0.32143E+00   0.17366E+00   0.10174E+00     -54.03
  145    157.65   -0.92485  0.32012E+00   0.17462E+00   0.98169E-01     -54.55
  146    158.11   -0.92793  0.31872E+00   0.17519E+00   0.93551E-01     -54.97
  147    158.58   -0.93094  0.31732E+00   0.17537E+00   0.87799E-01     -55.26
  148    159.05   -0.93390  0.31604E+00   0.17513E+00   0.80824E-01     -55.42
  149    159.52   -0.93679  0.31499E+00   0.17449E+00   0.72535E-01     -55.39
  150    159.99   -0.93961  0.31431E+00   0.17342E+00   0.62842E-01     -55.17
  151    160.46   -0.94238  0.31415E+00   0.17193E+00   0.51659E-01     -54.73
  152    160.92   -0.94508  0.31463E+00   0.17003E+00   0.38900E-01     -54.04
  153    161.39   -0.94772  0.31593E+00   0.16771E+00   0.24484E-01     -53.08
  154    161.86   -0.95030  0.31820E+00   0.16500E+00   0.83374E-02     -51.85
  155    162.33   -0.95281  0.32159E+00   0.16189E+00  -0.96097E-02     -50.34
  156    162.80   -0.95526  0.32626E+00   0.15840E+00  -0.29417E-01     -48.55
  157    163.26   -0.95764  0.33237E+00   0.15456E+00  -0.51135E-01     -46.50
  158    163.73   -0.95996  0.34005E+00   0.15038E+00  -0.74804E-01     -44.22
  159    164.20   -0.96222  0.34946E+00   0.14589E+00  -0.10045E+00     -41.75
  160    164.67   -0.96441  0.36071E+00   0.14110E+00  -0.12809E+00     -39.12
  161    165.14   -0.96654  0.37392E+00   0.13605E+00  -0.15771E+00     -36.38
  162    165.60   -0.96860  0.38918E+00   0.13076E+00  -0.18931E+00     -33.60
  163    166.07   -0.97060  0.40656E+00   0.12526E+00  -0.22283E+00     -30.81
  164    166.54   -0.97254  0.42613E+00   0.11959E+00  -0.25824E+00     -28.06
  165    167.01   -0.97440  0.44791E+00   0.11377E+00  -0.29545E+00     -25.40
  166    167.48   -0.97621  0.47189E+00   0.10783E+00  -0.33437E+00     -22.85
  167    167.95   -0.97795  0.49806E+00   0.10181E+00  -0.37487E+00     -20.44
  168    168.41   -0.97962  0.52636E+00   0.95740E-01  -0.41684E+00     -18.19
  169    168.88   -0.98123  0.55669E+00   0.89646E-01  -0.46010E+00     -16.10
  170    169.35   -0.98277  0.58894E+00   0.83562E-01  -0.50449E+00     -14.19
  171    169.82   -0.98425  0.62296E+00   0.77517E-01  -0.54979E+00     -12.44
  172    170.29   -0.98566  0.65856E+00   0.71541E-01  -0.59581E+00     -10.86
  173    170.75   -0.98701  0.69553E+00   0.65662E-01  -0.64229E+00      -9.44
  174    171.22   -0.98829  0.73364E+00   0.59906E-01  -0.68899E+00      -8.17
  175    171.69   -0.98950  0.77261E+00   0.54300E-01  -0.73566E+00      -7.03
  176    172.16   -0.99065  0.81215E+00   0.48868E-01  -0.78200E+00      -6.02
  177    172.63   -0.99173  0.85196E+00   0.43633E-01  -0.82774E+00      -5.12
  178    173.09   -0.99275  0.89169E+00   0.38617E-01  -0.87258E+00      -4.33
  179    173.56   -0.99370  0.93100E+00   0.33841E-01  -0.91623E+00      -3.63
  180    174.03   -0.99458  0.96955E+00   0.29322E-01  -0.95838E+00      -3.02
  181    174.50   -0.99539  0.10070E+01   0.25078E-01  -0.99875E+00      -2.49
  182    174.97   -0.99614  0.10429E+01   0.21125E-01  -0.10370E+01      -2.03
  183    175.44   -0.99683  0.10770E+01   0.17478E-01  -0.10730E+01      -1.62
  184    175.90   -0.99744  0.11090E+01   0.14150E-01  -0.11063E+01      -1.28
  185    176.37   -0.99799  0.11384E+01   0.11152E-01  -0.11367E+01      -0.98
  186    176.84   -0.99848  0.11650E+01   0.84940E-02  -0.11640E+01      -0.73
  187    177.31   -0.99890  0.11885E+01   0.61857E-02  -0.11880E+01      -0.52
  188    177.78   -0.99925  0.12087E+01   0.42347E-02  -0.12085E+01      -0.35
  189    178.24   -0.99953  0.12254E+01   0.26471E-02  -0.12253E+01      -0.22
  190    178.71   -0.99975  0.12383E+01   0.14282E-02  -0.12383E+01      -0.12
  191    179.18   -0.99990  0.12473E+01   0.58181E-03  -0.12473E+01      -0.05
  192    179.64   -0.99998  0.12524E+01   0.11050E-03  -0.12524E+01      -0.01
  193    180.00   -1.00000  0.12535E+01   0.00000E+00  -0.12535E+01      -0.00

