 alpha final =    602.00000000000000     

     granulo :  rn =  1.0  rm = 0.56  ln sig =  0.266  pour r <  50. mic.
     ======================================================================

                    longueur d onde :  0.530 microns
                    ================================

     indice reel :   1.61000     indice imaginaire : -0.30000E-01


                    nombre de particules :  0.10009E+01

       Sections d extinction et de diffusion ramenees a une particule :
       ----------------------------------------------------------------
     extinction :  0.27739E+01 mic**2     diffusion :  0.18797E+01 mic**2

            Pizero : 0.677632                 g.assymetrie : 0.73895

 ------------------------------------------------------------------------------
   j      theta       mu         i             q             u         -q/i*100
 ------------------------------------------------------------------------------
 -193      0.00    1.00000  0.62019E+02   0.00000E+00   0.62019E+02      -0.00
 -192      0.36    0.99998  0.61954E+02   0.28416E-03   0.61954E+02      -0.00
 -191      0.82    0.99990  0.61680E+02   0.14906E-02   0.61680E+02      -0.00
 -190      1.29    0.99975  0.61189E+02   0.36344E-02   0.61189E+02      -0.01
 -189      1.76    0.99953  0.60487E+02   0.66706E-02   0.60487E+02      -0.01
 -188      2.22    0.99925  0.59583E+02   0.10535E-01   0.59582E+02      -0.02
 -187      2.69    0.99890  0.58486E+02   0.15147E-01   0.58485E+02      -0.03
 -186      3.16    0.99848  0.57209E+02   0.20410E-01   0.57207E+02      -0.04
 -185      3.63    0.99799  0.55765E+02   0.26213E-01   0.55762E+02      -0.05
 -184      4.10    0.99744  0.54171E+02   0.32437E-01   0.54166E+02      -0.06
 -183      4.56    0.99683  0.52441E+02   0.38952E-01   0.52434E+02      -0.07
 -182      5.03    0.99614  0.50595E+02   0.45624E-01   0.50585E+02      -0.09
 -181      5.50    0.99539  0.48650E+02   0.52318E-01   0.48636E+02      -0.11
 -180      5.97    0.99458  0.46624E+02   0.58896E-01   0.46605E+02      -0.13
 -179      6.44    0.99370  0.44535E+02   0.65225E-01   0.44511E+02      -0.15
 -178      6.91    0.99275  0.42403E+02   0.71176E-01   0.42371E+02      -0.17
 -177      7.37    0.99173  0.40243E+02   0.76629E-01   0.40203E+02      -0.19
 -176      7.84    0.99065  0.38072E+02   0.81472E-01   0.38025E+02      -0.21
 -175      8.31    0.98950  0.35908E+02   0.85607E-01   0.35850E+02      -0.24
 -174      8.78    0.98829  0.33763E+02   0.88945E-01   0.33695E+02      -0.26
 -173      9.25    0.98701  0.31651E+02   0.91414E-01   0.31572E+02      -0.29
 -172      9.71    0.98566  0.29585E+02   0.92954E-01   0.29494E+02      -0.31
 -171     10.18    0.98425  0.27576E+02   0.93523E-01   0.27471E+02      -0.34
 -170     10.65    0.98277  0.25631E+02   0.93092E-01   0.25514E+02      -0.36
 -169     11.12    0.98123  0.23759E+02   0.91647E-01   0.23628E+02      -0.39
 -168     11.59    0.97962  0.21967E+02   0.89189E-01   0.21822E+02      -0.41
 -167     12.05    0.97795  0.20259E+02   0.85734E-01   0.20101E+02      -0.42
 -166     12.52    0.97621  0.18638E+02   0.81308E-01   0.18467E+02      -0.44
 -165     12.99    0.97440  0.17109E+02   0.75953E-01   0.16924E+02      -0.44
 -164     13.46    0.97254  0.15671E+02   0.69718E-01   0.15473E+02      -0.44
 -163     13.93    0.97060  0.14325E+02   0.62663E-01   0.14115E+02      -0.44
 -162     14.40    0.96860  0.13071E+02   0.54857E-01   0.12849E+02      -0.42
 -161     14.86    0.96654  0.11907E+02   0.46374E-01   0.11674E+02      -0.39
 -160     15.33    0.96441  0.10830E+02   0.37295E-01   0.10587E+02      -0.34
 -159     15.80    0.96222  0.98388E+01   0.27704E-01   0.95870E+01      -0.28
 -158     16.27    0.95996  0.89293E+01   0.17688E-01   0.86695E+01      -0.20
 -157     16.74    0.95764  0.80980E+01   0.73354E-02   0.78313E+01      -0.09
 -156     17.20    0.95526  0.73410E+01  -0.32652E-02   0.70686E+01       0.04
 -155     17.67    0.95281  0.66542E+01  -0.14026E-01   0.63771E+01       0.21
 -154     18.14    0.95030  0.60332E+01  -0.24862E-01   0.57526E+01       0.41
 -153     18.61    0.94772  0.54736E+01  -0.35690E-01   0.51907E+01       0.65
 -152     19.08    0.94508  0.49712E+01  -0.46430E-01   0.46869E+01       0.93
 -151     19.54    0.94238  0.45215E+01  -0.57007E-01   0.42371E+01       1.26
 -150     20.01    0.93961  0.41203E+01  -0.67353E-01   0.38367E+01       1.63
 -149     20.48    0.93679  0.37635E+01  -0.77401E-01   0.34818E+01       2.06
 -148     20.95    0.93390  0.34472E+01  -0.87093E-01   0.31682E+01       2.53
 -147     21.42    0.93094  0.31676E+01  -0.96376E-01   0.28920E+01       3.04
 -146     21.89    0.92793  0.29211E+01  -0.10520E+00   0.26498E+01       3.60
 -145     22.35    0.92485  0.27043E+01  -0.11353E+00   0.24380E+01       4.20
 -144     22.82    0.92171  0.25142E+01  -0.12133E+00   0.22533E+01       4.83
 -143     23.29    0.91851  0.23478E+01  -0.12858E+00   0.20929E+01       5.48
 -142     23.76    0.91525  0.22024E+01  -0.13524E+00   0.19538E+01       6.14
 -141     24.23    0.91193  0.20755E+01  -0.14130E+00   0.18337E+01       6.81
 -140     24.69    0.90855  0.19650E+01  -0.14676E+00   0.17301E+01       7.47
 -139     25.16    0.90510  0.18687E+01  -0.15160E+00   0.16409E+01       8.11
 -138     25.63    0.90160  0.17848E+01  -0.15583E+00   0.15642E+01       8.73
 -137     26.10    0.89804  0.17117E+01  -0.15946E+00   0.14983E+01       9.32
 -136     26.57    0.89441  0.16478E+01  -0.16248E+00   0.14416E+01       9.86
 -135     27.04    0.89073  0.15919E+01  -0.16492E+00   0.13927E+01      10.36
 -134     27.50    0.88698  0.15429E+01  -0.16679E+00   0.13506E+01      10.81
 -133     27.97    0.88318  0.14995E+01  -0.16810E+00   0.13140E+01      11.21
 -132     28.44    0.87932  0.14611E+01  -0.16889E+00   0.12820E+01      11.56
 -131     28.91    0.87540  0.14267E+01  -0.16916E+00   0.12539E+01      11.86
 -130     29.38    0.87142  0.13958E+01  -0.16896E+00   0.12290E+01      12.11
 -129     29.84    0.86738  0.13677E+01  -0.16831E+00   0.12065E+01      12.31
 -128     30.31    0.86329  0.13419E+01  -0.16723E+00   0.11861E+01      12.46
 -127     30.78    0.85914  0.13181E+01  -0.16576E+00   0.11673E+01      12.58
 -126     31.25    0.85493  0.12959E+01  -0.16393E+00   0.11498E+01      12.65
 -125     31.72    0.85066  0.12749E+01  -0.16176E+00   0.11332E+01      12.69
 -124     32.18    0.84634  0.12550E+01  -0.15929E+00   0.11173E+01      12.69
 -123     32.65    0.84195  0.12360E+01  -0.15654E+00   0.11019E+01      12.67
 -122     33.12    0.83752  0.12176E+01  -0.15355E+00   0.10869E+01      12.61
 -121     33.59    0.83303  0.11997E+01  -0.15034E+00   0.10721E+01      12.53
 -120     34.06    0.82848  0.11823E+01  -0.14694E+00   0.10575E+01      12.43
 -119     34.53    0.82387  0.11653E+01  -0.14338E+00   0.10429E+01      12.30
 -118     34.99    0.81922  0.11485E+01  -0.13968E+00   0.10284E+01      12.16
 -117     35.46    0.81450  0.11320E+01  -0.13586E+00   0.10139E+01      12.00
 -116     35.93    0.80974  0.11157E+01  -0.13195E+00   0.99937E+00      11.83
 -115     36.40    0.80491  0.10997E+01  -0.12796E+00   0.98482E+00      11.64
 -114     36.87    0.80004  0.10838E+01  -0.12393E+00   0.97027E+00      11.44
 -113     37.33    0.79511  0.10680E+01  -0.11986E+00   0.95570E+00      11.22
 -112     37.80    0.79013  0.10525E+01  -0.11576E+00   0.94115E+00      11.00
 -111     38.27    0.78509  0.10371E+01  -0.11167E+00   0.92662E+00      10.77
 -110     38.74    0.78001  0.10219E+01  -0.10758E+00   0.91213E+00      10.53
 -109     39.21    0.77487  0.10069E+01  -0.10351E+00   0.89770E+00      10.28
 -108     39.67    0.76968  0.99211E+00  -0.99473E-01   0.88336E+00      10.03
 -107     40.14    0.76444  0.97747E+00  -0.95473E-01   0.86911E+00       9.77
 -106     40.61    0.75914  0.96303E+00  -0.91521E-01   0.85498E+00       9.50
 -105     41.08    0.75380  0.94880E+00  -0.87621E-01   0.84097E+00       9.24
 -104     41.55    0.74841  0.93476E+00  -0.83781E-01   0.82712E+00       8.96
 -103     42.02    0.74296  0.92094E+00  -0.80003E-01   0.81342E+00       8.69
 -102     42.48    0.73747  0.90733E+00  -0.76293E-01   0.79990E+00       8.41
 -101     42.95    0.73193  0.89394E+00  -0.72652E-01   0.78655E+00       8.13
 -100     43.42    0.72633  0.88076E+00  -0.69083E-01   0.77340E+00       7.84
  -99     43.89    0.72069  0.86780E+00  -0.65588E-01   0.76043E+00       7.56
  -98     44.36    0.71501  0.85505E+00  -0.62166E-01   0.74767E+00       7.27
  -97     44.82    0.70927  0.84252E+00  -0.58819E-01   0.73511E+00       6.98
  -96     45.29    0.70349  0.83019E+00  -0.55546E-01   0.72275E+00       6.69
  -95     45.76    0.69766  0.81808E+00  -0.52347E-01   0.71059E+00       6.40
  -94     46.23    0.69178  0.80618E+00  -0.49222E-01   0.69864E+00       6.11
  -93     46.70    0.68586  0.79448E+00  -0.46169E-01   0.68690E+00       5.81
  -92     47.17    0.67989  0.78297E+00  -0.43189E-01   0.67535E+00       5.52
  -91     47.63    0.67387  0.77167E+00  -0.40280E-01   0.66400E+00       5.22
  -90     48.10    0.66781  0.76055E+00  -0.37441E-01   0.65285E+00       4.92
  -89     48.57    0.66171  0.74963E+00  -0.34670E-01   0.64189E+00       4.62
  -88     49.04    0.65556  0.73888E+00  -0.31968E-01   0.63112E+00       4.33
  -87     49.51    0.64937  0.72832E+00  -0.29332E-01   0.62054E+00       4.03
  -86     49.97    0.64313  0.71793E+00  -0.26763E-01   0.61013E+00       3.73
  -85     50.44    0.63686  0.70771E+00  -0.24259E-01   0.59991E+00       3.43
  -84     50.91    0.63054  0.69766E+00  -0.21819E-01   0.58985E+00       3.13
  -83     51.38    0.62417  0.68778E+00  -0.19442E-01   0.57996E+00       2.83
  -82     51.85    0.61777  0.67805E+00  -0.17129E-01   0.57024E+00       2.53
  -81     52.31    0.61132  0.66848E+00  -0.14878E-01   0.56068E+00       2.23
  -80     52.78    0.60484  0.65906E+00  -0.12688E-01   0.55127E+00       1.93
  -79     53.25    0.59831  0.64980E+00  -0.10560E-01   0.54202E+00       1.63
  -78     53.72    0.59174  0.64068E+00  -0.84926E-02   0.53292E+00       1.33
  -77     54.19    0.58514  0.63171E+00  -0.64851E-02   0.52396E+00       1.03
  -76     54.66    0.57849  0.62287E+00  -0.45370E-02   0.51515E+00       0.73
  -75     55.12    0.57181  0.61418E+00  -0.26479E-02   0.50648E+00       0.43
  -74     55.59    0.56509  0.60563E+00  -0.81699E-03   0.49794E+00       0.13
  -73     56.06    0.55833  0.59721E+00   0.95632E-03   0.48954E+00      -0.16
  -72     56.53    0.55153  0.58892E+00   0.26728E-02   0.48127E+00      -0.45
  -71     57.00    0.54470  0.58076E+00   0.43334E-02   0.47313E+00      -0.75
  -70     57.46    0.53783  0.57273E+00   0.59390E-02   0.46512E+00      -1.04
  -69     57.93    0.53092  0.56483E+00   0.74907E-02   0.45724E+00      -1.33
  -68     58.40    0.52398  0.55704E+00   0.89895E-02   0.44947E+00      -1.61
  -67     58.87    0.51700  0.54938E+00   0.10437E-01   0.44183E+00      -1.90
  -66     59.34    0.50999  0.54184E+00   0.11834E-01   0.43431E+00      -2.18
  -65     59.80    0.50294  0.53442E+00   0.13182E-01   0.42690E+00      -2.47
  -64     60.27    0.49587  0.52711E+00   0.14483E-01   0.41961E+00      -2.75
  -63     60.74    0.48875  0.51991E+00   0.15737E-01   0.41243E+00      -3.03
  -62     61.21    0.48161  0.51282E+00   0.16948E-01   0.40536E+00      -3.30
  -61     61.68    0.47443  0.50584E+00   0.18116E-01   0.39839E+00      -3.58
  -60     62.15    0.46723  0.49897E+00   0.19243E-01   0.39154E+00      -3.86
  -59     62.61    0.45999  0.49220E+00   0.20330E-01   0.38478E+00      -4.13
  -58     63.08    0.45272  0.48552E+00   0.21380E-01   0.37813E+00      -4.40
  -57     63.55    0.44542  0.47895E+00   0.22394E-01   0.37157E+00      -4.68
  -56     64.02    0.43809  0.47247E+00   0.23373E-01   0.36511E+00      -4.95
  -55     64.49    0.43073  0.46608E+00   0.24319E-01   0.35875E+00      -5.22
  -54     64.95    0.42334  0.45979E+00   0.25233E-01   0.35248E+00      -5.49
  -53     65.42    0.41592  0.45358E+00   0.26118E-01   0.34629E+00      -5.76
  -52     65.89    0.40848  0.44746E+00   0.26973E-01   0.34020E+00      -6.03
  -51     66.36    0.40101  0.44142E+00   0.27801E-01   0.33419E+00      -6.30
  -50     66.83    0.39351  0.43547E+00   0.28602E-01   0.32827E+00      -6.57
  -49     67.30    0.38598  0.42960E+00   0.29378E-01   0.32242E+00      -6.84
  -48     67.76    0.37843  0.42381E+00   0.30129E-01   0.31666E+00      -7.11
  -47     68.23    0.37086  0.41810E+00   0.30856E-01   0.31098E+00      -7.38
  -46     68.70    0.36326  0.41246E+00   0.31560E-01   0.30537E+00      -7.65
  -45     69.17    0.35563  0.40690E+00   0.32241E-01   0.29984E+00      -7.92
  -44     69.64    0.34798  0.40141E+00   0.32900E-01   0.29439E+00      -8.20
  -43     70.10    0.34031  0.39600E+00   0.33538E-01   0.28901E+00      -8.47
  -42     70.57    0.33262  0.39066E+00   0.34155E-01   0.28370E+00      -8.74
  -41     71.04    0.32490  0.38539E+00   0.34750E-01   0.27846E+00      -9.02
  -40     71.51    0.31716  0.38020E+00   0.35325E-01   0.27330E+00      -9.29
  -39     71.98    0.30941  0.37507E+00   0.35879E-01   0.26821E+00      -9.57
  -38     72.44    0.30163  0.37002E+00   0.36414E-01   0.26319E+00      -9.84
  -37     72.91    0.29383  0.36504E+00   0.36928E-01   0.25824E+00     -10.12
  -36     73.38    0.28601  0.36012E+00   0.37422E-01   0.25336E+00     -10.39
  -35     73.85    0.27817  0.35528E+00   0.37897E-01   0.24855E+00     -10.67
  -34     74.32    0.27031  0.35051E+00   0.38352E-01   0.24381E+00     -10.94
  -33     74.79    0.26243  0.34581E+00   0.38787E-01   0.23914E+00     -11.22
  -32     75.25    0.25454  0.34118E+00   0.39204E-01   0.23454E+00     -11.49
  -31     75.72    0.24663  0.33661E+00   0.39601E-01   0.23001E+00     -11.76
  -30     76.19    0.23871  0.33212E+00   0.39980E-01   0.22555E+00     -12.04
  -29     76.66    0.23076  0.32770E+00   0.40340E-01   0.22116E+00     -12.31
  -28     77.13    0.22281  0.32335E+00   0.40682E-01   0.21684E+00     -12.58
  -27     77.59    0.21483  0.31906E+00   0.41006E-01   0.21259E+00     -12.85
  -26     78.06    0.20685  0.31484E+00   0.41312E-01   0.20841E+00     -13.12
  -25     78.53    0.19885  0.31070E+00   0.41601E-01   0.20430E+00     -13.39
  -24     79.00    0.19083  0.30661E+00   0.41873E-01   0.20025E+00     -13.66
  -23     79.47    0.18280  0.30260E+00   0.42128E-01   0.19628E+00     -13.92
  -22     79.93    0.17477  0.29865E+00   0.42367E-01   0.19237E+00     -14.19
  -21     80.40    0.16671  0.29477E+00   0.42590E-01   0.18853E+00     -14.45
  -20     80.87    0.15865  0.29095E+00   0.42798E-01   0.18475E+00     -14.71
  -19     81.34    0.15058  0.28719E+00   0.42991E-01   0.18104E+00     -14.97
  -18     81.81    0.14250  0.28350E+00   0.43169E-01   0.17740E+00     -15.23
  -17     82.28    0.13441  0.27987E+00   0.43333E-01   0.17381E+00     -15.48
  -16     82.74    0.12631  0.27629E+00   0.43484E-01   0.17029E+00     -15.74
  -15     83.21    0.11820  0.27278E+00   0.43621E-01   0.16683E+00     -15.99
  -14     83.68    0.11008  0.26932E+00   0.43746E-01   0.16343E+00     -16.24
  -13     84.15    0.10195  0.26592E+00   0.43859E-01   0.16008E+00     -16.49
  -12     84.62    0.09382  0.26257E+00   0.43960E-01   0.15680E+00     -16.74
  -11     85.08    0.08569  0.25928E+00   0.44050E-01   0.15357E+00     -16.99
  -10     85.55    0.07754  0.25604E+00   0.44130E-01   0.15039E+00     -17.24
   -9     86.02    0.06939  0.25285E+00   0.44200E-01   0.14727E+00     -17.48
   -8     86.49    0.06124  0.24971E+00   0.44261E-01   0.14420E+00     -17.72
   -7     86.96    0.05308  0.24662E+00   0.44313E-01   0.14118E+00     -17.97
   -6     87.43    0.04492  0.24358E+00   0.44357E-01   0.13821E+00     -18.21
   -5     87.89    0.03676  0.24059E+00   0.44393E-01   0.13528E+00     -18.45
   -4     88.36    0.02859  0.23765E+00   0.44423E-01   0.13241E+00     -18.69
   -3     88.83    0.02043  0.23475E+00   0.44446E-01   0.12958E+00     -18.93
   -2     89.30    0.01226  0.23189E+00   0.44464E-01   0.12680E+00     -19.17
   -1     89.77    0.00409  0.22909E+00   0.44476E-01   0.12407E+00     -19.41
    0     90.00    0.00000  0.22770E+00   0.44481E-01   0.12272E+00     -19.53
    1     90.23   -0.00409  0.22633E+00   0.44484E-01   0.12138E+00     -19.65
    2     90.70   -0.01226  0.22361E+00   0.44488E-01   0.11873E+00     -19.90
    3     91.17   -0.02043  0.22094E+00   0.44488E-01   0.11613E+00     -20.14
    4     91.64   -0.02859  0.21831E+00   0.44485E-01   0.11356E+00     -20.38
    5     92.11   -0.03676  0.21573E+00   0.44480E-01   0.11104E+00     -20.62
    6     92.57   -0.04492  0.21319E+00   0.44471E-01   0.10857E+00     -20.86
    7     93.04   -0.05308  0.21069E+00   0.44461E-01   0.10613E+00     -21.10
    8     93.51   -0.06124  0.20824E+00   0.44448E-01   0.10373E+00     -21.34
    9     93.98   -0.06939  0.20583E+00   0.44433E-01   0.10138E+00     -21.59
   10     94.45   -0.07754  0.20346E+00   0.44416E-01   0.99064E-01     -21.83
   11     94.92   -0.08569  0.20114E+00   0.44397E-01   0.96789E-01     -22.07
   12     95.38   -0.09382  0.19886E+00   0.44376E-01   0.94553E-01     -22.32
   13     95.85   -0.10195  0.19662E+00   0.44353E-01   0.92357E-01     -22.56
   14     96.32   -0.11008  0.19443E+00   0.44327E-01   0.90199E-01     -22.80
   15     96.79   -0.11820  0.19227E+00   0.44298E-01   0.88080E-01     -23.04
   16     97.26   -0.12631  0.19016E+00   0.44267E-01   0.86000E-01     -23.28
   17     97.72   -0.13441  0.18808E+00   0.44232E-01   0.83957E-01     -23.52
   18     98.19   -0.14250  0.18605E+00   0.44193E-01   0.81952E-01     -23.75
   19     98.66   -0.15058  0.18405E+00   0.44151E-01   0.79985E-01     -23.99
   20     99.13   -0.15865  0.18209E+00   0.44104E-01   0.78054E-01     -24.22
   21     99.60   -0.16671  0.18017E+00   0.44053E-01   0.76159E-01     -24.45
   22    100.07   -0.17477  0.17829E+00   0.43997E-01   0.74300E-01     -24.68
   23    100.53   -0.18280  0.17644E+00   0.43936E-01   0.72477E-01     -24.90
   24    101.00   -0.19083  0.17462E+00   0.43870E-01   0.70689E-01     -25.12
   25    101.47   -0.19885  0.17284E+00   0.43799E-01   0.68935E-01     -25.34
   26    101.94   -0.20685  0.17110E+00   0.43723E-01   0.67215E-01     -25.55
   27    102.41   -0.21483  0.16938E+00   0.43642E-01   0.65528E-01     -25.76
   28    102.87   -0.22281  0.16770E+00   0.43556E-01   0.63874E-01     -25.97
   29    103.34   -0.23076  0.16605E+00   0.43465E-01   0.62252E-01     -26.18
   30    103.81   -0.23871  0.16444E+00   0.43371E-01   0.60662E-01     -26.38
   31    104.28   -0.24663  0.16285E+00   0.43272E-01   0.59103E-01     -26.57
   32    104.75   -0.25454  0.16129E+00   0.43171E-01   0.57574E-01     -26.77
   33    105.21   -0.26243  0.15976E+00   0.43066E-01   0.56075E-01     -26.96
   34    105.68   -0.27031  0.15827E+00   0.42960E-01   0.54606E-01     -27.14
   35    106.15   -0.27817  0.15680E+00   0.42852E-01   0.53165E-01     -27.33
   36    106.62   -0.28601  0.15536E+00   0.42743E-01   0.51753E-01     -27.51
   37    107.09   -0.29383  0.15395E+00   0.42634E-01   0.50368E-01     -27.69
   38    107.56   -0.30163  0.15257E+00   0.42526E-01   0.49010E-01     -27.87
   39    108.02   -0.30941  0.15122E+00   0.42418E-01   0.47678E-01     -28.05
   40    108.49   -0.31716  0.14990E+00   0.42313E-01   0.46373E-01     -28.23
   41    108.96   -0.32490  0.14861E+00   0.42210E-01   0.45093E-01     -28.40
   42    109.43   -0.33262  0.14735E+00   0.42110E-01   0.43838E-01     -28.58
   43    109.90   -0.34031  0.14611E+00   0.42013E-01   0.42608E-01     -28.75
   44    110.36   -0.34798  0.14491E+00   0.41920E-01   0.41402E-01     -28.93
   45    110.83   -0.35563  0.14374E+00   0.41831E-01   0.40219E-01     -29.10
   46    111.30   -0.36326  0.14259E+00   0.41746E-01   0.39060E-01     -29.28
   47    111.77   -0.37086  0.14148E+00   0.41666E-01   0.37923E-01     -29.45
   48    112.24   -0.37843  0.14039E+00   0.41590E-01   0.36809E-01     -29.62
   49    112.70   -0.38598  0.13934E+00   0.41519E-01   0.35716E-01     -29.80
   50    113.17   -0.39351  0.13831E+00   0.41452E-01   0.34646E-01     -29.97
   51    113.64   -0.40101  0.13731E+00   0.41389E-01   0.33596E-01     -30.14
   52    114.11   -0.40848  0.13634E+00   0.41329E-01   0.32566E-01     -30.31
   53    114.58   -0.41592  0.13539E+00   0.41273E-01   0.31557E-01     -30.48
   54    115.05   -0.42334  0.13447E+00   0.41220E-01   0.30568E-01     -30.65
   55    115.51   -0.43073  0.13358E+00   0.41169E-01   0.29598E-01     -30.82
   56    115.98   -0.43809  0.13271E+00   0.41121E-01   0.28647E-01     -30.98
   57    116.45   -0.44542  0.13187E+00   0.41074E-01   0.27715E-01     -31.15
   58    116.92   -0.45272  0.13105E+00   0.41028E-01   0.26801E-01     -31.31
   59    117.39   -0.45999  0.13026E+00   0.40983E-01   0.25904E-01     -31.46
   60    117.85   -0.46723  0.12949E+00   0.40937E-01   0.25024E-01     -31.62
   61    118.32   -0.47443  0.12873E+00   0.40891E-01   0.24161E-01     -31.76
   62    118.79   -0.48161  0.12800E+00   0.40845E-01   0.23314E-01     -31.91
   63    119.26   -0.48875  0.12730E+00   0.40797E-01   0.22483E-01     -32.05
   64    119.73   -0.49587  0.12661E+00   0.40747E-01   0.21667E-01     -32.18
   65    120.20   -0.50294  0.12593E+00   0.40695E-01   0.20865E-01     -32.31
   66    120.66   -0.50999  0.12528E+00   0.40641E-01   0.20077E-01     -32.44
   67    121.13   -0.51700  0.12465E+00   0.40585E-01   0.19303E-01     -32.56
   68    121.60   -0.52398  0.12403E+00   0.40525E-01   0.18542E-01     -32.67
   69    122.07   -0.53092  0.12343E+00   0.40463E-01   0.17794E-01     -32.78
   70    122.54   -0.53783  0.12285E+00   0.40397E-01   0.17057E-01     -32.88
   71    123.00   -0.54470  0.12228E+00   0.40328E-01   0.16332E-01     -32.98
   72    123.47   -0.55153  0.12173E+00   0.40255E-01   0.15617E-01     -33.07
   73    123.94   -0.55833  0.12119E+00   0.40179E-01   0.14913E-01     -33.15
   74    124.41   -0.56509  0.12067E+00   0.40098E-01   0.14218E-01     -33.23
   75    124.88   -0.57181  0.12016E+00   0.40014E-01   0.13533E-01     -33.30
   76    125.34   -0.57849  0.11967E+00   0.39925E-01   0.12856E-01     -33.36
   77    125.81   -0.58514  0.11919E+00   0.39832E-01   0.12187E-01     -33.42
   78    126.28   -0.59174  0.11873E+00   0.39734E-01   0.11527E-01     -33.47
   79    126.75   -0.59831  0.11828E+00   0.39631E-01   0.10873E-01     -33.51
   80    127.22   -0.60484  0.11785E+00   0.39523E-01   0.10226E-01     -33.54
   81    127.69   -0.61132  0.11743E+00   0.39410E-01   0.95865E-02     -33.56
   82    128.15   -0.61777  0.11703E+00   0.39292E-01   0.89529E-02     -33.57
   83    128.62   -0.62417  0.11665E+00   0.39168E-01   0.83254E-02     -33.58
   84    129.09   -0.63054  0.11629E+00   0.39038E-01   0.77040E-02     -33.57
   85    129.56   -0.63686  0.11594E+00   0.38903E-01   0.70885E-02     -33.55
   86    130.03   -0.64313  0.11562E+00   0.38762E-01   0.64790E-02     -33.53
   87    130.49   -0.64937  0.11533E+00   0.38616E-01   0.58757E-02     -33.48
   88    130.96   -0.65556  0.11506E+00   0.38466E-01   0.52788E-02     -33.43
   89    131.43   -0.66171  0.11482E+00   0.38311E-01   0.46889E-02     -33.37
   90    131.90   -0.66781  0.11462E+00   0.38153E-01   0.41064E-02     -33.29
   91    132.37   -0.67387  0.11445E+00   0.37993E-01   0.35322E-02     -33.20
   92    132.83   -0.67989  0.11433E+00   0.37832E-01   0.29672E-02     -33.09
   93    133.30   -0.68586  0.11425E+00   0.37671E-01   0.24125E-02     -32.97
   94    133.77   -0.69178  0.11424E+00   0.37513E-01   0.18695E-02     -32.84
   95    134.24   -0.69766  0.11428E+00   0.37360E-01   0.13398E-02     -32.69
   96    134.71   -0.70349  0.11439E+00   0.37215E-01   0.82510E-03     -32.53
   97    135.18   -0.70927  0.11458E+00   0.37082E-01   0.32759E-03     -32.36
   98    135.64   -0.71501  0.11486E+00   0.36962E-01  -0.15039E-03     -32.18
   99    136.11   -0.72069  0.11524E+00   0.36862E-01  -0.60622E-03     -31.99
  100    136.58   -0.72633  0.11572E+00   0.36785E-01  -0.10370E-02     -31.79
  101    137.05   -0.73193  0.11632E+00   0.36736E-01  -0.14394E-02     -31.58
  102    137.52   -0.73747  0.11705E+00   0.36722E-01  -0.18101E-02     -31.37
  103    137.98   -0.74296  0.11792E+00   0.36747E-01  -0.21451E-02     -31.16
  104    138.45   -0.74841  0.11895E+00   0.36818E-01  -0.24403E-02     -30.95
  105    138.92   -0.75380  0.12014E+00   0.36942E-01  -0.26913E-02     -30.75
  106    139.39   -0.75914  0.12152E+00   0.37127E-01  -0.28933E-02     -30.55
  107    139.86   -0.76444  0.12308E+00   0.37379E-01  -0.30413E-02     -30.37
  108    140.33   -0.76968  0.12485E+00   0.37708E-01  -0.31299E-02     -30.20
  109    140.79   -0.77487  0.12684E+00   0.38119E-01  -0.31536E-02     -30.05
  110    141.26   -0.78001  0.12906E+00   0.38623E-01  -0.31065E-02     -29.93
  111    141.73   -0.78509  0.13152E+00   0.39227E-01  -0.29825E-02     -29.83
  112    142.20   -0.79013  0.13423E+00   0.39939E-01  -0.27754E-02     -29.75
  113    142.67   -0.79511  0.13719E+00   0.40768E-01  -0.24787E-02     -29.72
  114    143.13   -0.80004  0.14042E+00   0.41720E-01  -0.20858E-02     -29.71
  115    143.60   -0.80491  0.14392E+00   0.42804E-01  -0.15900E-02     -29.74
  116    144.07   -0.80974  0.14768E+00   0.44027E-01  -0.98466E-03     -29.81
  117    144.54   -0.81450  0.15171E+00   0.45393E-01  -0.26307E-03     -29.92
  118    145.01   -0.81922  0.15601E+00   0.46910E-01   0.58136E-03     -30.07
  119    145.47   -0.82387  0.16056E+00   0.48580E-01   0.15551E-02     -30.26
  120    145.94   -0.82848  0.16536E+00   0.50408E-01   0.26642E-02     -30.48
  121    146.41   -0.83303  0.17039E+00   0.52394E-01   0.39145E-02     -30.75
  122    146.88   -0.83752  0.17564E+00   0.54539E-01   0.53114E-02     -31.05
  123    147.35   -0.84195  0.18107E+00   0.56843E-01   0.68593E-02     -31.39
  124    147.82   -0.84634  0.18667E+00   0.59302E-01   0.85623E-02     -31.77
  125    148.28   -0.85066  0.19240E+00   0.61910E-01   0.10423E-01     -32.18
  126    148.75   -0.85493  0.19824E+00   0.64663E-01   0.12443E-01     -32.62
  127    149.22   -0.85914  0.20413E+00   0.67550E-01   0.14623E-01     -33.09
  128    149.69   -0.86329  0.21004E+00   0.70562E-01   0.16961E-01     -33.59
  129    150.16   -0.86738  0.21593E+00   0.73684E-01   0.19454E-01     -34.12
  130    150.62   -0.87142  0.22175E+00   0.76903E-01   0.22095E-01     -34.68
  131    151.09   -0.87540  0.22744E+00   0.80202E-01   0.24877E-01     -35.26
  132    151.56   -0.87932  0.23296E+00   0.83561E-01   0.27787E-01     -35.87
  133    152.03   -0.88318  0.23825E+00   0.86960E-01   0.30810E-01     -36.50
  134    152.50   -0.88698  0.24327E+00   0.90377E-01   0.33928E-01     -37.15
  135    152.96   -0.89073  0.24796E+00   0.93788E-01   0.37116E-01     -37.82
  136    153.43   -0.89441  0.25228E+00   0.97169E-01   0.40346E-01     -38.52
  137    153.90   -0.89804  0.25619E+00   0.10049E+00   0.43584E-01     -39.23
  138    154.37   -0.90160  0.25965E+00   0.10374E+00   0.46790E-01     -39.95
  139    154.84   -0.90510  0.26263E+00   0.10687E+00   0.49918E-01     -40.69
  140    155.31   -0.90855  0.26512E+00   0.10987E+00   0.52915E-01     -41.44
  141    155.77   -0.91193  0.26709E+00   0.11271E+00   0.55719E-01     -42.20
  142    156.24   -0.91525  0.26854E+00   0.11536E+00   0.58263E-01     -42.96
  143    156.71   -0.91851  0.26950E+00   0.11781E+00   0.60469E-01     -43.71
  144    157.18   -0.92171  0.26998E+00   0.12002E+00   0.62255E-01     -44.45
  145    157.65   -0.92485  0.27002E+00   0.12197E+00   0.63526E-01     -45.17
  146    158.11   -0.92793  0.26969E+00   0.12366E+00   0.64182E-01     -45.85
  147    158.58   -0.93094  0.26904E+00   0.12506E+00   0.64114E-01     -46.48
  148    159.05   -0.93390  0.26818E+00   0.12616E+00   0.63204E-01     -47.04
  149    159.52   -0.93679  0.26720E+00   0.12694E+00   0.61329E-01     -47.51
  150    159.99   -0.93961  0.26622E+00   0.12740E+00   0.58358E-01     -47.85
  151    160.46   -0.94238  0.26540E+00   0.12753E+00   0.54155E-01     -48.05
  152    160.92   -0.94508  0.26486E+00   0.12734E+00   0.48582E-01     -48.08
  153    161.39   -0.94772  0.26480E+00   0.12681E+00   0.41495E-01     -47.89
  154    161.86   -0.95030  0.26537E+00   0.12595E+00   0.32751E-01     -47.46
  155    162.33   -0.95281  0.26678E+00   0.12477E+00   0.22209E-01     -46.77
  156    162.80   -0.95526  0.26922E+00   0.12327E+00   0.97283E-02     -45.79
  157    163.26   -0.95764  0.27290E+00   0.12146E+00  -0.48231E-02     -44.51
  158    163.73   -0.95996  0.27800E+00   0.11935E+00  -0.21571E-01     -42.93
  159    164.20   -0.96222  0.28475E+00   0.11696E+00  -0.40629E-01     -41.07
  160    164.67   -0.96441  0.29334E+00   0.11429E+00  -0.62098E-01     -38.96
  161    165.14   -0.96654  0.30395E+00   0.11136E+00  -0.86062E-01     -36.64
  162    165.60   -0.96860  0.31676E+00   0.10819E+00  -0.11259E+00     -34.15
  163    166.07   -0.97060  0.33192E+00   0.10478E+00  -0.14171E+00     -31.57
  164    166.54   -0.97254  0.34958E+00   0.10117E+00  -0.17346E+00     -28.94
  165    167.01   -0.97440  0.36984E+00   0.97356E-01  -0.20782E+00     -26.32
  166    167.48   -0.97621  0.39278E+00   0.93367E-01  -0.24475E+00     -23.77
  167    167.95   -0.97795  0.41845E+00   0.89217E-01  -0.28418E+00     -21.32
  168    168.41   -0.97962  0.44686E+00   0.84926E-01  -0.32600E+00     -19.01
  169    168.88   -0.98123  0.47797E+00   0.80512E-01  -0.37009E+00     -16.84
  170    169.35   -0.98277  0.51171E+00   0.75995E-01  -0.41627E+00     -14.85
  171    169.82   -0.98425  0.54797E+00   0.71395E-01  -0.46433E+00     -13.03
  172    170.29   -0.98566  0.58657E+00   0.66734E-01  -0.51402E+00     -11.38
  173    170.75   -0.98701  0.62731E+00   0.62035E-01  -0.56509E+00      -9.89
  174    171.22   -0.98829  0.66993E+00   0.57319E-01  -0.61721E+00      -8.56
  175    171.69   -0.98950  0.71413E+00   0.52612E-01  -0.67005E+00      -7.37
  176    172.16   -0.99065  0.75958E+00   0.47939E-01  -0.72326E+00      -6.31
  177    172.63   -0.99173  0.80589E+00   0.43327E-01  -0.77645E+00      -5.38
  178    173.09   -0.99275  0.85264E+00   0.38803E-01  -0.82921E+00      -4.55
  179    173.56   -0.99370  0.89940E+00   0.34395E-01  -0.88113E+00      -3.82
  180    174.03   -0.99458  0.94570E+00   0.30131E-01  -0.93178E+00      -3.19
  181    174.50   -0.99539  0.99107E+00   0.26042E-01  -0.98074E+00      -2.63
  182    174.97   -0.99614  0.10350E+01   0.22155E-01  -0.10276E+01      -2.14
  183    175.44   -0.99683  0.10770E+01   0.18500E-01  -0.10719E+01      -1.72
  184    175.90   -0.99744  0.11166E+01   0.15105E-01  -0.11132E+01      -1.35
  185    176.37   -0.99799  0.11533E+01   0.11997E-01  -0.11512E+01      -1.04
  186    176.84   -0.99848  0.11867E+01   0.92018E-02  -0.11855E+01      -0.78
  187    177.31   -0.99890  0.12164E+01   0.67420E-02  -0.12157E+01      -0.55
  188    177.78   -0.99925  0.12419E+01   0.46394E-02  -0.12416E+01      -0.37
  189    178.24   -0.99953  0.12631E+01   0.29124E-02  -0.12629E+01      -0.23
  190    178.71   -0.99975  0.12795E+01   0.15764E-02  -0.12795E+01      -0.12
  191    179.18   -0.99990  0.12910E+01   0.64367E-03  -0.12910E+01      -0.05
  192    179.64   -0.99998  0.12975E+01   0.12240E-03  -0.12975E+01      -0.01
  193    180.00   -1.00000  0.12990E+01   0.00000E+00  -0.12990E+01      -0.00

