 alpha final =    516.00000000000000     

     granulo :  rn =  1.0  rm = 0.19  ln sig =  0.770  pour r <  50. mic.
     ======================================================================

                    longueur d onde :  0.620 microns
                    ================================

     indice reel :   1.53000     indice imaginaire : -0.80000E-02


                    nombre de particules :  0.10001E+01

       Sections d extinction et de diffusion ramenees a une particule :
       ----------------------------------------------------------------
     extinction :  0.98124E+00 mic**2     diffusion :  0.88246E+00 mic**2

            Pizero : 0.899330                 g.assymetrie : 0.70714

 ------------------------------------------------------------------------------
   j      theta       mu         i             q             u         -q/i*100
 ------------------------------------------------------------------------------
 -193      0.00    1.00000  0.74650E+02   0.00000E+00   0.74650E+02      -0.00
 -192      0.36    0.99998  0.73825E+02   0.12576E-02   0.73825E+02      -0.00
 -191      0.82    0.99990  0.70841E+02   0.60895E-02   0.70841E+02      -0.01
 -190      1.29    0.99975  0.66653E+02   0.13290E-01   0.66652E+02      -0.02
 -189      1.76    0.99953  0.62005E+02   0.21541E-01   0.62004E+02      -0.03
 -188      2.22    0.99925  0.57316E+02   0.29908E-01   0.57313E+02      -0.05
 -187      2.69    0.99890  0.52803E+02   0.37811E-01   0.52798E+02      -0.07
 -186      3.16    0.99848  0.48572E+02   0.44934E-01   0.48565E+02      -0.09
 -185      3.63    0.99799  0.44664E+02   0.51132E-01   0.44654E+02      -0.11
 -184      4.10    0.99744  0.41088E+02   0.56376E-01   0.41074E+02      -0.14
 -183      4.56    0.99683  0.37833E+02   0.60702E-01   0.37815E+02      -0.16
 -182      5.03    0.99614  0.34878E+02   0.64181E-01   0.34856E+02      -0.18
 -181      5.50    0.99539  0.32201E+02   0.66905E-01   0.32174E+02      -0.21
 -180      5.97    0.99458  0.29776E+02   0.68971E-01   0.29744E+02      -0.23
 -179      6.44    0.99370  0.27581E+02   0.70474E-01   0.27543E+02      -0.26
 -178      6.91    0.99275  0.25591E+02   0.71506E-01   0.25548E+02      -0.28
 -177      7.37    0.99173  0.23786E+02   0.72150E-01   0.23738E+02      -0.30
 -176      7.84    0.99065  0.22147E+02   0.72479E-01   0.22093E+02      -0.33
 -175      8.31    0.98950  0.20657E+02   0.72559E-01   0.20597E+02      -0.35
 -174      8.78    0.98829  0.19300E+02   0.72446E-01   0.19235E+02      -0.38
 -173      9.25    0.98701  0.18063E+02   0.72189E-01   0.17993E+02      -0.40
 -172      9.71    0.98566  0.16933E+02   0.71826E-01   0.16858E+02      -0.42
 -171     10.18    0.98425  0.15900E+02   0.71392E-01   0.15819E+02      -0.45
 -170     10.65    0.98277  0.14953E+02   0.70911E-01   0.14867E+02      -0.47
 -169     11.12    0.98123  0.14084E+02   0.70403E-01   0.13994E+02      -0.50
 -168     11.59    0.97962  0.13286E+02   0.69882E-01   0.13191E+02      -0.53
 -167     12.05    0.97795  0.12551E+02   0.69357E-01   0.12452E+02      -0.55
 -166     12.52    0.97621  0.11873E+02   0.68832E-01   0.11770E+02      -0.58
 -165     12.99    0.97440  0.11247E+02   0.68308E-01   0.11141E+02      -0.61
 -164     13.46    0.97254  0.10669E+02   0.67785E-01   0.10559E+02      -0.64
 -163     13.93    0.97060  0.10133E+02   0.67259E-01   0.10019E+02      -0.66
 -162     14.40    0.96860  0.96352E+01   0.66728E-01   0.95193E+01      -0.69
 -161     14.86    0.96654  0.91730E+01   0.66188E-01   0.90548E+01      -0.72
 -160     15.33    0.96441  0.87429E+01   0.65637E-01   0.86227E+01      -0.75
 -159     15.80    0.96222  0.83420E+01   0.65077E-01   0.82203E+01      -0.78
 -158     16.27    0.95996  0.79679E+01   0.64509E-01   0.78450E+01      -0.81
 -157     16.74    0.95764  0.76182E+01   0.63939E-01   0.74945E+01      -0.84
 -156     17.20    0.95526  0.72910E+01   0.63373E-01   0.71668E+01      -0.87
 -155     17.67    0.95281  0.69843E+01   0.62818E-01   0.68599E+01      -0.90
 -154     18.14    0.95030  0.66964E+01   0.62285E-01   0.65722E+01      -0.93
 -153     18.61    0.94772  0.64260E+01   0.61782E-01   0.63021E+01      -0.96
 -152     19.08    0.94508  0.61715E+01   0.61318E-01   0.60482E+01      -0.99
 -151     19.54    0.94238  0.59319E+01   0.60900E-01   0.58093E+01      -1.03
 -150     20.01    0.93961  0.57058E+01   0.60535E-01   0.55843E+01      -1.06
 -149     20.48    0.93679  0.54924E+01   0.60227E-01   0.53719E+01      -1.10
 -148     20.95    0.93390  0.52907E+01   0.59981E-01   0.51713E+01      -1.13
 -147     21.42    0.93094  0.50997E+01   0.59798E-01   0.49817E+01      -1.17
 -146     21.89    0.92793  0.49189E+01   0.59678E-01   0.48021E+01      -1.21
 -145     22.35    0.92485  0.47474E+01   0.59620E-01   0.46319E+01      -1.26
 -144     22.82    0.92171  0.45846E+01   0.59623E-01   0.44704E+01      -1.30
 -143     23.29    0.91851  0.44299E+01   0.59683E-01   0.43170E+01      -1.35
 -142     23.76    0.91525  0.42827E+01   0.59798E-01   0.41712E+01      -1.40
 -141     24.23    0.91193  0.41426E+01   0.59962E-01   0.40323E+01      -1.45
 -140     24.69    0.90855  0.40091E+01   0.60172E-01   0.39000E+01      -1.50
 -139     25.16    0.90510  0.38817E+01   0.60423E-01   0.37739E+01      -1.56
 -138     25.63    0.90160  0.37601E+01   0.60711E-01   0.36534E+01      -1.61
 -137     26.10    0.89804  0.36439E+01   0.61029E-01   0.35383E+01      -1.67
 -136     26.57    0.89441  0.35328E+01   0.61375E-01   0.34282E+01      -1.74
 -135     27.04    0.89073  0.34264E+01   0.61742E-01   0.33228E+01      -1.80
 -134     27.50    0.88698  0.33245E+01   0.62127E-01   0.32219E+01      -1.87
 -133     27.97    0.88318  0.32268E+01   0.62526E-01   0.31251E+01      -1.94
 -132     28.44    0.87932  0.31331E+01   0.62934E-01   0.30322E+01      -2.01
 -131     28.91    0.87540  0.30431E+01   0.63347E-01   0.29431E+01      -2.08
 -130     29.38    0.87142  0.29566E+01   0.63763E-01   0.28574E+01      -2.16
 -129     29.84    0.86738  0.28735E+01   0.64177E-01   0.27750E+01      -2.23
 -128     30.31    0.86329  0.27935E+01   0.64586E-01   0.26957E+01      -2.31
 -127     30.78    0.85914  0.27165E+01   0.64989E-01   0.26194E+01      -2.39
 -126     31.25    0.85493  0.26423E+01   0.65382E-01   0.25458E+01      -2.47
 -125     31.72    0.85066  0.25708E+01   0.65763E-01   0.24749E+01      -2.56
 -124     32.18    0.84634  0.25019E+01   0.66130E-01   0.24066E+01      -2.64
 -123     32.65    0.84195  0.24354E+01   0.66481E-01   0.23406E+01      -2.73
 -122     33.12    0.83752  0.23711E+01   0.66816E-01   0.22769E+01      -2.82
 -121     33.59    0.83303  0.23091E+01   0.67133E-01   0.22154E+01      -2.91
 -120     34.06    0.82848  0.22491E+01   0.67430E-01   0.21560E+01      -3.00
 -119     34.53    0.82387  0.21911E+01   0.67708E-01   0.20985E+01      -3.09
 -118     34.99    0.81922  0.21351E+01   0.67965E-01   0.20429E+01      -3.18
 -117     35.46    0.81450  0.20808E+01   0.68201E-01   0.19891E+01      -3.28
 -116     35.93    0.80974  0.20283E+01   0.68416E-01   0.19371E+01      -3.37
 -115     36.40    0.80491  0.19774E+01   0.68609E-01   0.18866E+01      -3.47
 -114     36.87    0.80004  0.19282E+01   0.68781E-01   0.18378E+01      -3.57
 -113     37.33    0.79511  0.18804E+01   0.68931E-01   0.17905E+01      -3.67
 -112     37.80    0.79013  0.18342E+01   0.69060E-01   0.17447E+01      -3.77
 -111     38.27    0.78509  0.17893E+01   0.69168E-01   0.17002E+01      -3.87
 -110     38.74    0.78001  0.17458E+01   0.69254E-01   0.16571E+01      -3.97
 -109     39.21    0.77487  0.17036E+01   0.69319E-01   0.16153E+01      -4.07
 -108     39.67    0.76968  0.16626E+01   0.69364E-01   0.15747E+01      -4.17
 -107     40.14    0.76444  0.16228E+01   0.69388E-01   0.15353E+01      -4.28
 -106     40.61    0.75914  0.15842E+01   0.69392E-01   0.14971E+01      -4.38
 -105     41.08    0.75380  0.15467E+01   0.69375E-01   0.14600E+01      -4.49
 -104     41.55    0.74841  0.15103E+01   0.69338E-01   0.14239E+01      -4.59
 -103     42.02    0.74296  0.14750E+01   0.69281E-01   0.13889E+01      -4.70
 -102     42.48    0.73747  0.14406E+01   0.69203E-01   0.13549E+01      -4.80
 -101     42.95    0.73193  0.14072E+01   0.69106E-01   0.13218E+01      -4.91
 -100     43.42    0.72633  0.13748E+01   0.68989E-01   0.12897E+01      -5.02
  -99     43.89    0.72069  0.13432E+01   0.68852E-01   0.12585E+01      -5.13
  -98     44.36    0.71501  0.13126E+01   0.68695E-01   0.12281E+01      -5.23
  -97     44.82    0.70927  0.12827E+01   0.68519E-01   0.11986E+01      -5.34
  -96     45.29    0.70349  0.12537E+01   0.68322E-01   0.11699E+01      -5.45
  -95     45.76    0.69766  0.12255E+01   0.68107E-01   0.11420E+01      -5.56
  -94     46.23    0.69178  0.11981E+01   0.67871E-01   0.11149E+01      -5.67
  -93     46.70    0.68586  0.11714E+01   0.67617E-01   0.10884E+01      -5.77
  -92     47.17    0.67989  0.11454E+01   0.67344E-01   0.10627E+01      -5.88
  -91     47.63    0.67387  0.11201E+01   0.67052E-01   0.10377E+01      -5.99
  -90     48.10    0.66781  0.10955E+01   0.66743E-01   0.10134E+01      -6.09
  -89     48.57    0.66171  0.10715E+01   0.66416E-01   0.98964E+00      -6.20
  -88     49.04    0.65556  0.10482E+01   0.66072E-01   0.96655E+00      -6.30
  -87     49.51    0.64937  0.10254E+01   0.65713E-01   0.94406E+00      -6.41
  -86     49.97    0.64313  0.10033E+01   0.65338E-01   0.92215E+00      -6.51
  -85     50.44    0.63686  0.98174E+00   0.64949E-01   0.90081E+00      -6.62
  -84     50.91    0.63054  0.96072E+00   0.64547E-01   0.88001E+00      -6.72
  -83     51.38    0.62417  0.94024E+00   0.64133E-01   0.85974E+00      -6.82
  -82     51.85    0.61777  0.92028E+00   0.63707E-01   0.83999E+00      -6.92
  -81     52.31    0.61132  0.90082E+00   0.63272E-01   0.82072E+00      -7.02
  -80     52.78    0.60484  0.88185E+00   0.62828E-01   0.80194E+00      -7.12
  -79     53.25    0.59831  0.86335E+00   0.62376E-01   0.78362E+00      -7.22
  -78     53.72    0.59174  0.84530E+00   0.61918E-01   0.76575E+00      -7.32
  -77     54.19    0.58514  0.82770E+00   0.61454E-01   0.74832E+00      -7.42
  -76     54.66    0.57849  0.81054E+00   0.60987E-01   0.73131E+00      -7.52
  -75     55.12    0.57181  0.79379E+00   0.60516E-01   0.71471E+00      -7.62
  -74     55.59    0.56509  0.77745E+00   0.60044E-01   0.69852E+00      -7.72
  -73     56.06    0.55833  0.76151E+00   0.59570E-01   0.68271E+00      -7.82
  -72     56.53    0.55153  0.74595E+00   0.59096E-01   0.66728E+00      -7.92
  -71     57.00    0.54470  0.73076E+00   0.58622E-01   0.65223E+00      -8.02
  -70     57.46    0.53783  0.71595E+00   0.58148E-01   0.63753E+00      -8.12
  -69     57.93    0.53092  0.70148E+00   0.57676E-01   0.62318E+00      -8.22
  -68     58.40    0.52398  0.68737E+00   0.57206E-01   0.60917E+00      -8.32
  -67     58.87    0.51700  0.67359E+00   0.56736E-01   0.59549E+00      -8.42
  -66     59.34    0.50999  0.66015E+00   0.56269E-01   0.58214E+00      -8.52
  -65     59.80    0.50294  0.64702E+00   0.55804E-01   0.56911E+00      -8.62
  -64     60.27    0.49587  0.63421E+00   0.55340E-01   0.55639E+00      -8.73
  -63     60.74    0.48875  0.62171E+00   0.54877E-01   0.54397E+00      -8.83
  -62     61.21    0.48161  0.60950E+00   0.54415E-01   0.53185E+00      -8.93
  -61     61.68    0.47443  0.59759E+00   0.53954E-01   0.52002E+00      -9.03
  -60     62.15    0.46723  0.58596E+00   0.53494E-01   0.50846E+00      -9.13
  -59     62.61    0.45999  0.57461E+00   0.53033E-01   0.49719E+00      -9.23
  -58     63.08    0.45272  0.56354E+00   0.52573E-01   0.48618E+00      -9.33
  -57     63.55    0.44542  0.55272E+00   0.52111E-01   0.47544E+00      -9.43
  -56     64.02    0.43809  0.54217E+00   0.51649E-01   0.46496E+00      -9.53
  -55     64.49    0.43073  0.53187E+00   0.51186E-01   0.45472E+00      -9.62
  -54     64.95    0.42334  0.52181E+00   0.50721E-01   0.44473E+00      -9.72
  -53     65.42    0.41592  0.51199E+00   0.50256E-01   0.43498E+00      -9.82
  -52     65.89    0.40848  0.50240E+00   0.49789E-01   0.42545E+00      -9.91
  -51     66.36    0.40101  0.49304E+00   0.49321E-01   0.41616E+00     -10.00
  -50     66.83    0.39351  0.48390E+00   0.48853E-01   0.40708E+00     -10.10
  -49     67.30    0.38598  0.47497E+00   0.48384E-01   0.39822E+00     -10.19
  -48     67.76    0.37843  0.46625E+00   0.47916E-01   0.38956E+00     -10.28
  -47     68.23    0.37086  0.45774E+00   0.47448E-01   0.38111E+00     -10.37
  -46     68.70    0.36326  0.44941E+00   0.46982E-01   0.37285E+00     -10.45
  -45     69.17    0.35563  0.44128E+00   0.46519E-01   0.36478E+00     -10.54
  -44     69.64    0.34798  0.43334E+00   0.46058E-01   0.35690E+00     -10.63
  -43     70.10    0.34031  0.42558E+00   0.45602E-01   0.34920E+00     -10.72
  -42     70.57    0.33262  0.41799E+00   0.45150E-01   0.34167E+00     -10.80
  -41     71.04    0.32490  0.41057E+00   0.44704E-01   0.33431E+00     -10.89
  -40     71.51    0.31716  0.40331E+00   0.44264E-01   0.32712E+00     -10.98
  -39     71.98    0.30941  0.39622E+00   0.43832E-01   0.32009E+00     -11.06
  -38     72.44    0.30163  0.38929E+00   0.43408E-01   0.31322E+00     -11.15
  -37     72.91    0.29383  0.38251E+00   0.42993E-01   0.30650E+00     -11.24
  -36     73.38    0.28601  0.37588E+00   0.42587E-01   0.29993E+00     -11.33
  -35     73.85    0.27817  0.36939E+00   0.42191E-01   0.29350E+00     -11.42
  -34     74.32    0.27031  0.36305E+00   0.41805E-01   0.28722E+00     -11.52
  -33     74.79    0.26243  0.35684E+00   0.41429E-01   0.28107E+00     -11.61
  -32     75.25    0.25454  0.35078E+00   0.41064E-01   0.27507E+00     -11.71
  -31     75.72    0.24663  0.34484E+00   0.40709E-01   0.26919E+00     -11.81
  -30     76.19    0.23871  0.33904E+00   0.40365E-01   0.26345E+00     -11.91
  -29     76.66    0.23076  0.33336E+00   0.40031E-01   0.25783E+00     -12.01
  -28     77.13    0.22281  0.32781E+00   0.39706E-01   0.25235E+00     -12.11
  -27     77.59    0.21483  0.32238E+00   0.39390E-01   0.24698E+00     -12.22
  -26     78.06    0.20685  0.31707E+00   0.39083E-01   0.24174E+00     -12.33
  -25     78.53    0.19885  0.31188E+00   0.38784E-01   0.23661E+00     -12.44
  -24     79.00    0.19083  0.30680E+00   0.38492E-01   0.23160E+00     -12.55
  -23     79.47    0.18280  0.30183E+00   0.38207E-01   0.22671E+00     -12.66
  -22     79.93    0.17477  0.29698E+00   0.37927E-01   0.22192E+00     -12.77
  -21     80.40    0.16671  0.29224E+00   0.37652E-01   0.21725E+00     -12.88
  -20     80.87    0.15865  0.28760E+00   0.37382E-01   0.21269E+00     -13.00
  -19     81.34    0.15058  0.28306E+00   0.37116E-01   0.20823E+00     -13.11
  -18     81.81    0.14250  0.27863E+00   0.36852E-01   0.20387E+00     -13.23
  -17     82.28    0.13441  0.27429E+00   0.36592E-01   0.19962E+00     -13.34
  -16     82.74    0.12631  0.27005E+00   0.36333E-01   0.19546E+00     -13.45
  -15     83.21    0.11820  0.26591E+00   0.36076E-01   0.19140E+00     -13.57
  -14     83.68    0.11008  0.26186E+00   0.35821E-01   0.18744E+00     -13.68
  -13     84.15    0.10195  0.25790E+00   0.35567E-01   0.18357E+00     -13.79
  -12     84.62    0.09382  0.25403E+00   0.35315E-01   0.17978E+00     -13.90
  -11     85.08    0.08569  0.25024E+00   0.35064E-01   0.17609E+00     -14.01
  -10     85.55    0.07754  0.24654E+00   0.34815E-01   0.17248E+00     -14.12
   -9     86.02    0.06939  0.24292E+00   0.34568E-01   0.16895E+00     -14.23
   -8     86.49    0.06124  0.23938E+00   0.34323E-01   0.16550E+00     -14.34
   -7     86.96    0.05308  0.23592E+00   0.34081E-01   0.16214E+00     -14.45
   -6     87.43    0.04492  0.23253E+00   0.33842E-01   0.15884E+00     -14.55
   -5     87.89    0.03676  0.22922E+00   0.33606E-01   0.15563E+00     -14.66
   -4     88.36    0.02859  0.22598E+00   0.33375E-01   0.15248E+00     -14.77
   -3     88.83    0.02043  0.22282E+00   0.33148E-01   0.14941E+00     -14.88
   -2     89.30    0.01226  0.21972E+00   0.32926E-01   0.14641E+00     -14.99
   -1     89.77    0.00409  0.21669E+00   0.32709E-01   0.14347E+00     -15.09
    0     90.00    0.00000  0.21521E+00   0.32603E-01   0.14203E+00     -15.15
    1     90.23   -0.00409  0.21373E+00   0.32499E-01   0.14060E+00     -15.21
    2     90.70   -0.01226  0.21084E+00   0.32295E-01   0.13779E+00     -15.32
    3     91.17   -0.02043  0.20801E+00   0.32097E-01   0.13505E+00     -15.43
    4     91.64   -0.02859  0.20525E+00   0.31906E-01   0.13237E+00     -15.55
    5     92.11   -0.03676  0.20254E+00   0.31722E-01   0.12975E+00     -15.66
    6     92.57   -0.04492  0.19990E+00   0.31545E-01   0.12718E+00     -15.78
    7     93.04   -0.05308  0.19732E+00   0.31375E-01   0.12468E+00     -15.90
    8     93.51   -0.06124  0.19480E+00   0.31212E-01   0.12223E+00     -16.02
    9     93.98   -0.06939  0.19233E+00   0.31056E-01   0.11984E+00     -16.15
   10     94.45   -0.07754  0.18993E+00   0.30907E-01   0.11750E+00     -16.27
   11     94.92   -0.08569  0.18758E+00   0.30764E-01   0.11522E+00     -16.40
   12     95.38   -0.09382  0.18528E+00   0.30627E-01   0.11299E+00     -16.53
   13     95.85   -0.10195  0.18304E+00   0.30496E-01   0.11081E+00     -16.66
   14     96.32   -0.11008  0.18086E+00   0.30370E-01   0.10868E+00     -16.79
   15     96.79   -0.11820  0.17872E+00   0.30249E-01   0.10660E+00     -16.92
   16     97.26   -0.12631  0.17664E+00   0.30133E-01   0.10456E+00     -17.06
   17     97.72   -0.13441  0.17461E+00   0.30021E-01   0.10258E+00     -17.19
   18     98.19   -0.14250  0.17263E+00   0.29913E-01   0.10064E+00     -17.33
   19     98.66   -0.15058  0.17069E+00   0.29808E-01   0.98740E-01     -17.46
   20     99.13   -0.15865  0.16881E+00   0.29707E-01   0.96889E-01     -17.60
   21     99.60   -0.16671  0.16697E+00   0.29609E-01   0.95080E-01     -17.73
   22    100.07   -0.17477  0.16517E+00   0.29514E-01   0.93313E-01     -17.87
   23    100.53   -0.18280  0.16342E+00   0.29421E-01   0.91588E-01     -18.00
   24    101.00   -0.19083  0.16172E+00   0.29332E-01   0.89902E-01     -18.14
   25    101.47   -0.19885  0.16006E+00   0.29244E-01   0.88255E-01     -18.27
   26    101.94   -0.20685  0.15844E+00   0.29160E-01   0.86647E-01     -18.40
   27    102.41   -0.21483  0.15686E+00   0.29078E-01   0.85076E-01     -18.54
   28    102.87   -0.22281  0.15533E+00   0.28999E-01   0.83541E-01     -18.67
   29    103.34   -0.23076  0.15383E+00   0.28923E-01   0.82043E-01     -18.80
   30    103.81   -0.23871  0.15238E+00   0.28850E-01   0.80579E-01     -18.93
   31    104.28   -0.24663  0.15097E+00   0.28781E-01   0.79151E-01     -19.06
   32    104.75   -0.25454  0.14959E+00   0.28716E-01   0.77756E-01     -19.20
   33    105.21   -0.26243  0.14826E+00   0.28655E-01   0.76394E-01     -19.33
   34    105.68   -0.27031  0.14696E+00   0.28598E-01   0.75065E-01     -19.46
   35    106.15   -0.27817  0.14570E+00   0.28545E-01   0.73768E-01     -19.59
   36    106.62   -0.28601  0.14448E+00   0.28498E-01   0.72503E-01     -19.72
   37    107.09   -0.29383  0.14330E+00   0.28456E-01   0.71269E-01     -19.86
   38    107.56   -0.30163  0.14216E+00   0.28419E-01   0.70066E-01     -19.99
   39    108.02   -0.30941  0.14105E+00   0.28388E-01   0.68893E-01     -20.13
   40    108.49   -0.31716  0.13998E+00   0.28362E-01   0.67750E-01     -20.26
   41    108.96   -0.32490  0.13895E+00   0.28343E-01   0.66636E-01     -20.40
   42    109.43   -0.33262  0.13795E+00   0.28329E-01   0.65551E-01     -20.54
   43    109.90   -0.34031  0.13699E+00   0.28322E-01   0.64494E-01     -20.67
   44    110.36   -0.34798  0.13607E+00   0.28321E-01   0.63466E-01     -20.81
   45    110.83   -0.35563  0.13518E+00   0.28327E-01   0.62464E-01     -20.95
   46    111.30   -0.36326  0.13433E+00   0.28339E-01   0.61489E-01     -21.10
   47    111.77   -0.37086  0.13351E+00   0.28358E-01   0.60541E-01     -21.24
   48    112.24   -0.37843  0.13273E+00   0.28383E-01   0.59618E-01     -21.38
   49    112.70   -0.38598  0.13199E+00   0.28415E-01   0.58721E-01     -21.53
   50    113.17   -0.39351  0.13127E+00   0.28454E-01   0.57848E-01     -21.68
   51    113.64   -0.40101  0.13059E+00   0.28499E-01   0.56999E-01     -21.82
   52    114.11   -0.40848  0.12995E+00   0.28551E-01   0.56173E-01     -21.97
   53    114.58   -0.41592  0.12934E+00   0.28611E-01   0.55370E-01     -22.12
   54    115.05   -0.42334  0.12876E+00   0.28677E-01   0.54590E-01     -22.27
   55    115.51   -0.43073  0.12822E+00   0.28751E-01   0.53832E-01     -22.42
   56    115.98   -0.43809  0.12771E+00   0.28831E-01   0.53095E-01     -22.58
   57    116.45   -0.44542  0.12723E+00   0.28920E-01   0.52378E-01     -22.73
   58    116.92   -0.45272  0.12678E+00   0.29016E-01   0.51683E-01     -22.89
   59    117.39   -0.45999  0.12637E+00   0.29120E-01   0.51007E-01     -23.04
   60    117.85   -0.46723  0.12599E+00   0.29232E-01   0.50351E-01     -23.20
   61    118.32   -0.47443  0.12564E+00   0.29353E-01   0.49715E-01     -23.36
   62    118.79   -0.48161  0.12533E+00   0.29482E-01   0.49098E-01     -23.52
   63    119.26   -0.48875  0.12505E+00   0.29621E-01   0.48500E-01     -23.69
   64    119.73   -0.49587  0.12481E+00   0.29769E-01   0.47921E-01     -23.85
   65    120.20   -0.50294  0.12460E+00   0.29926E-01   0.47361E-01     -24.02
   66    120.66   -0.50999  0.12442E+00   0.30094E-01   0.46819E-01     -24.19
   67    121.13   -0.51700  0.12428E+00   0.30272E-01   0.46296E-01     -24.36
   68    121.60   -0.52398  0.12417E+00   0.30460E-01   0.45792E-01     -24.53
   69    122.07   -0.53092  0.12411E+00   0.30660E-01   0.45307E-01     -24.70
   70    122.54   -0.53783  0.12408E+00   0.30871E-01   0.44840E-01     -24.88
   71    123.00   -0.54470  0.12408E+00   0.31093E-01   0.44392E-01     -25.06
   72    123.47   -0.55153  0.12413E+00   0.31328E-01   0.43962E-01     -25.24
   73    123.94   -0.55833  0.12421E+00   0.31574E-01   0.43551E-01     -25.42
   74    124.41   -0.56509  0.12434E+00   0.31834E-01   0.43159E-01     -25.60
   75    124.88   -0.57181  0.12450E+00   0.32106E-01   0.42785E-01     -25.79
   76    125.34   -0.57849  0.12471E+00   0.32392E-01   0.42429E-01     -25.97
   77    125.81   -0.58514  0.12496E+00   0.32691E-01   0.42092E-01     -26.16
   78    126.28   -0.59174  0.12525E+00   0.33005E-01   0.41773E-01     -26.35
   79    126.75   -0.59831  0.12559E+00   0.33333E-01   0.41472E-01     -26.54
   80    127.22   -0.60484  0.12597E+00   0.33675E-01   0.41188E-01     -26.73
   81    127.69   -0.61132  0.12639E+00   0.34034E-01   0.40922E-01     -26.93
   82    128.15   -0.61777  0.12686E+00   0.34408E-01   0.40673E-01     -27.12
   83    128.62   -0.62417  0.12738E+00   0.34798E-01   0.40441E-01     -27.32
   84    129.09   -0.63054  0.12795E+00   0.35206E-01   0.40225E-01     -27.52
   85    129.56   -0.63686  0.12856E+00   0.35631E-01   0.40026E-01     -27.72
   86    130.03   -0.64313  0.12923E+00   0.36075E-01   0.39842E-01     -27.92
   87    130.49   -0.64937  0.12994E+00   0.36538E-01   0.39673E-01     -28.12
   88    130.96   -0.65556  0.13071E+00   0.37021E-01   0.39520E-01     -28.32
   89    131.43   -0.66171  0.13153E+00   0.37525E-01   0.39382E-01     -28.53
   90    131.90   -0.66781  0.13241E+00   0.38051E-01   0.39257E-01     -28.74
   91    132.37   -0.67387  0.13334E+00   0.38601E-01   0.39147E-01     -28.95
   92    132.83   -0.67989  0.13433E+00   0.39174E-01   0.39051E-01     -29.16
   93    133.30   -0.68586  0.13539E+00   0.39773E-01   0.38968E-01     -29.38
   94    133.77   -0.69178  0.13650E+00   0.40398E-01   0.38898E-01     -29.60
   95    134.24   -0.69766  0.13768E+00   0.41052E-01   0.38841E-01     -29.82
   96    134.71   -0.70349  0.13892E+00   0.41734E-01   0.38798E-01     -30.04
   97    135.18   -0.70927  0.14024E+00   0.42447E-01   0.38767E-01     -30.27
   98    135.64   -0.71501  0.14162E+00   0.43193E-01   0.38748E-01     -30.50
   99    136.11   -0.72069  0.14308E+00   0.43971E-01   0.38742E-01     -30.73
  100    136.58   -0.72633  0.14461E+00   0.44785E-01   0.38748E-01     -30.97
  101    137.05   -0.73193  0.14622E+00   0.45636E-01   0.38767E-01     -31.21
  102    137.52   -0.73747  0.14791E+00   0.46525E-01   0.38797E-01     -31.46
  103    137.98   -0.74296  0.14968E+00   0.47454E-01   0.38839E-01     -31.70
  104    138.45   -0.74841  0.15154E+00   0.48425E-01   0.38892E-01     -31.95
  105    138.92   -0.75380  0.15349E+00   0.49439E-01   0.38956E-01     -32.21
  106    139.39   -0.75914  0.15554E+00   0.50498E-01   0.39031E-01     -32.47
  107    139.86   -0.76444  0.15767E+00   0.51604E-01   0.39116E-01     -32.73
  108    140.33   -0.76968  0.15991E+00   0.52759E-01   0.39210E-01     -32.99
  109    140.79   -0.77487  0.16225E+00   0.53964E-01   0.39312E-01     -33.26
  110    141.26   -0.78001  0.16469E+00   0.55222E-01   0.39422E-01     -33.53
  111    141.73   -0.78509  0.16724E+00   0.56534E-01   0.39539E-01     -33.80
  112    142.20   -0.79013  0.16990E+00   0.57903E-01   0.39660E-01     -34.08
  113    142.67   -0.79511  0.17268E+00   0.59329E-01   0.39785E-01     -34.36
  114    143.13   -0.80004  0.17557E+00   0.60816E-01   0.39912E-01     -34.64
  115    143.60   -0.80491  0.17858E+00   0.62365E-01   0.40038E-01     -34.92
  116    144.07   -0.80974  0.18172E+00   0.63979E-01   0.40161E-01     -35.21
  117    144.54   -0.81450  0.18497E+00   0.65658E-01   0.40280E-01     -35.50
  118    145.01   -0.81922  0.18836E+00   0.67406E-01   0.40390E-01     -35.79
  119    145.47   -0.82387  0.19188E+00   0.69224E-01   0.40488E-01     -36.08
  120    145.94   -0.82848  0.19552E+00   0.71113E-01   0.40572E-01     -36.37
  121    146.41   -0.83303  0.19930E+00   0.73076E-01   0.40637E-01     -36.67
  122    146.88   -0.83752  0.20322E+00   0.75115E-01   0.40679E-01     -36.96
  123    147.35   -0.84195  0.20727E+00   0.77229E-01   0.40692E-01     -37.26
  124    147.82   -0.84634  0.21146E+00   0.79422E-01   0.40673E-01     -37.56
  125    148.28   -0.85066  0.21578E+00   0.81693E-01   0.40616E-01     -37.86
  126    148.75   -0.85493  0.22024E+00   0.84043E-01   0.40514E-01     -38.16
  127    149.22   -0.85914  0.22484E+00   0.86473E-01   0.40362E-01     -38.46
  128    149.69   -0.86329  0.22956E+00   0.88982E-01   0.40152E-01     -38.76
  129    150.16   -0.86738  0.23441E+00   0.91570E-01   0.39878E-01     -39.06
  130    150.62   -0.87142  0.23938E+00   0.94236E-01   0.39533E-01     -39.37
  131    151.09   -0.87540  0.24447E+00   0.96977E-01   0.39107E-01     -39.67
  132    151.56   -0.87932  0.24967E+00   0.99791E-01   0.38593E-01     -39.97
  133    152.03   -0.88318  0.25497E+00   0.10267E+00   0.37982E-01     -40.27
  134    152.50   -0.88698  0.26036E+00   0.10562E+00   0.37264E-01     -40.57
  135    152.96   -0.89073  0.26583E+00   0.10863E+00   0.36431E-01     -40.86
  136    153.43   -0.89441  0.27137E+00   0.11169E+00   0.35470E-01     -41.16
  137    153.90   -0.89804  0.27695E+00   0.11479E+00   0.34372E-01     -41.45
  138    154.37   -0.90160  0.28256E+00   0.11792E+00   0.33125E-01     -41.73
  139    154.84   -0.90510  0.28818E+00   0.12108E+00   0.31716E-01     -42.02
  140    155.31   -0.90855  0.29379E+00   0.12425E+00   0.30134E-01     -42.29
  141    155.77   -0.91193  0.29937E+00   0.12740E+00   0.28363E-01     -42.56
  142    156.24   -0.91525  0.30488E+00   0.13054E+00   0.26391E-01     -42.82
  143    156.71   -0.91851  0.31030E+00   0.13362E+00   0.24203E-01     -43.06
  144    157.18   -0.92171  0.31560E+00   0.13665E+00   0.21783E-01     -43.30
  145    157.65   -0.92485  0.32075E+00   0.13958E+00   0.19117E-01     -43.52
  146    158.11   -0.92793  0.32572E+00   0.14239E+00   0.16189E-01     -43.72
  147    158.58   -0.93094  0.33047E+00   0.14506E+00   0.12984E-01     -43.90
  148    159.05   -0.93390  0.33499E+00   0.14756E+00   0.94876E-02     -44.05
  149    159.52   -0.93679  0.33924E+00   0.14986E+00   0.56843E-02     -44.17
  150    159.99   -0.93961  0.34320E+00   0.15192E+00   0.15609E-02     -44.26
  151    160.46   -0.94238  0.34687E+00   0.15372E+00  -0.28955E-02     -44.32
  152    160.92   -0.94508  0.35024E+00   0.15523E+00  -0.76973E-02     -44.32
  153    161.39   -0.94772  0.35331E+00   0.15642E+00  -0.12856E-01     -44.27
  154    161.86   -0.95030  0.35610E+00   0.15727E+00  -0.18385E-01     -44.16
  155    162.33   -0.95281  0.35866E+00   0.15776E+00  -0.24299E-01     -43.99
  156    162.80   -0.95526  0.36103E+00   0.15789E+00  -0.30616E-01     -43.73
  157    163.26   -0.95764  0.36329E+00   0.15765E+00  -0.37363E-01     -43.39
  158    163.73   -0.95996  0.36551E+00   0.15704E+00  -0.44575E-01     -42.96
  159    164.20   -0.96222  0.36781E+00   0.15607E+00  -0.52301E-01     -42.43
  160    164.67   -0.96441  0.37027E+00   0.15477E+00  -0.60605E-01     -41.80
  161    165.14   -0.96654  0.37302E+00   0.15315E+00  -0.69563E-01     -41.06
  162    165.60   -0.96860  0.37616E+00   0.15124E+00  -0.79268E-01     -40.21
  163    166.07   -0.97060  0.37979E+00   0.14905E+00  -0.89819E-01     -39.25
  164    166.54   -0.97254  0.38400E+00   0.14662E+00  -0.10132E+00     -38.18
  165    167.01   -0.97440  0.38888E+00   0.14395E+00  -0.11388E+00     -37.02
  166    167.48   -0.97621  0.39449E+00   0.14106E+00  -0.12760E+00     -35.76
  167    167.95   -0.97795  0.40087E+00   0.13797E+00  -0.14258E+00     -34.42
  168    168.41   -0.97962  0.40808E+00   0.13467E+00  -0.15889E+00     -33.00
  169    168.88   -0.98123  0.41614E+00   0.13117E+00  -0.17661E+00     -31.52
  170    169.35   -0.98277  0.42507E+00   0.12747E+00  -0.19579E+00     -29.99
  171    169.82   -0.98425  0.43486E+00   0.12355E+00  -0.21645E+00     -28.41
  172    170.29   -0.98566  0.44552E+00   0.11941E+00  -0.23862E+00     -26.80
  173    170.75   -0.98701  0.45703E+00   0.11502E+00  -0.26228E+00     -25.17
  174    171.22   -0.98829  0.46938E+00   0.11038E+00  -0.28741E+00     -23.52
  175    171.69   -0.98950  0.48254E+00   0.10546E+00  -0.31394E+00     -21.85
  176    172.16   -0.99065  0.49648E+00   0.10024E+00  -0.34178E+00     -20.19
  177    172.63   -0.99173  0.51115E+00   0.94696E-01  -0.37081E+00     -18.53
  178    173.09   -0.99275  0.52651E+00   0.88823E-01  -0.40088E+00     -16.87
  179    173.56   -0.99370  0.54251E+00   0.82607E-01  -0.43179E+00     -15.23
  180    174.03   -0.99458  0.55907E+00   0.76045E-01  -0.46329E+00     -13.60
  181    174.50   -0.99539  0.57613E+00   0.69150E-01  -0.49510E+00     -12.00
  182    174.97   -0.99614  0.59358E+00   0.61949E-01  -0.52685E+00     -10.44
  183    175.44   -0.99683  0.61130E+00   0.54492E-01  -0.55815E+00      -8.91
  184    175.90   -0.99744  0.62914E+00   0.46857E-01  -0.58853E+00      -7.45
  185    176.37   -0.99799  0.64691E+00   0.39156E-01  -0.61749E+00      -6.05
  186    176.84   -0.99848  0.66435E+00   0.31538E-01  -0.64446E+00      -4.75
  187    177.31   -0.99890  0.68113E+00   0.24196E-01  -0.66888E+00      -3.55
  188    177.78   -0.99925  0.69682E+00   0.17363E-01  -0.69020E+00      -2.49
  189    178.24   -0.99953  0.71088E+00   0.11304E-01  -0.70794E+00      -1.59
  190    178.71   -0.99975  0.72268E+00   0.63026E-02  -0.72172E+00      -0.87
  191    179.18   -0.99990  0.73149E+00   0.26293E-02  -0.73132E+00      -0.36
  192    179.64   -0.99998  0.73667E+00   0.50616E-03  -0.73666E+00      -0.07
  193    180.00   -1.00000  0.73791E+00   0.00000E+00  -0.73791E+00      -0.00

