 alpha final =    402.00000000000000     

     granulo :  rn =  1.0  rm = 0.15  ln sig =  0.290  pour r <  50. mic.
     ======================================================================

                    longueur d onde :  0.800 microns
                    ================================

     indice reel :   1.45000     indice imaginaire : -0.35000E-02


                    nombre de particules :  0.10000E+01

       Sections d extinction et de diffusion ramenees a une particule :
       ----------------------------------------------------------------
     extinction :  0.56377E-01 mic**2     diffusion :  0.54838E-01 mic**2

            Pizero : 0.972701                 g.assymetrie : 0.54672

 ------------------------------------------------------------------------------
   j      theta       mu         i             q             u         -q/i*100
 ------------------------------------------------------------------------------
 -193      0.00    1.00000  0.49033E+01   0.00000E+00   0.49033E+01      -0.00
 -192      0.36    0.99998  0.49030E+01  -0.55529E-04   0.49030E+01       0.00
 -191      0.82    0.99990  0.49019E+01  -0.29252E-03   0.49019E+01       0.01
 -190      1.29    0.99975  0.48999E+01  -0.71863E-03   0.48999E+01       0.01
 -189      1.76    0.99953  0.48970E+01  -0.13335E-02   0.48970E+01       0.03
 -188      2.22    0.99925  0.48932E+01  -0.21366E-02   0.48932E+01       0.04
 -187      2.69    0.99890  0.48885E+01  -0.31270E-02   0.48885E+01       0.06
 -186      3.16    0.99848  0.48829E+01  -0.43039E-02   0.48829E+01       0.09
 -185      3.63    0.99799  0.48764E+01  -0.56659E-02   0.48764E+01       0.12
 -184      4.10    0.99744  0.48690E+01  -0.72118E-02   0.48690E+01       0.15
 -183      4.56    0.99683  0.48608E+01  -0.89399E-02   0.48608E+01       0.18
 -182      5.03    0.99614  0.48517E+01  -0.10849E-01   0.48517E+01       0.22
 -181      5.50    0.99539  0.48417E+01  -0.12936E-01   0.48417E+01       0.27
 -180      5.97    0.99458  0.48309E+01  -0.15200E-01   0.48308E+01       0.31
 -179      6.44    0.99370  0.48192E+01  -0.17638E-01   0.48191E+01       0.37
 -178      6.91    0.99275  0.48066E+01  -0.20248E-01   0.48066E+01       0.42
 -177      7.37    0.99173  0.47933E+01  -0.23028E-01   0.47932E+01       0.48
 -176      7.84    0.99065  0.47791E+01  -0.25974E-01   0.47790E+01       0.54
 -175      8.31    0.98950  0.47641E+01  -0.29083E-01   0.47640E+01       0.61
 -174      8.78    0.98829  0.47483E+01  -0.32354E-01   0.47481E+01       0.68
 -173      9.25    0.98701  0.47316E+01  -0.35781E-01   0.47315E+01       0.76
 -172      9.71    0.98566  0.47142E+01  -0.39363E-01   0.47140E+01       0.83
 -171     10.18    0.98425  0.46960E+01  -0.43095E-01   0.46958E+01       0.92
 -170     10.65    0.98277  0.46771E+01  -0.46974E-01   0.46768E+01       1.00
 -169     11.12    0.98123  0.46574E+01  -0.50997E-01   0.46570E+01       1.09
 -168     11.59    0.97962  0.46370E+01  -0.55159E-01   0.46365E+01       1.19
 -167     12.05    0.97795  0.46158E+01  -0.59456E-01   0.46153E+01       1.29
 -166     12.52    0.97621  0.45939E+01  -0.63884E-01   0.45933E+01       1.39
 -165     12.99    0.97440  0.45713E+01  -0.68439E-01   0.45706E+01       1.50
 -164     13.46    0.97254  0.45480E+01  -0.73117E-01   0.45473E+01       1.61
 -163     13.93    0.97060  0.45241E+01  -0.77913E-01   0.45232E+01       1.72
 -162     14.40    0.96860  0.44995E+01  -0.82823E-01   0.44985E+01       1.84
 -161     14.86    0.96654  0.44742E+01  -0.87843E-01   0.44731E+01       1.96
 -160     15.33    0.96441  0.44483E+01  -0.92966E-01   0.44471E+01       2.09
 -159     15.80    0.96222  0.44218E+01  -0.98190E-01   0.44204E+01       2.22
 -158     16.27    0.95996  0.43947E+01  -0.10351E+00   0.43932E+01       2.36
 -157     16.74    0.95764  0.43670E+01  -0.10892E+00   0.43653E+01       2.49
 -156     17.20    0.95526  0.43388E+01  -0.11441E+00   0.43369E+01       2.64
 -155     17.67    0.95281  0.43100E+01  -0.11999E+00   0.43079E+01       2.78
 -154     18.14    0.95030  0.42807E+01  -0.12564E+00   0.42783E+01       2.93
 -153     18.61    0.94772  0.42508E+01  -0.13136E+00   0.42482E+01       3.09
 -152     19.08    0.94508  0.42205E+01  -0.13714E+00   0.42176E+01       3.25
 -151     19.54    0.94238  0.41896E+01  -0.14299E+00   0.41865E+01       3.41
 -150     20.01    0.93961  0.41583E+01  -0.14889E+00   0.41549E+01       3.58
 -149     20.48    0.93679  0.41266E+01  -0.15484E+00   0.41229E+01       3.75
 -148     20.95    0.93390  0.40944E+01  -0.16083E+00   0.40904E+01       3.93
 -147     21.42    0.93094  0.40618E+01  -0.16687E+00   0.40574E+01       4.11
 -146     21.89    0.92793  0.40288E+01  -0.17294E+00   0.40241E+01       4.29
 -145     22.35    0.92485  0.39954E+01  -0.17904E+00   0.39903E+01       4.48
 -144     22.82    0.92171  0.39617E+01  -0.18516E+00   0.39562E+01       4.67
 -143     23.29    0.91851  0.39276E+01  -0.19131E+00   0.39216E+01       4.87
 -142     23.76    0.91525  0.38932E+01  -0.19747E+00   0.38868E+01       5.07
 -141     24.23    0.91193  0.38585E+01  -0.20364E+00   0.38516E+01       5.28
 -140     24.69    0.90855  0.38235E+01  -0.20981E+00   0.38161E+01       5.49
 -139     25.16    0.90510  0.37882E+01  -0.21598E+00   0.37803E+01       5.70
 -138     25.63    0.90160  0.37526E+01  -0.22215E+00   0.37442E+01       5.92
 -137     26.10    0.89804  0.37168E+01  -0.22831E+00   0.37078E+01       6.14
 -136     26.57    0.89441  0.36808E+01  -0.23446E+00   0.36712E+01       6.37
 -135     27.04    0.89073  0.36446E+01  -0.24058E+00   0.36344E+01       6.60
 -134     27.50    0.88698  0.36082E+01  -0.24668E+00   0.35973E+01       6.84
 -133     27.97    0.88318  0.35716E+01  -0.25276E+00   0.35600E+01       7.08
 -132     28.44    0.87932  0.35348E+01  -0.25880E+00   0.35226E+01       7.32
 -131     28.91    0.87540  0.34979E+01  -0.26481E+00   0.34850E+01       7.57
 -130     29.38    0.87142  0.34609E+01  -0.27077E+00   0.34472E+01       7.82
 -129     29.84    0.86738  0.34238E+01  -0.27669E+00   0.34093E+01       8.08
 -128     30.31    0.86329  0.33866E+01  -0.28256E+00   0.33713E+01       8.34
 -127     30.78    0.85914  0.33492E+01  -0.28838E+00   0.33332E+01       8.61
 -126     31.25    0.85493  0.33119E+01  -0.29414E+00   0.32950E+01       8.88
 -125     31.72    0.85066  0.32745E+01  -0.29984E+00   0.32567E+01       9.16
 -124     32.18    0.84634  0.32370E+01  -0.30547E+00   0.32183E+01       9.44
 -123     32.65    0.84195  0.31995E+01  -0.31104E+00   0.31800E+01       9.72
 -122     33.12    0.83752  0.31621E+01  -0.31654E+00   0.31415E+01      10.01
 -121     33.59    0.83303  0.31246E+01  -0.32196E+00   0.31031E+01      10.30
 -120     34.06    0.82848  0.30872E+01  -0.32730E+00   0.30646E+01      10.60
 -119     34.53    0.82387  0.30498E+01  -0.33257E+00   0.30262E+01      10.90
 -118     34.99    0.81922  0.30124E+01  -0.33774E+00   0.29878E+01      11.21
 -117     35.46    0.81450  0.29751E+01  -0.34284E+00   0.29494E+01      11.52
 -116     35.93    0.80974  0.29379E+01  -0.34784E+00   0.29111E+01      11.84
 -115     36.40    0.80491  0.29008E+01  -0.35275E+00   0.28728E+01      12.16
 -114     36.87    0.80004  0.28638E+01  -0.35757E+00   0.28346E+01      12.49
 -113     37.33    0.79511  0.28268E+01  -0.36229E+00   0.27965E+01      12.82
 -112     37.80    0.79013  0.27900E+01  -0.36691E+00   0.27585E+01      13.15
 -111     38.27    0.78509  0.27534E+01  -0.37143E+00   0.27206E+01      13.49
 -110     38.74    0.78001  0.27169E+01  -0.37584E+00   0.26829E+01      13.83
 -109     39.21    0.77487  0.26805E+01  -0.38015E+00   0.26452E+01      14.18
 -108     39.67    0.76968  0.26443E+01  -0.38435E+00   0.26077E+01      14.53
 -107     40.14    0.76444  0.26083E+01  -0.38844E+00   0.25704E+01      14.89
 -106     40.61    0.75914  0.25725E+01  -0.39243E+00   0.25332E+01      15.25
 -105     41.08    0.75380  0.25369E+01  -0.39630E+00   0.24962E+01      15.62
 -104     41.55    0.74841  0.25015E+01  -0.40006E+00   0.24593E+01      15.99
 -103     42.02    0.74296  0.24662E+01  -0.40370E+00   0.24227E+01      16.37
 -102     42.48    0.73747  0.24313E+01  -0.40723E+00   0.23862E+01      16.75
 -101     42.95    0.73193  0.23965E+01  -0.41064E+00   0.23500E+01      17.13
 -100     43.42    0.72633  0.23620E+01  -0.41393E+00   0.23140E+01      17.52
  -99     43.89    0.72069  0.23277E+01  -0.41710E+00   0.22782E+01      17.92
  -98     44.36    0.71501  0.22937E+01  -0.42016E+00   0.22426E+01      18.32
  -97     44.82    0.70927  0.22599E+01  -0.42310E+00   0.22073E+01      18.72
  -96     45.29    0.70349  0.22264E+01  -0.42591E+00   0.21722E+01      19.13
  -95     45.76    0.69766  0.21932E+01  -0.42861E+00   0.21374E+01      19.54
  -94     46.23    0.69178  0.21602E+01  -0.43119E+00   0.21029E+01      19.96
  -93     46.70    0.68586  0.21276E+01  -0.43364E+00   0.20686E+01      20.38
  -92     47.17    0.67989  0.20952E+01  -0.43597E+00   0.20345E+01      20.81
  -91     47.63    0.67387  0.20631E+01  -0.43819E+00   0.20008E+01      21.24
  -90     48.10    0.66781  0.20313E+01  -0.44028E+00   0.19673E+01      21.67
  -89     48.57    0.66171  0.19999E+01  -0.44225E+00   0.19342E+01      22.11
  -88     49.04    0.65556  0.19687E+01  -0.44411E+00   0.19013E+01      22.56
  -87     49.51    0.64937  0.19378E+01  -0.44584E+00   0.18687E+01      23.01
  -86     49.97    0.64313  0.19073E+01  -0.44745E+00   0.18364E+01      23.46
  -85     50.44    0.63686  0.18771E+01  -0.44895E+00   0.18044E+01      23.92
  -84     50.91    0.63054  0.18472E+01  -0.45032E+00   0.17728E+01      24.38
  -83     51.38    0.62417  0.18176E+01  -0.45158E+00   0.17414E+01      24.85
  -82     51.85    0.61777  0.17883E+01  -0.45273E+00   0.17104E+01      25.32
  -81     52.31    0.61132  0.17594E+01  -0.45376E+00   0.16796E+01      25.79
  -80     52.78    0.60484  0.17308E+01  -0.45467E+00   0.16493E+01      26.27
  -79     53.25    0.59831  0.17026E+01  -0.45547E+00   0.16192E+01      26.75
  -78     53.72    0.59174  0.16747E+01  -0.45616E+00   0.15894E+01      27.24
  -77     54.19    0.58514  0.16471E+01  -0.45673E+00   0.15600E+01      27.73
  -76     54.66    0.57849  0.16198E+01  -0.45720E+00   0.15309E+01      28.22
  -75     55.12    0.57181  0.15929E+01  -0.45755E+00   0.15022E+01      28.72
  -74     55.59    0.56509  0.15664E+01  -0.45780E+00   0.14738E+01      29.23
  -73     56.06    0.55833  0.15401E+01  -0.45794E+00   0.14457E+01      29.73
  -72     56.53    0.55153  0.15143E+01  -0.45798E+00   0.14179E+01      30.24
  -71     57.00    0.54470  0.14887E+01  -0.45791E+00   0.13905E+01      30.76
  -70     57.46    0.53783  0.14635E+01  -0.45775E+00   0.13634E+01      31.28
  -69     57.93    0.53092  0.14387E+01  -0.45748E+00   0.13367E+01      31.80
  -68     58.40    0.52398  0.14142E+01  -0.45711E+00   0.13103E+01      32.32
  -67     58.87    0.51700  0.13900E+01  -0.45664E+00   0.12842E+01      32.85
  -66     59.34    0.50999  0.13661E+01  -0.45608E+00   0.12585E+01      33.38
  -65     59.80    0.50294  0.13427E+01  -0.45542E+00   0.12331E+01      33.92
  -64     60.27    0.49587  0.13195E+01  -0.45467E+00   0.12081E+01      34.46
  -63     60.74    0.48875  0.12967E+01  -0.45383E+00   0.11834E+01      35.00
  -62     61.21    0.48161  0.12742E+01  -0.45291E+00   0.11590E+01      35.54
  -61     61.68    0.47443  0.12521E+01  -0.45189E+00   0.11350E+01      36.09
  -60     62.15    0.46723  0.12302E+01  -0.45079E+00   0.11113E+01      36.64
  -59     62.61    0.45999  0.12088E+01  -0.44960E+00   0.10879E+01      37.20
  -58     63.08    0.45272  0.11876E+01  -0.44834E+00   0.10649E+01      37.75
  -57     63.55    0.44542  0.11668E+01  -0.44699E+00   0.10422E+01      38.31
  -56     64.02    0.43809  0.11463E+01  -0.44556E+00   0.10198E+01      38.87
  -55     64.49    0.43073  0.11261E+01  -0.44406E+00   0.99778E+00      39.43
  -54     64.95    0.42334  0.11063E+01  -0.44248E+00   0.97607E+00      40.00
  -53     65.42    0.41592  0.10867E+01  -0.44083E+00   0.95468E+00      40.57
  -52     65.89    0.40848  0.10675E+01  -0.43911E+00   0.93360E+00      41.13
  -51     66.36    0.40101  0.10486E+01  -0.43732E+00   0.91286E+00      41.70
  -50     66.83    0.39351  0.10300E+01  -0.43546E+00   0.89242E+00      42.28
  -49     67.30    0.38598  0.10118E+01  -0.43354E+00   0.87231E+00      42.85
  -48     67.76    0.37843  0.99378E+00  -0.43156E+00   0.85251E+00      43.43
  -47     68.23    0.37086  0.97612E+00  -0.42951E+00   0.83302E+00      44.00
  -46     68.70    0.36326  0.95875E+00  -0.42740E+00   0.81383E+00      44.58
  -45     69.17    0.35563  0.94169E+00  -0.42523E+00   0.79496E+00      45.16
  -44     69.64    0.34798  0.92492E+00  -0.42301E+00   0.77639E+00      45.74
  -43     70.10    0.34031  0.90844E+00  -0.42074E+00   0.75811E+00      46.31
  -42     70.57    0.33262  0.89226E+00  -0.41841E+00   0.74014E+00      46.89
  -41     71.04    0.32490  0.87636E+00  -0.41603E+00   0.72246E+00      47.47
  -40     71.51    0.31716  0.86074E+00  -0.41360E+00   0.70508E+00      48.05
  -39     71.98    0.30941  0.84540E+00  -0.41112E+00   0.68798E+00      48.63
  -38     72.44    0.30163  0.83035E+00  -0.40860E+00   0.67117E+00      49.21
  -37     72.91    0.29383  0.81556E+00  -0.40604E+00   0.65465E+00      49.79
  -36     73.38    0.28601  0.80105E+00  -0.40343E+00   0.63840E+00      50.36
  -35     73.85    0.27817  0.78680E+00  -0.40078E+00   0.62243E+00      50.94
  -34     74.32    0.27031  0.77282E+00  -0.39810E+00   0.60674E+00      51.51
  -33     74.79    0.26243  0.75910E+00  -0.39538E+00   0.59132E+00      52.08
  -32     75.25    0.25454  0.74564E+00  -0.39262E+00   0.57616E+00      52.66
  -31     75.72    0.24663  0.73243E+00  -0.38983E+00   0.56127E+00      53.22
  -30     76.19    0.23871  0.71947E+00  -0.38700E+00   0.54664E+00      53.79
  -29     76.66    0.23076  0.70676E+00  -0.38415E+00   0.53227E+00      54.35
  -28     77.13    0.22281  0.69430E+00  -0.38126E+00   0.51816E+00      54.91
  -27     77.59    0.21483  0.68207E+00  -0.37835E+00   0.50429E+00      55.47
  -26     78.06    0.20685  0.67009E+00  -0.37542E+00   0.49068E+00      56.02
  -25     78.53    0.19885  0.65834E+00  -0.37245E+00   0.47731E+00      56.58
  -24     79.00    0.19083  0.64682E+00  -0.36947E+00   0.46418E+00      57.12
  -23     79.47    0.18280  0.63552E+00  -0.36646E+00   0.45129E+00      57.66
  -22     79.93    0.17477  0.62445E+00  -0.36344E+00   0.43863E+00      58.20
  -21     80.40    0.16671  0.61361E+00  -0.36039E+00   0.42620E+00      58.73
  -20     80.87    0.15865  0.60298E+00  -0.35733E+00   0.41401E+00      59.26
  -19     81.34    0.15058  0.59256E+00  -0.35425E+00   0.40204E+00      59.78
  -18     81.81    0.14250  0.58236E+00  -0.35116E+00   0.39029E+00      60.30
  -17     82.28    0.13441  0.57236E+00  -0.34805E+00   0.37875E+00      60.81
  -16     82.74    0.12631  0.56257E+00  -0.34493E+00   0.36744E+00      61.31
  -15     83.21    0.11820  0.55298E+00  -0.34180E+00   0.35633E+00      61.81
  -14     83.68    0.11008  0.54359E+00  -0.33866E+00   0.34543E+00      62.30
  -13     84.15    0.10195  0.53439E+00  -0.33551E+00   0.33474E+00      62.78
  -12     84.62    0.09382  0.52539E+00  -0.33236E+00   0.32425E+00      63.26
  -11     85.08    0.08569  0.51657E+00  -0.32919E+00   0.31396E+00      63.73
  -10     85.55    0.07754  0.50794E+00  -0.32602E+00   0.30386E+00      64.19
   -9     86.02    0.06939  0.49949E+00  -0.32285E+00   0.29395E+00      64.64
   -8     86.49    0.06124  0.49123E+00  -0.31967E+00   0.28424E+00      65.08
   -7     86.96    0.05308  0.48314E+00  -0.31650E+00   0.27471E+00      65.51
   -6     87.43    0.04492  0.47522E+00  -0.31332E+00   0.26536E+00      65.93
   -5     87.89    0.03676  0.46747E+00  -0.31013E+00   0.25619E+00      66.34
   -4     88.36    0.02859  0.45990E+00  -0.30695E+00   0.24720E+00      66.74
   -3     88.83    0.02043  0.45248E+00  -0.30378E+00   0.23838E+00      67.14
   -2     89.30    0.01226  0.44523E+00  -0.30060E+00   0.22973E+00      67.51
   -1     89.77    0.00409  0.43814E+00  -0.29742E+00   0.22125E+00      67.88
    0     90.00    0.00000  0.43465E+00  -0.29584E+00   0.21707E+00      68.06
    1     90.23   -0.00409  0.43121E+00  -0.29425E+00   0.21293E+00      68.24
    2     90.70   -0.01226  0.42443E+00  -0.29109E+00   0.20477E+00      68.58
    3     91.17   -0.02043  0.41780E+00  -0.28793E+00   0.19677E+00      68.92
    4     91.64   -0.02859  0.41132E+00  -0.28478E+00   0.18892E+00      69.24
    5     92.11   -0.03676  0.40498E+00  -0.28163E+00   0.18123E+00      69.54
    6     92.57   -0.04492  0.39879E+00  -0.27849E+00   0.17369E+00      69.83
    7     93.04   -0.05308  0.39274E+00  -0.27536E+00   0.16629E+00      70.11
    8     93.51   -0.06124  0.38682E+00  -0.27224E+00   0.15904E+00      70.38
    9     93.98   -0.06939  0.38105E+00  -0.26912E+00   0.15193E+00      70.63
   10     94.45   -0.07754  0.37540E+00  -0.26602E+00   0.14495E+00      70.86
   11     94.92   -0.08569  0.36989E+00  -0.26293E+00   0.13812E+00      71.08
   12     95.38   -0.09382  0.36451E+00  -0.25985E+00   0.13141E+00      71.29
   13     95.85   -0.10195  0.35925E+00  -0.25678E+00   0.12484E+00      71.48
   14     96.32   -0.11008  0.35411E+00  -0.25372E+00   0.11839E+00      71.65
   15     96.79   -0.11820  0.34910E+00  -0.25068E+00   0.11207E+00      71.81
   16     97.26   -0.12631  0.34421E+00  -0.24765E+00   0.10587E+00      71.95
   17     97.72   -0.13441  0.33943E+00  -0.24463E+00   0.99789E-01      72.07
   18     98.19   -0.14250  0.33477E+00  -0.24163E+00   0.93827E-01      72.18
   19     98.66   -0.15058  0.33022E+00  -0.23864E+00   0.87980E-01      72.27
   20     99.13   -0.15865  0.32578E+00  -0.23567E+00   0.82246E-01      72.34
   21     99.60   -0.16671  0.32145E+00  -0.23271E+00   0.76622E-01      72.39
   22    100.07   -0.17477  0.31723E+00  -0.22977E+00   0.71107E-01      72.43
   23    100.53   -0.18280  0.31311E+00  -0.22684E+00   0.65697E-01      72.45
   24    101.00   -0.19083  0.30909E+00  -0.22393E+00   0.60391E-01      72.45
   25    101.47   -0.19885  0.30518E+00  -0.22104E+00   0.55186E-01      72.43
   26    101.94   -0.20685  0.30137E+00  -0.21816E+00   0.50081E-01      72.39
   27    102.41   -0.21483  0.29765E+00  -0.21530E+00   0.45072E-01      72.34
   28    102.87   -0.22281  0.29402E+00  -0.21246E+00   0.40158E-01      72.26
   29    103.34   -0.23076  0.29049E+00  -0.20964E+00   0.35338E-01      72.17
   30    103.81   -0.23871  0.28706E+00  -0.20683E+00   0.30607E-01      72.05
   31    104.28   -0.24663  0.28371E+00  -0.20405E+00   0.25966E-01      71.92
   32    104.75   -0.25454  0.28045E+00  -0.20128E+00   0.21412E-01      71.77
   33    105.21   -0.26243  0.27728E+00  -0.19853E+00   0.16942E-01      71.60
   34    105.68   -0.27031  0.27419E+00  -0.19580E+00   0.12555E-01      71.41
   35    106.15   -0.27817  0.27119E+00  -0.19308E+00   0.82500E-02      71.20
   36    106.62   -0.28601  0.26827E+00  -0.19039E+00   0.40238E-02      70.97
   37    107.09   -0.29383  0.26543E+00  -0.18772E+00  -0.12496E-03      70.72
   38    107.56   -0.30163  0.26266E+00  -0.18506E+00  -0.41980E-02      70.46
   39    108.02   -0.30941  0.25998E+00  -0.18243E+00  -0.81970E-02      70.17
   40    108.49   -0.31716  0.25737E+00  -0.17981E+00  -0.12124E-01      69.87
   41    108.96   -0.32490  0.25484E+00  -0.17722E+00  -0.15980E-01      69.54
   42    109.43   -0.33262  0.25238E+00  -0.17464E+00  -0.19767E-01      69.20
   43    109.90   -0.34031  0.24999E+00  -0.17209E+00  -0.23487E-01      68.84
   44    110.36   -0.34798  0.24767E+00  -0.16955E+00  -0.27141E-01      68.46
   45    110.83   -0.35563  0.24542E+00  -0.16704E+00  -0.30730E-01      68.06
   46    111.30   -0.36326  0.24324E+00  -0.16454E+00  -0.34257E-01      67.65
   47    111.77   -0.37086  0.24113E+00  -0.16207E+00  -0.37723E-01      67.21
   48    112.24   -0.37843  0.23908E+00  -0.15961E+00  -0.41128E-01      66.76
   49    112.70   -0.38598  0.23710E+00  -0.15718E+00  -0.44475E-01      66.29
   50    113.17   -0.39351  0.23518E+00  -0.15477E+00  -0.47765E-01      65.81
   51    113.64   -0.40101  0.23332E+00  -0.15237E+00  -0.51000E-01      65.31
   52    114.11   -0.40848  0.23152E+00  -0.15000E+00  -0.54180E-01      64.79
   53    114.58   -0.41592  0.22978E+00  -0.14765E+00  -0.57307E-01      64.26
   54    115.05   -0.42334  0.22811E+00  -0.14532E+00  -0.60382E-01      63.71
   55    115.51   -0.43073  0.22648E+00  -0.14301E+00  -0.63406E-01      63.14
   56    115.98   -0.43809  0.22492E+00  -0.14072E+00  -0.66381E-01      62.56
   57    116.45   -0.44542  0.22341E+00  -0.13845E+00  -0.69308E-01      61.97
   58    116.92   -0.45272  0.22196E+00  -0.13620E+00  -0.72187E-01      61.36
   59    117.39   -0.45999  0.22056E+00  -0.13397E+00  -0.75021E-01      60.74
   60    117.85   -0.46723  0.21921E+00  -0.13177E+00  -0.77809E-01      60.11
   61    118.32   -0.47443  0.21791E+00  -0.12958E+00  -0.80554E-01      59.46
   62    118.79   -0.48161  0.21667E+00  -0.12741E+00  -0.83256E-01      58.81
   63    119.26   -0.48875  0.21547E+00  -0.12526E+00  -0.85917E-01      58.14
   64    119.73   -0.49587  0.21432E+00  -0.12314E+00  -0.88536E-01      57.45
   65    120.20   -0.50294  0.21322E+00  -0.12103E+00  -0.91116E-01      56.76
   66    120.66   -0.50999  0.21217E+00  -0.11895E+00  -0.93657E-01      56.06
   67    121.13   -0.51700  0.21117E+00  -0.11688E+00  -0.96159E-01      55.35
   68    121.60   -0.52398  0.21021E+00  -0.11484E+00  -0.98625E-01      54.63
   69    122.07   -0.53092  0.20929E+00  -0.11282E+00  -0.10105E+00      53.90
   70    122.54   -0.53783  0.20842E+00  -0.11081E+00  -0.10345E+00      53.17
   71    123.00   -0.54470  0.20759E+00  -0.10883E+00  -0.10581E+00      52.42
   72    123.47   -0.55153  0.20681E+00  -0.10687E+00  -0.10813E+00      51.67
   73    123.94   -0.55833  0.20606E+00  -0.10492E+00  -0.11043E+00      50.92
   74    124.41   -0.56509  0.20536E+00  -0.10300E+00  -0.11269E+00      50.16
   75    124.88   -0.57181  0.20469E+00  -0.10110E+00  -0.11491E+00      49.39
   76    125.34   -0.57849  0.20407E+00  -0.99213E-01  -0.11711E+00      48.62
   77    125.81   -0.58514  0.20348E+00  -0.97350E-01  -0.11928E+00      47.84
   78    126.28   -0.59174  0.20294E+00  -0.95506E-01  -0.12142E+00      47.06
   79    126.75   -0.59831  0.20242E+00  -0.93683E-01  -0.12353E+00      46.28
   80    127.22   -0.60484  0.20195E+00  -0.91879E-01  -0.12561E+00      45.50
   81    127.69   -0.61132  0.20151E+00  -0.90095E-01  -0.12766E+00      44.71
   82    128.15   -0.61777  0.20111E+00  -0.88331E-01  -0.12969E+00      43.92
   83    128.62   -0.62417  0.20074E+00  -0.86587E-01  -0.13169E+00      43.13
   84    129.09   -0.63054  0.20040E+00  -0.84862E-01  -0.13366E+00      42.35
   85    129.56   -0.63686  0.20010E+00  -0.83157E-01  -0.13561E+00      41.56
   86    130.03   -0.64313  0.19983E+00  -0.81471E-01  -0.13753E+00      40.77
   87    130.49   -0.64937  0.19959E+00  -0.79805E-01  -0.13943E+00      39.98
   88    130.96   -0.65556  0.19938E+00  -0.78158E-01  -0.14130E+00      39.20
   89    131.43   -0.66171  0.19920E+00  -0.76530E-01  -0.14315E+00      38.42
   90    131.90   -0.66781  0.19905E+00  -0.74921E-01  -0.14498E+00      37.64
   91    132.37   -0.67387  0.19894E+00  -0.73332E-01  -0.14679E+00      36.86
   92    132.83   -0.67989  0.19885E+00  -0.71762E-01  -0.14857E+00      36.09
   93    133.30   -0.68586  0.19878E+00  -0.70212E-01  -0.15033E+00      35.32
   94    133.77   -0.69178  0.19875E+00  -0.68680E-01  -0.15207E+00      34.56
   95    134.24   -0.69766  0.19874E+00  -0.67167E-01  -0.15378E+00      33.80
   96    134.71   -0.70349  0.19876E+00  -0.65673E-01  -0.15548E+00      33.04
   97    135.18   -0.70927  0.19880E+00  -0.64198E-01  -0.15715E+00      32.29
   98    135.64   -0.71501  0.19887E+00  -0.62743E-01  -0.15881E+00      31.55
   99    136.11   -0.72069  0.19897E+00  -0.61305E-01  -0.16044E+00      30.81
  100    136.58   -0.72633  0.19908E+00  -0.59887E-01  -0.16206E+00      30.08
  101    137.05   -0.73193  0.19922E+00  -0.58487E-01  -0.16366E+00      29.36
  102    137.52   -0.73747  0.19939E+00  -0.57106E-01  -0.16523E+00      28.64
  103    137.98   -0.74296  0.19957E+00  -0.55743E-01  -0.16679E+00      27.93
  104    138.45   -0.74841  0.19978E+00  -0.54400E-01  -0.16833E+00      27.23
  105    138.92   -0.75380  0.20001E+00  -0.53074E-01  -0.16985E+00      26.54
  106    139.39   -0.75914  0.20025E+00  -0.51767E-01  -0.17135E+00      25.85
  107    139.86   -0.76444  0.20052E+00  -0.50478E-01  -0.17283E+00      25.17
  108    140.33   -0.76968  0.20081E+00  -0.49208E-01  -0.17430E+00      24.50
  109    140.79   -0.77487  0.20111E+00  -0.47955E-01  -0.17574E+00      23.85
  110    141.26   -0.78001  0.20144E+00  -0.46721E-01  -0.17717E+00      23.19
  111    141.73   -0.78509  0.20178E+00  -0.45506E-01  -0.17858E+00      22.55
  112    142.20   -0.79013  0.20213E+00  -0.44308E-01  -0.17998E+00      21.92
  113    142.67   -0.79511  0.20251E+00  -0.43128E-01  -0.18136E+00      21.30
  114    143.13   -0.80004  0.20290E+00  -0.41966E-01  -0.18272E+00      20.68
  115    143.60   -0.80491  0.20330E+00  -0.40822E-01  -0.18406E+00      20.08
  116    144.07   -0.80974  0.20372E+00  -0.39696E-01  -0.18538E+00      19.49
  117    144.54   -0.81450  0.20415E+00  -0.38587E-01  -0.18669E+00      18.90
  118    145.01   -0.81922  0.20460E+00  -0.37497E-01  -0.18798E+00      18.33
  119    145.47   -0.82387  0.20506E+00  -0.36424E-01  -0.18926E+00      17.76
  120    145.94   -0.82848  0.20553E+00  -0.35368E-01  -0.19052E+00      17.21
  121    146.41   -0.83303  0.20601E+00  -0.34330E-01  -0.19176E+00      16.66
  122    146.88   -0.83752  0.20651E+00  -0.33309E-01  -0.19298E+00      16.13
  123    147.35   -0.84195  0.20701E+00  -0.32306E-01  -0.19419E+00      15.61
  124    147.82   -0.84634  0.20753E+00  -0.31320E-01  -0.19538E+00      15.09
  125    148.28   -0.85066  0.20805E+00  -0.30351E-01  -0.19656E+00      14.59
  126    148.75   -0.85493  0.20859E+00  -0.29399E-01  -0.19772E+00      14.09
  127    149.22   -0.85914  0.20913E+00  -0.28465E-01  -0.19886E+00      13.61
  128    149.69   -0.86329  0.20968E+00  -0.27547E-01  -0.19999E+00      13.14
  129    150.16   -0.86738  0.21024E+00  -0.26646E-01  -0.20110E+00      12.67
  130    150.62   -0.87142  0.21080E+00  -0.25762E-01  -0.20219E+00      12.22
  131    151.09   -0.87540  0.21137E+00  -0.24895E-01  -0.20327E+00      11.78
  132    151.56   -0.87932  0.21194E+00  -0.24044E-01  -0.20433E+00      11.34
  133    152.03   -0.88318  0.21252E+00  -0.23210E-01  -0.20537E+00      10.92
  134    152.50   -0.88698  0.21311E+00  -0.22393E-01  -0.20640E+00      10.51
  135    152.96   -0.89073  0.21369E+00  -0.21592E-01  -0.20741E+00      10.10
  136    153.43   -0.89441  0.21428E+00  -0.20807E-01  -0.20841E+00       9.71
  137    153.90   -0.89804  0.21488E+00  -0.20038E-01  -0.20939E+00       9.33
  138    154.37   -0.90160  0.21547E+00  -0.19286E-01  -0.21035E+00       8.95
  139    154.84   -0.90510  0.21607E+00  -0.18549E-01  -0.21129E+00       8.58
  140    155.31   -0.90855  0.21667E+00  -0.17829E-01  -0.21222E+00       8.23
  141    155.77   -0.91193  0.21726E+00  -0.17124E-01  -0.21313E+00       7.88
  142    156.24   -0.91525  0.21786E+00  -0.16436E-01  -0.21403E+00       7.54
  143    156.71   -0.91851  0.21846E+00  -0.15762E-01  -0.21491E+00       7.22
  144    157.18   -0.92171  0.21906E+00  -0.15105E-01  -0.21577E+00       6.90
  145    157.65   -0.92485  0.21965E+00  -0.14463E-01  -0.21662E+00       6.58
  146    158.11   -0.92793  0.22024E+00  -0.13836E-01  -0.21745E+00       6.28
  147    158.58   -0.93094  0.22083E+00  -0.13225E-01  -0.21826E+00       5.99
  148    159.05   -0.93390  0.22141E+00  -0.12628E-01  -0.21905E+00       5.70
  149    159.52   -0.93679  0.22200E+00  -0.12047E-01  -0.21983E+00       5.43
  150    159.99   -0.93961  0.22257E+00  -0.11481E-01  -0.22059E+00       5.16
  151    160.46   -0.94238  0.22314E+00  -0.10930E-01  -0.22134E+00       4.90
  152    160.92   -0.94508  0.22371E+00  -0.10393E-01  -0.22207E+00       4.65
  153    161.39   -0.94772  0.22427E+00  -0.98711E-02  -0.22278E+00       4.40
  154    161.86   -0.95030  0.22482E+00  -0.93639E-02  -0.22347E+00       4.17
  155    162.33   -0.95281  0.22537E+00  -0.88711E-02  -0.22415E+00       3.94
  156    162.80   -0.95526  0.22591E+00  -0.83926E-02  -0.22481E+00       3.72
  157    163.26   -0.95764  0.22644E+00  -0.79285E-02  -0.22545E+00       3.50
  158    163.73   -0.95996  0.22696E+00  -0.74785E-02  -0.22608E+00       3.30
  159    164.20   -0.96222  0.22747E+00  -0.70426E-02  -0.22668E+00       3.10
  160    164.67   -0.96441  0.22797E+00  -0.66207E-02  -0.22727E+00       2.90
  161    165.14   -0.96654  0.22847E+00  -0.62127E-02  -0.22785E+00       2.72
  162    165.60   -0.96860  0.22895E+00  -0.58185E-02  -0.22840E+00       2.54
  163    166.07   -0.97060  0.22942E+00  -0.54380E-02  -0.22894E+00       2.37
  164    166.54   -0.97254  0.22988E+00  -0.50710E-02  -0.22946E+00       2.21
  165    167.01   -0.97440  0.23033E+00  -0.47176E-02  -0.22997E+00       2.05
  166    167.48   -0.97621  0.23077E+00  -0.43776E-02  -0.23045E+00       1.90
  167    167.95   -0.97795  0.23119E+00  -0.40509E-02  -0.23092E+00       1.75
  168    168.41   -0.97962  0.23161E+00  -0.37375E-02  -0.23137E+00       1.61
  169    168.88   -0.98123  0.23200E+00  -0.34372E-02  -0.23181E+00       1.48
  170    169.35   -0.98277  0.23239E+00  -0.31499E-02  -0.23222E+00       1.36
  171    169.82   -0.98425  0.23276E+00  -0.28757E-02  -0.23262E+00       1.24
  172    170.29   -0.98566  0.23312E+00  -0.26144E-02  -0.23300E+00       1.12
  173    170.75   -0.98701  0.23346E+00  -0.23659E-02  -0.23336E+00       1.01
  174    171.22   -0.98829  0.23379E+00  -0.21301E-02  -0.23371E+00       0.91
  175    171.69   -0.98950  0.23410E+00  -0.19071E-02  -0.23404E+00       0.81
  176    172.16   -0.99065  0.23440E+00  -0.16967E-02  -0.23435E+00       0.72
  177    172.63   -0.99173  0.23468E+00  -0.14988E-02  -0.23464E+00       0.64
  178    173.09   -0.99275  0.23494E+00  -0.13134E-02  -0.23491E+00       0.56
  179    173.56   -0.99370  0.23519E+00  -0.11405E-02  -0.23517E+00       0.48
  180    174.03   -0.99458  0.23542E+00  -0.97992E-03  -0.23541E+00       0.42
  181    174.50   -0.99539  0.23564E+00  -0.83169E-03  -0.23563E+00       0.35
  182    174.97   -0.99614  0.23584E+00  -0.69573E-03  -0.23583E+00       0.30
  183    175.44   -0.99683  0.23602E+00  -0.57201E-03  -0.23601E+00       0.24
  184    175.90   -0.99744  0.23618E+00  -0.46048E-03  -0.23618E+00       0.19
  185    176.37   -0.99799  0.23633E+00  -0.36110E-03  -0.23633E+00       0.15
  186    176.84   -0.99848  0.23646E+00  -0.27385E-03  -0.23646E+00       0.12
  187    177.31   -0.99890  0.23657E+00  -0.19869E-03  -0.23657E+00       0.08
  188    177.78   -0.99925  0.23667E+00  -0.13560E-03  -0.23666E+00       0.06
  189    178.24   -0.99953  0.23674E+00  -0.84550E-04  -0.23674E+00       0.04
  190    178.71   -0.99975  0.23680E+00  -0.45530E-04  -0.23680E+00       0.02
  191    179.18   -0.99990  0.23684E+00  -0.18524E-04  -0.23684E+00       0.01
  192    179.64   -0.99998  0.23686E+00  -0.35154E-05  -0.23686E+00       0.00
  193    180.00   -1.00000  0.23687E+00   0.00000E+00  -0.23687E+00      -0.00

