 alpha final =    591.00000000000000     

     granulo :  rn =  1.0  rm = 0.15  ln sig =  0.290  pour r <  50. mic.
     ======================================================================

                    longueur d onde :  0.540 microns
                    ================================

     indice reel :   1.45000     indice imaginaire : -0.35000E-02


                    nombre de particules :  0.10000E+01

       Sections d extinction et de diffusion ramenees a une particule :
       ----------------------------------------------------------------
     extinction :  0.13622E+00 mic**2     diffusion :  0.13355E+00 mic**2

            Pizero : 0.980393                 g.assymetrie : 0.68012

 ------------------------------------------------------------------------------
   j      theta       mu         i             q             u         -q/i*100
 ------------------------------------------------------------------------------
 -193      0.00    1.00000  0.81727E+01   0.00000E+00   0.81727E+01      -0.00
 -192      0.36    0.99998  0.81719E+01  -0.59578E-04   0.81719E+01       0.00
 -191      0.82    0.99990  0.81685E+01  -0.31378E-03   0.81685E+01       0.00
 -190      1.29    0.99975  0.81625E+01  -0.77059E-03   0.81625E+01       0.01
 -189      1.76    0.99953  0.81537E+01  -0.14292E-02   0.81537E+01       0.02
 -188      2.22    0.99925  0.81423E+01  -0.22883E-02   0.81423E+01       0.03
 -187      2.69    0.99890  0.81282E+01  -0.33463E-02   0.81282E+01       0.04
 -186      3.16    0.99848  0.81114E+01  -0.46010E-02   0.81114E+01       0.06
 -185      3.63    0.99799  0.80920E+01  -0.60499E-02   0.80920E+01       0.07
 -184      4.10    0.99744  0.80701E+01  -0.76903E-02   0.80701E+01       0.10
 -183      4.56    0.99683  0.80455E+01  -0.95189E-02   0.80455E+01       0.12
 -182      5.03    0.99614  0.80184E+01  -0.11532E-01   0.80184E+01       0.14
 -181      5.50    0.99539  0.79888E+01  -0.13726E-01   0.79887E+01       0.17
 -180      5.97    0.99458  0.79567E+01  -0.16097E-01   0.79566E+01       0.20
 -179      6.44    0.99370  0.79221E+01  -0.18639E-01   0.79220E+01       0.24
 -178      6.91    0.99275  0.78851E+01  -0.21348E-01   0.78850E+01       0.27
 -177      7.37    0.99173  0.78458E+01  -0.24220E-01   0.78457E+01       0.31
 -176      7.84    0.99065  0.78042E+01  -0.27247E-01   0.78040E+01       0.35
 -175      8.31    0.98950  0.77602E+01  -0.30425E-01   0.77601E+01       0.39
 -174      8.78    0.98829  0.77141E+01  -0.33748E-01   0.77139E+01       0.44
 -173      9.25    0.98701  0.76658E+01  -0.37208E-01   0.76655E+01       0.49
 -172      9.71    0.98566  0.76154E+01  -0.40801E-01   0.76150E+01       0.54
 -171     10.18    0.98425  0.75629E+01  -0.44519E-01   0.75625E+01       0.59
 -170     10.65    0.98277  0.75084E+01  -0.48355E-01   0.75079E+01       0.64
 -169     11.12    0.98123  0.74520E+01  -0.52302E-01   0.74514E+01       0.70
 -168     11.59    0.97962  0.73937E+01  -0.56353E-01   0.73930E+01       0.76
 -167     12.05    0.97795  0.73335E+01  -0.60501E-01   0.73327E+01       0.82
 -166     12.52    0.97621  0.72716E+01  -0.64738E-01   0.72707E+01       0.89
 -165     12.99    0.97440  0.72081E+01  -0.69057E-01   0.72070E+01       0.96
 -164     13.46    0.97254  0.71429E+01  -0.73450E-01   0.71416E+01       1.03
 -163     13.93    0.97060  0.70761E+01  -0.77909E-01   0.70747E+01       1.10
 -162     14.40    0.96860  0.70078E+01  -0.82427E-01   0.70062E+01       1.18
 -161     14.86    0.96654  0.69381E+01  -0.86995E-01   0.69364E+01       1.25
 -160     15.33    0.96441  0.68671E+01  -0.91607E-01   0.68651E+01       1.33
 -159     15.80    0.96222  0.67948E+01  -0.96254E-01   0.67926E+01       1.42
 -158     16.27    0.95996  0.67213E+01  -0.10093E+00   0.67188E+01       1.50
 -157     16.74    0.95764  0.66466E+01  -0.10562E+00   0.66438E+01       1.59
 -156     17.20    0.95526  0.65708E+01  -0.11033E+00   0.65678E+01       1.68
 -155     17.67    0.95281  0.64940E+01  -0.11504E+00   0.64907E+01       1.77
 -154     18.14    0.95030  0.64164E+01  -0.11975E+00   0.64127E+01       1.87
 -153     18.61    0.94772  0.63378E+01  -0.12445E+00   0.63338E+01       1.96
 -152     19.08    0.94508  0.62584E+01  -0.12913E+00   0.62540E+01       2.06
 -151     19.54    0.94238  0.61783E+01  -0.13379E+00   0.61736E+01       2.17
 -150     20.01    0.93961  0.60976E+01  -0.13841E+00   0.60924E+01       2.27
 -149     20.48    0.93679  0.60162E+01  -0.14300E+00   0.60106E+01       2.38
 -148     20.95    0.93390  0.59344E+01  -0.14755E+00   0.59283E+01       2.49
 -147     21.42    0.93094  0.58520E+01  -0.15204E+00   0.58455E+01       2.60
 -146     21.89    0.92793  0.57693E+01  -0.15647E+00   0.57623E+01       2.71
 -145     22.35    0.92485  0.56862E+01  -0.16084E+00   0.56787E+01       2.83
 -144     22.82    0.92171  0.56029E+01  -0.16515E+00   0.55949E+01       2.95
 -143     23.29    0.91851  0.55194E+01  -0.16937E+00   0.55108E+01       3.07
 -142     23.76    0.91525  0.54357E+01  -0.17352E+00   0.54265E+01       3.19
 -141     24.23    0.91193  0.53519E+01  -0.17758E+00   0.53421E+01       3.32
 -140     24.69    0.90855  0.52681E+01  -0.18156E+00   0.52577E+01       3.45
 -139     25.16    0.90510  0.51843E+01  -0.18543E+00   0.51733E+01       3.58
 -138     25.63    0.90160  0.51007E+01  -0.18921E+00   0.50890E+01       3.71
 -137     26.10    0.89804  0.50171E+01  -0.19289E+00   0.50047E+01       3.84
 -136     26.57    0.89441  0.49337E+01  -0.19646E+00   0.49206E+01       3.98
 -135     27.04    0.89073  0.48506E+01  -0.19991E+00   0.48368E+01       4.12
 -134     27.50    0.88698  0.47678E+01  -0.20326E+00   0.47532E+01       4.26
 -133     27.97    0.88318  0.46852E+01  -0.20648E+00   0.46699E+01       4.41
 -132     28.44    0.87932  0.46031E+01  -0.20959E+00   0.45870E+01       4.55
 -131     28.91    0.87540  0.45214E+01  -0.21257E+00   0.45045E+01       4.70
 -130     29.38    0.87142  0.44402E+01  -0.21543E+00   0.44225E+01       4.85
 -129     29.84    0.86738  0.43594E+01  -0.21816E+00   0.43409E+01       5.00
 -128     30.31    0.86329  0.42792E+01  -0.22076E+00   0.42599E+01       5.16
 -127     30.78    0.85914  0.41996E+01  -0.22323E+00   0.41795E+01       5.32
 -126     31.25    0.85493  0.41206E+01  -0.22557E+00   0.40996E+01       5.47
 -125     31.72    0.85066  0.40423E+01  -0.22778E+00   0.40204E+01       5.63
 -124     32.18    0.84634  0.39647E+01  -0.22985E+00   0.39418E+01       5.80
 -123     32.65    0.84195  0.38877E+01  -0.23179E+00   0.38640E+01       5.96
 -122     33.12    0.83752  0.38115E+01  -0.23360E+00   0.37869E+01       6.13
 -121     33.59    0.83303  0.37361E+01  -0.23527E+00   0.37106E+01       6.30
 -120     34.06    0.82848  0.36615E+01  -0.23680E+00   0.36350E+01       6.47
 -119     34.53    0.82387  0.35877E+01  -0.23820E+00   0.35603E+01       6.64
 -118     34.99    0.81922  0.35147E+01  -0.23947E+00   0.34864E+01       6.81
 -117     35.46    0.81450  0.34426E+01  -0.24060E+00   0.34133E+01       6.99
 -116     35.93    0.80974  0.33714E+01  -0.24160E+00   0.33411E+01       7.17
 -115     36.40    0.80491  0.33011E+01  -0.24247E+00   0.32699E+01       7.35
 -114     36.87    0.80004  0.32317E+01  -0.24321E+00   0.31995E+01       7.53
 -113     37.33    0.79511  0.31633E+01  -0.24382E+00   0.31301E+01       7.71
 -112     37.80    0.79013  0.30957E+01  -0.24431E+00   0.30616E+01       7.89
 -111     38.27    0.78509  0.30292E+01  -0.24466E+00   0.29940E+01       8.08
 -110     38.74    0.78001  0.29636E+01  -0.24490E+00   0.29275E+01       8.26
 -109     39.21    0.77487  0.28990E+01  -0.24501E+00   0.28619E+01       8.45
 -108     39.67    0.76968  0.28354E+01  -0.24501E+00   0.27973E+01       8.64
 -107     40.14    0.76444  0.27727E+01  -0.24488E+00   0.27337E+01       8.83
 -106     40.61    0.75914  0.27111E+01  -0.24464E+00   0.26711E+01       9.02
 -105     41.08    0.75380  0.26505E+01  -0.24429E+00   0.26095E+01       9.22
 -104     41.55    0.74841  0.25908E+01  -0.24383E+00   0.25489E+01       9.41
 -103     42.02    0.74296  0.25322E+01  -0.24326E+00   0.24894E+01       9.61
 -102     42.48    0.73747  0.24746E+01  -0.24259E+00   0.24308E+01       9.80
 -101     42.95    0.73193  0.24180E+01  -0.24181E+00   0.23733E+01      10.00
 -100     43.42    0.72633  0.23624E+01  -0.24094E+00   0.23168E+01      10.20
  -99     43.89    0.72069  0.23079E+01  -0.23997E+00   0.22613E+01      10.40
  -98     44.36    0.71501  0.22543E+01  -0.23891E+00   0.22068E+01      10.60
  -97     44.82    0.70927  0.22018E+01  -0.23775E+00   0.21534E+01      10.80
  -96     45.29    0.70349  0.21502E+01  -0.23651E+00   0.21009E+01      11.00
  -95     45.76    0.69766  0.20996E+01  -0.23519E+00   0.20495E+01      11.20
  -94     46.23    0.69178  0.20500E+01  -0.23378E+00   0.19990E+01      11.40
  -93     46.70    0.68586  0.20015E+01  -0.23230E+00   0.19496E+01      11.61
  -92     47.17    0.67989  0.19538E+01  -0.23074E+00   0.19011E+01      11.81
  -91     47.63    0.67387  0.19072E+01  -0.22911E+00   0.18537E+01      12.01
  -90     48.10    0.66781  0.18615E+01  -0.22742E+00   0.18072E+01      12.22
  -89     48.57    0.66171  0.18168E+01  -0.22565E+00   0.17616E+01      12.42
  -88     49.04    0.65556  0.17730E+01  -0.22383E+00   0.17170E+01      12.62
  -87     49.51    0.64937  0.17301E+01  -0.22195E+00   0.16734E+01      12.83
  -86     49.97    0.64313  0.16882E+01  -0.22001E+00   0.16307E+01      13.03
  -85     50.44    0.63686  0.16471E+01  -0.21801E+00   0.15890E+01      13.24
  -84     50.91    0.63054  0.16070E+01  -0.21597E+00   0.15481E+01      13.44
  -83     51.38    0.62417  0.15678E+01  -0.21388E+00   0.15082E+01      13.64
  -82     51.85    0.61777  0.15294E+01  -0.21175E+00   0.14692E+01      13.84
  -81     52.31    0.61132  0.14920E+01  -0.20957E+00   0.14310E+01      14.05
  -80     52.78    0.60484  0.14553E+01  -0.20736E+00   0.13938E+01      14.25
  -79     53.25    0.59831  0.14195E+01  -0.20511E+00   0.13574E+01      14.45
  -78     53.72    0.59174  0.13846E+01  -0.20283E+00   0.13218E+01      14.65
  -77     54.19    0.58514  0.13505E+01  -0.20052E+00   0.12871E+01      14.85
  -76     54.66    0.57849  0.13171E+01  -0.19819E+00   0.12532E+01      15.05
  -75     55.12    0.57181  0.12846E+01  -0.19583E+00   0.12201E+01      15.24
  -74     55.59    0.56509  0.12528E+01  -0.19344E+00   0.11878E+01      15.44
  -73     56.06    0.55833  0.12219E+01  -0.19104E+00   0.11563E+01      15.64
  -72     56.53    0.55153  0.11916E+01  -0.18862E+00   0.11256E+01      15.83
  -71     57.00    0.54470  0.11621E+01  -0.18619E+00   0.10956E+01      16.02
  -70     57.46    0.53783  0.11333E+01  -0.18374E+00   0.10664E+01      16.21
  -69     57.93    0.53092  0.11053E+01  -0.18128E+00   0.10379E+01      16.40
  -68     58.40    0.52398  0.10779E+01  -0.17882E+00   0.10101E+01      16.59
  -67     58.87    0.51700  0.10513E+01  -0.17635E+00   0.98302E+00      16.78
  -66     59.34    0.50999  0.10253E+01  -0.17388E+00   0.95664E+00      16.96
  -65     59.80    0.50294  0.99992E+00  -0.17140E+00   0.93094E+00      17.14
  -64     60.27    0.49587  0.97523E+00  -0.16893E+00   0.90590E+00      17.32
  -63     60.74    0.48875  0.95117E+00  -0.16645E+00   0.88151E+00      17.50
  -62     61.21    0.48161  0.92773E+00  -0.16399E+00   0.85776E+00      17.68
  -61     61.68    0.47443  0.90490E+00  -0.16152E+00   0.83464E+00      17.85
  -60     62.15    0.46723  0.88266E+00  -0.15907E+00   0.81212E+00      18.02
  -59     62.61    0.45999  0.86100E+00  -0.15662E+00   0.79021E+00      18.19
  -58     63.08    0.45272  0.83991E+00  -0.15418E+00   0.76888E+00      18.36
  -57     63.55    0.44542  0.81938E+00  -0.15176E+00   0.74812E+00      18.52
  -56     64.02    0.43809  0.79939E+00  -0.14934E+00   0.72793E+00      18.68
  -55     64.49    0.43073  0.77993E+00  -0.14695E+00   0.70828E+00      18.84
  -54     64.95    0.42334  0.76099E+00  -0.14456E+00   0.68916E+00      19.00
  -53     65.42    0.41592  0.74255E+00  -0.14220E+00   0.67057E+00      19.15
  -52     65.89    0.40848  0.72461E+00  -0.13985E+00   0.65249E+00      19.30
  -51     66.36    0.40101  0.70715E+00  -0.13752E+00   0.63491E+00      19.45
  -50     66.83    0.39351  0.69017E+00  -0.13521E+00   0.61781E+00      19.59
  -49     67.30    0.38598  0.67364E+00  -0.13292E+00   0.60119E+00      19.73
  -48     67.76    0.37843  0.65757E+00  -0.13066E+00   0.58503E+00      19.87
  -47     68.23    0.37086  0.64193E+00  -0.12841E+00   0.56932E+00      20.00
  -46     68.70    0.36326  0.62672E+00  -0.12619E+00   0.55405E+00      20.14
  -45     69.17    0.35563  0.61192E+00  -0.12400E+00   0.53921E+00      20.26
  -44     69.64    0.34798  0.59754E+00  -0.12182E+00   0.52479E+00      20.39
  -43     70.10    0.34031  0.58354E+00  -0.11968E+00   0.51078E+00      20.51
  -42     70.57    0.33262  0.56994E+00  -0.11756E+00   0.49716E+00      20.63
  -41     71.04    0.32490  0.55670E+00  -0.11546E+00   0.48393E+00      20.74
  -40     71.51    0.31716  0.54384E+00  -0.11339E+00   0.47108E+00      20.85
  -39     71.98    0.30941  0.53133E+00  -0.11135E+00   0.45860E+00      20.96
  -38     72.44    0.30163  0.51917E+00  -0.10934E+00   0.44647E+00      21.06
  -37     72.91    0.29383  0.50734E+00  -0.10735E+00   0.43469E+00      21.16
  -36     73.38    0.28601  0.49585E+00  -0.10539E+00   0.42325E+00      21.26
  -35     73.85    0.27817  0.48467E+00  -0.10346E+00   0.41213E+00      21.35
  -34     74.32    0.27031  0.47381E+00  -0.10156E+00   0.40134E+00      21.44
  -33     74.79    0.26243  0.46325E+00  -0.99688E-01   0.39086E+00      21.52
  -32     75.25    0.25454  0.45298E+00  -0.97843E-01   0.38068E+00      21.60
  -31     75.72    0.24663  0.44300E+00  -0.96027E-01   0.37080E+00      21.68
  -30     76.19    0.23871  0.43330E+00  -0.94240E-01   0.36120E+00      21.75
  -29     76.66    0.23076  0.42387E+00  -0.92481E-01   0.35187E+00      21.82
  -28     77.13    0.22281  0.41471E+00  -0.90751E-01   0.34282E+00      21.88
  -27     77.59    0.21483  0.40580E+00  -0.89050E-01   0.33403E+00      21.94
  -26     78.06    0.20685  0.39714E+00  -0.87377E-01   0.32550E+00      22.00
  -25     78.53    0.19885  0.38873E+00  -0.85732E-01   0.31721E+00      22.05
  -24     79.00    0.19083  0.38055E+00  -0.84115E-01   0.30916E+00      22.10
  -23     79.47    0.18280  0.37259E+00  -0.82527E-01   0.30135E+00      22.15
  -22     79.93    0.17477  0.36487E+00  -0.80966E-01   0.29376E+00      22.19
  -21     80.40    0.16671  0.35735E+00  -0.79434E-01   0.28639E+00      22.23
  -20     80.87    0.15865  0.35005E+00  -0.77928E-01   0.27923E+00      22.26
  -19     81.34    0.15058  0.34295E+00  -0.76450E-01   0.27228E+00      22.29
  -18     81.81    0.14250  0.33605E+00  -0.74998E-01   0.26553E+00      22.32
  -17     82.28    0.13441  0.32935E+00  -0.73573E-01   0.25898E+00      22.34
  -16     82.74    0.12631  0.32283E+00  -0.72174E-01   0.25261E+00      22.36
  -15     83.21    0.11820  0.31649E+00  -0.70801E-01   0.24642E+00      22.37
  -14     83.68    0.11008  0.31033E+00  -0.69454E-01   0.24042E+00      22.38
  -13     84.15    0.10195  0.30434E+00  -0.68132E-01   0.23458E+00      22.39
  -12     84.62    0.09382  0.29852E+00  -0.66834E-01   0.22891E+00      22.39
  -11     85.08    0.08569  0.29286E+00  -0.65561E-01   0.22340E+00      22.39
  -10     85.55    0.07754  0.28735E+00  -0.64313E-01   0.21805E+00      22.38
   -9     86.02    0.06939  0.28200E+00  -0.63087E-01   0.21284E+00      22.37
   -8     86.49    0.06124  0.27680E+00  -0.61885E-01   0.20779E+00      22.36
   -7     86.96    0.05308  0.27174E+00  -0.60706E-01   0.20287E+00      22.34
   -6     87.43    0.04492  0.26682E+00  -0.59549E-01   0.19809E+00      22.32
   -5     87.89    0.03676  0.26203E+00  -0.58414E-01   0.19345E+00      22.29
   -4     88.36    0.02859  0.25738E+00  -0.57301E-01   0.18893E+00      22.26
   -3     88.83    0.02043  0.25286E+00  -0.56208E-01   0.18454E+00      22.23
   -2     89.30    0.01226  0.24846E+00  -0.55137E-01   0.18027E+00      22.19
   -1     89.77    0.00409  0.24418E+00  -0.54085E-01   0.17611E+00      22.15
    0     90.00    0.00000  0.24208E+00  -0.53566E-01   0.17407E+00      22.13
    1     90.23   -0.00409  0.24001E+00  -0.53053E-01   0.17206E+00      22.10
    2     90.70   -0.01226  0.23596E+00  -0.52040E-01   0.16813E+00      22.05
    3     91.17   -0.02043  0.23202E+00  -0.51046E-01   0.16430E+00      22.00
    4     91.64   -0.02859  0.22819E+00  -0.50070E-01   0.16057E+00      21.94
    5     92.11   -0.03676  0.22446E+00  -0.49111E-01   0.15694E+00      21.88
    6     92.57   -0.04492  0.22084E+00  -0.48170E-01   0.15340E+00      21.81
    7     93.04   -0.05308  0.21731E+00  -0.47246E-01   0.14995E+00      21.74
    8     93.51   -0.06124  0.21387E+00  -0.46338E-01   0.14659E+00      21.67
    9     93.98   -0.06939  0.21053E+00  -0.45447E-01   0.14332E+00      21.59
   10     94.45   -0.07754  0.20728E+00  -0.44570E-01   0.14013E+00      21.50
   11     94.92   -0.08569  0.20412E+00  -0.43708E-01   0.13702E+00      21.41
   12     95.38   -0.09382  0.20104E+00  -0.42861E-01   0.13398E+00      21.32
   13     95.85   -0.10195  0.19804E+00  -0.42028E-01   0.13102E+00      21.22
   14     96.32   -0.11008  0.19512E+00  -0.41209E-01   0.12813E+00      21.12
   15     96.79   -0.11820  0.19228E+00  -0.40402E-01   0.12531E+00      21.01
   16     97.26   -0.12631  0.18952E+00  -0.39609E-01   0.12256E+00      20.90
   17     97.72   -0.13441  0.18682E+00  -0.38827E-01   0.11986E+00      20.78
   18     98.19   -0.14250  0.18420E+00  -0.38057E-01   0.11723E+00      20.66
   19     98.66   -0.15058  0.18165E+00  -0.37299E-01   0.11466E+00      20.53
   20     99.13   -0.15865  0.17917E+00  -0.36551E-01   0.11214E+00      20.40
   21     99.60   -0.16671  0.17675E+00  -0.35814E-01   0.10968E+00      20.26
   22    100.07   -0.17477  0.17440E+00  -0.35086E-01   0.10727E+00      20.12
   23    100.53   -0.18280  0.17210E+00  -0.34369E-01   0.10491E+00      19.97
   24    101.00   -0.19083  0.16987E+00  -0.33660E-01   0.10260E+00      19.82
   25    101.47   -0.19885  0.16770E+00  -0.32961E-01   0.10033E+00      19.66
   26    101.94   -0.20685  0.16558E+00  -0.32270E-01   0.98114E-01      19.49
   27    102.41   -0.21483  0.16351E+00  -0.31586E-01   0.95935E-01      19.32
   28    102.87   -0.22281  0.16151E+00  -0.30911E-01   0.93797E-01      19.14
   29    103.34   -0.23076  0.15955E+00  -0.30242E-01   0.91698E-01      18.95
   30    103.81   -0.23871  0.15764E+00  -0.29581E-01   0.89636E-01      18.76
   31    104.28   -0.24663  0.15579E+00  -0.28926E-01   0.87609E-01      18.57
   32    104.75   -0.25454  0.15398E+00  -0.28277E-01   0.85616E-01      18.36
   33    105.21   -0.26243  0.15222E+00  -0.27634E-01   0.83656E-01      18.15
   34    105.68   -0.27031  0.15050E+00  -0.26996E-01   0.81726E-01      17.94
   35    106.15   -0.27817  0.14883E+00  -0.26364E-01   0.79825E-01      17.71
   36    106.62   -0.28601  0.14721E+00  -0.25736E-01   0.77952E-01      17.48
   37    107.09   -0.29383  0.14562E+00  -0.25113E-01   0.76105E-01      17.25
   38    107.56   -0.30163  0.14408E+00  -0.24494E-01   0.74284E-01      17.00
   39    108.02   -0.30941  0.14257E+00  -0.23879E-01   0.72486E-01      16.75
   40    108.49   -0.31716  0.14111E+00  -0.23268E-01   0.70710E-01      16.49
   41    108.96   -0.32490  0.13968E+00  -0.22660E-01   0.68955E-01      16.22
   42    109.43   -0.33262  0.13829E+00  -0.22055E-01   0.67221E-01      15.95
   43    109.90   -0.34031  0.13694E+00  -0.21454E-01   0.65504E-01      15.67
   44    110.36   -0.34798  0.13563E+00  -0.20854E-01   0.63805E-01      15.38
   45    110.83   -0.35563  0.13434E+00  -0.20257E-01   0.62123E-01      15.08
   46    111.30   -0.36326  0.13310E+00  -0.19662E-01   0.60455E-01      14.77
   47    111.77   -0.37086  0.13188E+00  -0.19070E-01   0.58802E-01      14.46
   48    112.24   -0.37843  0.13070E+00  -0.18479E-01   0.57161E-01      14.14
   49    112.70   -0.38598  0.12955E+00  -0.17889E-01   0.55532E-01      13.81
   50    113.17   -0.39351  0.12843E+00  -0.17301E-01   0.53915E-01      13.47
   51    113.64   -0.40101  0.12734E+00  -0.16714E-01   0.52307E-01      13.13
   52    114.11   -0.40848  0.12628E+00  -0.16129E-01   0.50708E-01      12.77
   53    114.58   -0.41592  0.12525E+00  -0.15544E-01   0.49117E-01      12.41
   54    115.05   -0.42334  0.12424E+00  -0.14960E-01   0.47533E-01      12.04
   55    115.51   -0.43073  0.12327E+00  -0.14377E-01   0.45956E-01      11.66
   56    115.98   -0.43809  0.12232E+00  -0.13794E-01   0.44384E-01      11.28
   57    116.45   -0.44542  0.12140E+00  -0.13212E-01   0.42816E-01      10.88
   58    116.92   -0.45272  0.12051E+00  -0.12630E-01   0.41252E-01      10.48
   59    117.39   -0.45999  0.11964E+00  -0.12049E-01   0.39691E-01      10.07
   60    117.85   -0.46723  0.11880E+00  -0.11468E-01   0.38132E-01       9.65
   61    118.32   -0.47443  0.11798E+00  -0.10887E-01   0.36575E-01       9.23
   62    118.79   -0.48161  0.11719E+00  -0.10307E-01   0.35018E-01       8.80
   63    119.26   -0.48875  0.11642E+00  -0.97265E-02   0.33461E-01       8.35
   64    119.73   -0.49587  0.11567E+00  -0.91466E-02   0.31904E-01       7.91
   65    120.20   -0.50294  0.11495E+00  -0.85669E-02   0.30345E-01       7.45
   66    120.66   -0.50999  0.11425E+00  -0.79875E-02   0.28784E-01       6.99
   67    121.13   -0.51700  0.11358E+00  -0.74084E-02   0.27221E-01       6.52
   68    121.60   -0.52398  0.11292E+00  -0.68297E-02   0.25654E-01       6.05
   69    122.07   -0.53092  0.11229E+00  -0.62515E-02   0.24084E-01       5.57
   70    122.54   -0.53783  0.11169E+00  -0.56739E-02   0.22509E-01       5.08
   71    123.00   -0.54470  0.11110E+00  -0.50969E-02   0.20929E-01       4.59
   72    123.47   -0.55153  0.11053E+00  -0.45206E-02   0.19344E-01       4.09
   73    123.94   -0.55833  0.10999E+00  -0.39453E-02   0.17753E-01       3.59
   74    124.41   -0.56509  0.10947E+00  -0.33710E-02   0.16156E-01       3.08
   75    124.88   -0.57181  0.10897E+00  -0.27979E-02   0.14552E-01       2.57
   76    125.34   -0.57849  0.10849E+00  -0.22261E-02   0.12941E-01       2.05
   77    125.81   -0.58514  0.10803E+00  -0.16559E-02   0.11323E-01       1.53
   78    126.28   -0.59174  0.10759E+00  -0.10874E-02   0.96962E-02       1.01
   79    126.75   -0.59831  0.10717E+00  -0.52090E-03   0.80614E-02       0.49
   80    127.22   -0.60484  0.10677E+00   0.43434E-04   0.64180E-02      -0.04
   81    127.69   -0.61132  0.10639E+00   0.60534E-03   0.47658E-02      -0.57
   82    128.15   -0.61777  0.10603E+00   0.11646E-02   0.31044E-02      -1.10
   83    128.62   -0.62417  0.10570E+00   0.17208E-02   0.14336E-02      -1.63
   84    129.09   -0.63054  0.10538E+00   0.22739E-02  -0.24682E-03      -2.16
   85    129.56   -0.63686  0.10508E+00   0.28234E-02  -0.19371E-02      -2.69
   86    130.03   -0.64313  0.10480E+00   0.33691E-02  -0.36373E-02      -3.21
   87    130.49   -0.64937  0.10454E+00   0.39107E-02  -0.53477E-02      -3.74
   88    130.96   -0.65556  0.10431E+00   0.44477E-02  -0.70684E-02      -4.26
   89    131.43   -0.66171  0.10409E+00   0.49800E-02  -0.87995E-02      -4.78
   90    131.90   -0.66781  0.10389E+00   0.55071E-02  -0.10541E-01      -5.30
   91    132.37   -0.67387  0.10371E+00   0.60286E-02  -0.12293E-01      -5.81
   92    132.83   -0.67989  0.10355E+00   0.65442E-02  -0.14055E-01      -6.32
   93    133.30   -0.68586  0.10341E+00   0.70535E-02  -0.15828E-01      -6.82
   94    133.77   -0.69178  0.10330E+00   0.75561E-02  -0.17612E-01      -7.31
   95    134.24   -0.69766  0.10320E+00   0.80516E-02  -0.19406E-01      -7.80
   96    134.71   -0.70349  0.10312E+00   0.85396E-02  -0.21210E-01      -8.28
   97    135.18   -0.70927  0.10306E+00   0.90196E-02  -0.23024E-01      -8.75
   98    135.64   -0.71501  0.10303E+00   0.94913E-02  -0.24849E-01      -9.21
   99    136.11   -0.72069  0.10301E+00   0.99542E-02  -0.26683E-01      -9.66
  100    136.58   -0.72633  0.10301E+00   0.10408E-01  -0.28527E-01     -10.10
  101    137.05   -0.73193  0.10304E+00   0.10852E-01  -0.30380E-01     -10.53
  102    137.52   -0.73747  0.10308E+00   0.11286E-01  -0.32242E-01     -10.95
  103    137.98   -0.74296  0.10315E+00   0.11709E-01  -0.34114E-01     -11.35
  104    138.45   -0.74841  0.10323E+00   0.12121E-01  -0.35994E-01     -11.74
  105    138.92   -0.75380  0.10334E+00   0.12522E-01  -0.37882E-01     -12.12
  106    139.39   -0.75914  0.10347E+00   0.12911E-01  -0.39778E-01     -12.48
  107    139.86   -0.76444  0.10362E+00   0.13287E-01  -0.41681E-01     -12.82
  108    140.33   -0.76968  0.10379E+00   0.13651E-01  -0.43591E-01     -13.15
  109    140.79   -0.77487  0.10398E+00   0.14001E-01  -0.45508E-01     -13.47
  110    141.26   -0.78001  0.10419E+00   0.14338E-01  -0.47431E-01     -13.76
  111    141.73   -0.78509  0.10443E+00   0.14660E-01  -0.49360E-01     -14.04
  112    142.20   -0.79013  0.10468E+00   0.14968E-01  -0.51293E-01     -14.30
  113    142.67   -0.79511  0.10496E+00   0.15261E-01  -0.53231E-01     -14.54
  114    143.13   -0.80004  0.10526E+00   0.15539E-01  -0.55173E-01     -14.76
  115    143.60   -0.80491  0.10558E+00   0.15801E-01  -0.57119E-01     -14.97
  116    144.07   -0.80974  0.10592E+00   0.16046E-01  -0.59066E-01     -15.15
  117    144.54   -0.81450  0.10628E+00   0.16275E-01  -0.61016E-01     -15.31
  118    145.01   -0.81922  0.10667E+00   0.16487E-01  -0.62967E-01     -15.46
  119    145.47   -0.82387  0.10707E+00   0.16682E-01  -0.64919E-01     -15.58
  120    145.94   -0.82848  0.10750E+00   0.16860E-01  -0.66871E-01     -15.68
  121    146.41   -0.83303  0.10795E+00   0.17019E-01  -0.68821E-01     -15.77
  122    146.88   -0.83752  0.10842E+00   0.17161E-01  -0.70770E-01     -15.83
  123    147.35   -0.84195  0.10891E+00   0.17284E-01  -0.72717E-01     -15.87
  124    147.82   -0.84634  0.10942E+00   0.17388E-01  -0.74660E-01     -15.89
  125    148.28   -0.85066  0.10995E+00   0.17473E-01  -0.76600E-01     -15.89
  126    148.75   -0.85493  0.11051E+00   0.17540E-01  -0.78534E-01     -15.87
  127    149.22   -0.85914  0.11108E+00   0.17587E-01  -0.80463E-01     -15.83
  128    149.69   -0.86329  0.11167E+00   0.17615E-01  -0.82385E-01     -15.77
  129    150.16   -0.86738  0.11229E+00   0.17624E-01  -0.84300E-01     -15.70
  130    150.62   -0.87142  0.11292E+00   0.17613E-01  -0.86206E-01     -15.60
  131    151.09   -0.87540  0.11357E+00   0.17583E-01  -0.88104E-01     -15.48
  132    151.56   -0.87932  0.11425E+00   0.17533E-01  -0.89991E-01     -15.35
  133    152.03   -0.88318  0.11494E+00   0.17464E-01  -0.91867E-01     -15.19
  134    152.50   -0.88698  0.11565E+00   0.17376E-01  -0.93731E-01     -15.03
  135    152.96   -0.89073  0.11637E+00   0.17268E-01  -0.95583E-01     -14.84
  136    153.43   -0.89441  0.11712E+00   0.17142E-01  -0.97420E-01     -14.64
  137    153.90   -0.89804  0.11788E+00   0.16996E-01  -0.99243E-01     -14.42
  138    154.37   -0.90160  0.11865E+00   0.16832E-01  -0.10105E+00     -14.19
  139    154.84   -0.90510  0.11945E+00   0.16650E-01  -0.10284E+00     -13.94
  140    155.31   -0.90855  0.12025E+00   0.16449E-01  -0.10462E+00     -13.68
  141    155.77   -0.91193  0.12108E+00   0.16231E-01  -0.10637E+00     -13.41
  142    156.24   -0.91525  0.12191E+00   0.15996E-01  -0.10811E+00     -13.12
  143    156.71   -0.91851  0.12276E+00   0.15744E-01  -0.10982E+00     -12.83
  144    157.18   -0.92171  0.12362E+00   0.15475E-01  -0.11152E+00     -12.52
  145    157.65   -0.92485  0.12449E+00   0.15191E-01  -0.11319E+00     -12.20
  146    158.11   -0.92793  0.12537E+00   0.14891E-01  -0.11485E+00     -11.88
  147    158.58   -0.93094  0.12626E+00   0.14577E-01  -0.11647E+00     -11.55
  148    159.05   -0.93390  0.12716E+00   0.14249E-01  -0.11808E+00     -11.21
  149    159.52   -0.93679  0.12806E+00   0.13907E-01  -0.11966E+00     -10.86
  150    159.99   -0.93961  0.12897E+00   0.13553E-01  -0.12121E+00     -10.51
  151    160.46   -0.94238  0.12989E+00   0.13188E-01  -0.12273E+00     -10.15
  152    160.92   -0.94508  0.13081E+00   0.12811E-01  -0.12423E+00      -9.79
  153    161.39   -0.94772  0.13173E+00   0.12424E-01  -0.12570E+00      -9.43
  154    161.86   -0.95030  0.13266E+00   0.12027E-01  -0.12715E+00      -9.07
  155    162.33   -0.95281  0.13358E+00   0.11623E-01  -0.12856E+00      -8.70
  156    162.80   -0.95526  0.13451E+00   0.11211E-01  -0.12994E+00      -8.33
  157    163.26   -0.95764  0.13543E+00   0.10792E-01  -0.13129E+00      -7.97
  158    163.73   -0.95996  0.13635E+00   0.10368E-01  -0.13261E+00      -7.60
  159    164.20   -0.96222  0.13726E+00   0.99389E-02  -0.13390E+00      -7.24
  160    164.67   -0.96441  0.13817E+00   0.95068E-02  -0.13516E+00      -6.88
  161    165.14   -0.96654  0.13907E+00   0.90721E-02  -0.13638E+00      -6.52
  162    165.60   -0.96860  0.13996E+00   0.86362E-02  -0.13757E+00      -6.17
  163    166.07   -0.97060  0.14084E+00   0.81999E-02  -0.13873E+00      -5.82
  164    166.54   -0.97254  0.14171E+00   0.77644E-02  -0.13985E+00      -5.48
  165    167.01   -0.97440  0.14256E+00   0.73309E-02  -0.14094E+00      -5.14
  166    167.48   -0.97621  0.14341E+00   0.69003E-02  -0.14199E+00      -4.81
  167    167.95   -0.97795  0.14423E+00   0.64739E-02  -0.14300E+00      -4.49
  168    168.41   -0.97962  0.14504E+00   0.60526E-02  -0.14398E+00      -4.17
  169    168.88   -0.98123  0.14583E+00   0.56377E-02  -0.14492E+00      -3.87
  170    169.35   -0.98277  0.14660E+00   0.52302E-02  -0.14583E+00      -3.57
  171    169.82   -0.98425  0.14734E+00   0.48311E-02  -0.14670E+00      -3.28
  172    170.29   -0.98566  0.14807E+00   0.44415E-02  -0.14753E+00      -3.00
  173    170.75   -0.98701  0.14877E+00   0.40625E-02  -0.14832E+00      -2.73
  174    171.22   -0.98829  0.14944E+00   0.36950E-02  -0.14908E+00      -2.47
  175    171.69   -0.98950  0.15009E+00   0.33402E-02  -0.14980E+00      -2.23
  176    172.16   -0.99065  0.15071E+00   0.29988E-02  -0.15048E+00      -1.99
  177    172.63   -0.99173  0.15130E+00   0.26720E-02  -0.15112E+00      -1.77
  178    173.09   -0.99275  0.15186E+00   0.23605E-02  -0.15172E+00      -1.55
  179    173.56   -0.99370  0.15239E+00   0.20652E-02  -0.15228E+00      -1.36
  180    174.03   -0.99458  0.15289E+00   0.17870E-02  -0.15281E+00      -1.17
  181    174.50   -0.99539  0.15335E+00   0.15265E-02  -0.15329E+00      -1.00
  182    174.97   -0.99614  0.15378E+00   0.12846E-02  -0.15374E+00      -0.84
  183    175.44   -0.99683  0.15417E+00   0.10619E-02  -0.15414E+00      -0.69
  184    175.90   -0.99744  0.15453E+00   0.85909E-03  -0.15451E+00      -0.56
  185    176.37   -0.99799  0.15485E+00   0.67666E-03  -0.15484E+00      -0.44
  186    176.84   -0.99848  0.15513E+00   0.51514E-03  -0.15513E+00      -0.33
  187    177.31   -0.99890  0.15538E+00   0.37500E-03  -0.15538E+00      -0.24
  188    177.78   -0.99925  0.15559E+00   0.25664E-03  -0.15558E+00      -0.16
  189    178.24   -0.99953  0.15575E+00   0.16038E-03  -0.15575E+00      -0.10
  190    178.71   -0.99975  0.15588E+00   0.86516E-04  -0.15588E+00      -0.06
  191    179.18   -0.99990  0.15597E+00   0.35241E-04  -0.15597E+00      -0.02
  192    179.64   -0.99998  0.15602E+00   0.66924E-05  -0.15602E+00      -0.00
  193    180.00   -1.00000  0.15603E+00   0.00000E+00  -0.15603E+00      -0.00

