 alpha final =    770.00000000000000     

     granulo :  rn =  1.0  rm = 0.56  ln sig =  0.266  pour r <  50. mic.
     ======================================================================

                    longueur d onde :  0.413 microns
                    ================================

     indice reel :   1.61000     indice imaginaire : -0.30000E-01


                    nombre de particules :  0.10025E+01

       Sections d extinction et de diffusion ramenees a une particule :
       ----------------------------------------------------------------
     extinction :  0.27466E+01 mic**2     diffusion :  0.17914E+01 mic**2

            Pizero : 0.652253                 g.assymetrie : 0.81110

 ------------------------------------------------------------------------------
   j      theta       mu         i             q             u         -q/i*100
 ------------------------------------------------------------------------------
 -193      0.00    1.00000  0.10213E+03   0.00000E+00   0.10213E+03      -0.00
 -192      0.36    0.99998  0.10196E+03   0.72919E-03   0.10196E+03      -0.00
 -191      0.82    0.99990  0.10125E+03   0.38156E-02   0.10125E+03      -0.00
 -190      1.29    0.99975  0.99986E+02   0.92616E-02   0.99986E+02      -0.01
 -189      1.76    0.99953  0.98189E+02   0.16890E-01   0.98189E+02      -0.02
 -188      2.22    0.99925  0.95892E+02   0.26452E-01   0.95891E+02      -0.03
 -187      2.69    0.99890  0.93136E+02   0.37638E-01   0.93134E+02      -0.04
 -186      3.16    0.99848  0.89968E+02   0.50092E-01   0.89964E+02      -0.06
 -185      3.63    0.99799  0.86441E+02   0.63419E-01   0.86433E+02      -0.07
 -184      4.10    0.99744  0.82610E+02   0.77206E-01   0.82599E+02      -0.09
 -183      4.56    0.99683  0.78536E+02   0.91033E-01   0.78519E+02      -0.12
 -182      5.03    0.99614  0.74278E+02   0.10448E+00   0.74254E+02      -0.14
 -181      5.50    0.99539  0.69894E+02   0.11717E+00   0.69862E+02      -0.17
 -180      5.97    0.99458  0.65442E+02   0.12872E+00   0.65400E+02      -0.20
 -179      6.44    0.99370  0.60975E+02   0.13882E+00   0.60921E+02      -0.23
 -178      6.91    0.99275  0.56542E+02   0.14720E+00   0.56476E+02      -0.26
 -177      7.37    0.99173  0.52190E+02   0.15364E+00   0.52109E+02      -0.29
 -176      7.84    0.99065  0.47955E+02   0.15798E+00   0.47859E+02      -0.33
 -175      8.31    0.98950  0.43873E+02   0.16011E+00   0.43761E+02      -0.36
 -174      8.78    0.98829  0.39970E+02   0.16000E+00   0.39841E+02      -0.40
 -173      9.25    0.98701  0.36269E+02   0.15765E+00   0.36123E+02      -0.43
 -172      9.71    0.98566  0.32785E+02   0.15311E+00   0.32622E+02      -0.47
 -171     10.18    0.98425  0.29529E+02   0.14650E+00   0.29349E+02      -0.50
 -170     10.65    0.98277  0.26508E+02   0.13796E+00   0.26312E+02      -0.52
 -169     11.12    0.98123  0.23722E+02   0.12766E+00   0.23511E+02      -0.54
 -168     11.59    0.97962  0.21171E+02   0.11579E+00   0.20946E+02      -0.55
 -167     12.05    0.97795  0.18849E+02   0.10258E+00   0.18610E+02      -0.54
 -166     12.52    0.97621  0.16747E+02   0.88248E-01   0.16497E+02      -0.53
 -165     12.99    0.97440  0.14857E+02   0.73027E-01   0.14596E+02      -0.49
 -164     13.46    0.97254  0.13165E+02   0.57148E-01   0.12896E+02      -0.43
 -163     13.93    0.97060  0.11660E+02   0.40835E-01   0.11384E+02      -0.35
 -162     14.40    0.96860  0.10327E+02   0.24304E-01   0.10047E+02      -0.24
 -161     14.86    0.96654  0.91533E+01   0.77535E-02   0.88697E+01      -0.08
 -160     15.33    0.96441  0.81242E+01  -0.86301E-02   0.78390E+01       0.11
 -159     15.80    0.96222  0.72260E+01  -0.24681E-01   0.69409E+01       0.34
 -158     16.27    0.95996  0.64456E+01  -0.40252E-01   0.61619E+01       0.62
 -157     16.74    0.95764  0.57702E+01  -0.55216E-01   0.54894E+01       0.96
 -156     17.20    0.95526  0.51877E+01  -0.69466E-01   0.49110E+01       1.34
 -155     17.67    0.95281  0.46871E+01  -0.82916E-01   0.44156E+01       1.77
 -154     18.14    0.95030  0.42580E+01  -0.95496E-01   0.39926E+01       2.24
 -153     18.61    0.94772  0.38909E+01  -0.10716E+00   0.36324E+01       2.75
 -152     19.08    0.94508  0.35774E+01  -0.11787E+00   0.33265E+01       3.29
 -151     19.54    0.94238  0.33098E+01  -0.12761E+00   0.30670E+01       3.86
 -150     20.01    0.93961  0.30813E+01  -0.13637E+00   0.28469E+01       4.43
 -149     20.48    0.93679  0.28859E+01  -0.14417E+00   0.26602E+01       5.00
 -148     20.95    0.93390  0.27183E+01  -0.15102E+00   0.25013E+01       5.56
 -147     21.42    0.93094  0.25740E+01  -0.15694E+00   0.23658E+01       6.10
 -146     21.89    0.92793  0.24490E+01  -0.16198E+00   0.22494E+01       6.61
 -145     22.35    0.92485  0.23399E+01  -0.16616E+00   0.21488E+01       7.10
 -144     22.82    0.92171  0.22439E+01  -0.16954E+00   0.20610E+01       7.56
 -143     23.29    0.91851  0.21586E+01  -0.17217E+00   0.19836E+01       7.98
 -142     23.76    0.91525  0.20820E+01  -0.17409E+00   0.19145E+01       8.36
 -141     24.23    0.91193  0.20125E+01  -0.17535E+00   0.18521E+01       8.71
 -140     24.69    0.90855  0.19486E+01  -0.17601E+00   0.17948E+01       9.03
 -139     25.16    0.90510  0.18893E+01  -0.17613E+00   0.17417E+01       9.32
 -138     25.63    0.90160  0.18336E+01  -0.17574E+00   0.16918E+01       9.58
 -137     26.10    0.89804  0.17811E+01  -0.17490E+00   0.16445E+01       9.82
 -136     26.57    0.89441  0.17309E+01  -0.17366E+00   0.15992E+01      10.03
 -135     27.04    0.89073  0.16829E+01  -0.17207E+00   0.15554E+01      10.22
 -134     27.50    0.88698  0.16366E+01  -0.17016E+00   0.15130E+01      10.40
 -133     27.97    0.88318  0.15918E+01  -0.16798E+00   0.14716E+01      10.55
 -132     28.44    0.87932  0.15483E+01  -0.16558E+00   0.14313E+01      10.69
 -131     28.91    0.87540  0.15061E+01  -0.16298E+00   0.13918E+01      10.82
 -130     29.38    0.87142  0.14651E+01  -0.16021E+00   0.13531E+01      10.94
 -129     29.84    0.86738  0.14252E+01  -0.15732E+00   0.13152E+01      11.04
 -128     30.31    0.86329  0.13864E+01  -0.15432E+00   0.12781E+01      11.13
 -127     30.78    0.85914  0.13486E+01  -0.15125E+00   0.12419E+01      11.22
 -126     31.25    0.85493  0.13120E+01  -0.14813E+00   0.12065E+01      11.29
 -125     31.72    0.85066  0.12765E+01  -0.14497E+00   0.11720E+01      11.36
 -124     32.18    0.84634  0.12420E+01  -0.14180E+00   0.11384E+01      11.42
 -123     32.65    0.84195  0.12086E+01  -0.13863E+00   0.11058E+01      11.47
 -122     33.12    0.83752  0.11764E+01  -0.13547E+00   0.10742E+01      11.52
 -121     33.59    0.83303  0.11452E+01  -0.13235E+00   0.10435E+01      11.56
 -120     34.06    0.82848  0.11151E+01  -0.12926E+00   0.10139E+01      11.59
 -119     34.53    0.82387  0.10862E+01  -0.12622E+00   0.98524E+00      11.62
 -118     34.99    0.81922  0.10583E+01  -0.12324E+00   0.95763E+00      11.65
 -117     35.46    0.81450  0.10314E+01  -0.12031E+00   0.93105E+00      11.66
 -116     35.93    0.80974  0.10056E+01  -0.11745E+00   0.90546E+00      11.68
 -115     36.40    0.80491  0.98078E+00  -0.11466E+00   0.88088E+00      11.69
 -114     36.87    0.80004  0.95696E+00  -0.11193E+00   0.85726E+00      11.70
 -113     37.33    0.79511  0.93409E+00  -0.10928E+00   0.83459E+00      11.70
 -112     37.80    0.79013  0.91214E+00  -0.10669E+00   0.81284E+00      11.70
 -111     38.27    0.78509  0.89108E+00  -0.10418E+00   0.79199E+00      11.69
 -110     38.74    0.78001  0.87086E+00  -0.10173E+00   0.77199E+00      11.68
 -109     39.21    0.77487  0.85147E+00  -0.99345E-01   0.75281E+00      11.67
 -108     39.67    0.76968  0.83285E+00  -0.97022E-01   0.73442E+00      11.65
 -107     40.14    0.76444  0.81497E+00  -0.94758E-01   0.71677E+00      11.63
 -106     40.61    0.75914  0.79779E+00  -0.92549E-01   0.69984E+00      11.60
 -105     41.08    0.75380  0.78128E+00  -0.90390E-01   0.68359E+00      11.57
 -104     41.55    0.74841  0.76541E+00  -0.88280E-01   0.66797E+00      11.53
 -103     42.02    0.74296  0.75012E+00  -0.86212E-01   0.65295E+00      11.49
 -102     42.48    0.73747  0.73541E+00  -0.84183E-01   0.63850E+00      11.45
 -101     42.95    0.73193  0.72122E+00  -0.82189E-01   0.62458E+00      11.40
 -100     43.42    0.72633  0.70753E+00  -0.80226E-01   0.61115E+00      11.34
  -99     43.89    0.72069  0.69431E+00  -0.78290E-01   0.59820E+00      11.28
  -98     44.36    0.71501  0.68152E+00  -0.76377E-01   0.58568E+00      11.21
  -97     44.82    0.70927  0.66916E+00  -0.74485E-01   0.57357E+00      11.13
  -96     45.29    0.70349  0.65717E+00  -0.72610E-01   0.56184E+00      11.05
  -95     45.76    0.69766  0.64556E+00  -0.70750E-01   0.55047E+00      10.96
  -94     46.23    0.69178  0.63428E+00  -0.68902E-01   0.53943E+00      10.86
  -93     46.70    0.68586  0.62332E+00  -0.67065E-01   0.52870E+00      10.76
  -92     47.17    0.67989  0.61267E+00  -0.65236E-01   0.51827E+00      10.65
  -91     47.63    0.67387  0.60230E+00  -0.63415E-01   0.50811E+00      10.53
  -90     48.10    0.66781  0.59219E+00  -0.61601E-01   0.49821E+00      10.40
  -89     48.57    0.66171  0.58234E+00  -0.59794E-01   0.48855E+00      10.27
  -88     49.04    0.65556  0.57273E+00  -0.57993E-01   0.47911E+00      10.13
  -87     49.51    0.64937  0.56334E+00  -0.56200E-01   0.46990E+00       9.98
  -86     49.97    0.64313  0.55417E+00  -0.54414E-01   0.46088E+00       9.82
  -85     50.44    0.63686  0.54520E+00  -0.52638E-01   0.45206E+00       9.65
  -84     50.91    0.63054  0.53643E+00  -0.50871E-01   0.44343E+00       9.48
  -83     51.38    0.62417  0.52785E+00  -0.49117E-01   0.43497E+00       9.31
  -82     51.85    0.61777  0.51945E+00  -0.47376E-01   0.42669E+00       9.12
  -81     52.31    0.61132  0.51122E+00  -0.45650E-01   0.41856E+00       8.93
  -80     52.78    0.60484  0.50316E+00  -0.43941E-01   0.41060E+00       8.73
  -79     53.25    0.59831  0.49527E+00  -0.42252E-01   0.40279E+00       8.53
  -78     53.72    0.59174  0.48754E+00  -0.40584E-01   0.39513E+00       8.32
  -77     54.19    0.58514  0.47996E+00  -0.38939E-01   0.38761E+00       8.11
  -76     54.66    0.57849  0.47253E+00  -0.37320E-01   0.38024E+00       7.90
  -75     55.12    0.57181  0.46526E+00  -0.35728E-01   0.37301E+00       7.68
  -74     55.59    0.56509  0.45813E+00  -0.34164E-01   0.36592E+00       7.46
  -73     56.06    0.55833  0.45114E+00  -0.32630E-01   0.35896E+00       7.23
  -72     56.53    0.55153  0.44429E+00  -0.31128E-01   0.35213E+00       7.01
  -71     57.00    0.54470  0.43758E+00  -0.29658E-01   0.34544E+00       6.78
  -70     57.46    0.53783  0.43101E+00  -0.28221E-01   0.33887E+00       6.55
  -69     57.93    0.53092  0.42456E+00  -0.26818E-01   0.33243E+00       6.32
  -68     58.40    0.52398  0.41825E+00  -0.25449E-01   0.32611E+00       6.08
  -67     58.87    0.51700  0.41207E+00  -0.24114E-01   0.31992E+00       5.85
  -66     59.34    0.50999  0.40601E+00  -0.22813E-01   0.31385E+00       5.62
  -65     59.80    0.50294  0.40007E+00  -0.21546E-01   0.30789E+00       5.39
  -64     60.27    0.49587  0.39425E+00  -0.20311E-01   0.30206E+00       5.15
  -63     60.74    0.48875  0.38854E+00  -0.19108E-01   0.29633E+00       4.92
  -62     61.21    0.48161  0.38295E+00  -0.17937E-01   0.29072E+00       4.68
  -61     61.68    0.47443  0.37746E+00  -0.16795E-01   0.28521E+00       4.45
  -60     62.15    0.46723  0.37208E+00  -0.15682E-01   0.27981E+00       4.21
  -59     62.61    0.45999  0.36680E+00  -0.14596E-01   0.27451E+00       3.98
  -58     63.08    0.45272  0.36162E+00  -0.13536E-01   0.26930E+00       3.74
  -57     63.55    0.44542  0.35653E+00  -0.12501E-01   0.26420E+00       3.51
  -56     64.02    0.43809  0.35153E+00  -0.11489E-01   0.25918E+00       3.27
  -55     64.49    0.43073  0.34663E+00  -0.10499E-01   0.25426E+00       3.03
  -54     64.95    0.42334  0.34180E+00  -0.95302E-02   0.24941E+00       2.79
  -53     65.42    0.41592  0.33705E+00  -0.85805E-02   0.24466E+00       2.55
  -52     65.89    0.40848  0.33239E+00  -0.76492E-02   0.23997E+00       2.30
  -51     66.36    0.40101  0.32779E+00  -0.67355E-02   0.23537E+00       2.05
  -50     66.83    0.39351  0.32327E+00  -0.58384E-02   0.23084E+00       1.81
  -49     67.30    0.38598  0.31881E+00  -0.49574E-02   0.22637E+00       1.55
  -48     67.76    0.37843  0.31442E+00  -0.40918E-02   0.22198E+00       1.30
  -47     68.23    0.37086  0.31010E+00  -0.32413E-02   0.21765E+00       1.05
  -46     68.70    0.36326  0.30583E+00  -0.24056E-02   0.21338E+00       0.79
  -45     69.17    0.35563  0.30163E+00  -0.15845E-02   0.20917E+00       0.53
  -44     69.64    0.34798  0.29748E+00  -0.77815E-03   0.20502E+00       0.26
  -43     70.10    0.34031  0.29340E+00   0.13505E-04   0.20092E+00      -0.00
  -42     70.57    0.33262  0.28936E+00   0.79025E-03   0.19689E+00      -0.27
  -41     71.04    0.32490  0.28539E+00   0.15518E-02   0.19290E+00      -0.54
  -40     71.51    0.31716  0.28146E+00   0.22979E-02   0.18898E+00      -0.82
  -39     71.98    0.30941  0.27759E+00   0.30282E-02   0.18510E+00      -1.09
  -38     72.44    0.30163  0.27378E+00   0.37422E-02   0.18128E+00      -1.37
  -37     72.91    0.29383  0.27002E+00   0.44396E-02   0.17751E+00      -1.64
  -36     73.38    0.28601  0.26631E+00   0.51200E-02   0.17380E+00      -1.92
  -35     73.85    0.27817  0.26266E+00   0.57830E-02   0.17014E+00      -2.20
  -34     74.32    0.27031  0.25906E+00   0.64282E-02   0.16653E+00      -2.48
  -33     74.79    0.26243  0.25552E+00   0.70553E-02   0.16298E+00      -2.76
  -32     75.25    0.25454  0.25203E+00   0.76641E-02   0.15948E+00      -3.04
  -31     75.72    0.24663  0.24860E+00   0.82542E-02   0.15604E+00      -3.32
  -30     76.19    0.23871  0.24522E+00   0.88256E-02   0.15265E+00      -3.60
  -29     76.66    0.23076  0.24190E+00   0.93781E-02   0.14932E+00      -3.88
  -28     77.13    0.22281  0.23864E+00   0.99116E-02   0.14605E+00      -4.15
  -27     77.59    0.21483  0.23543E+00   0.10426E-01   0.14283E+00      -4.43
  -26     78.06    0.20685  0.23227E+00   0.10922E-01   0.13967E+00      -4.70
  -25     78.53    0.19885  0.22917E+00   0.11399E-01   0.13656E+00      -4.97
  -24     79.00    0.19083  0.22613E+00   0.11857E-01   0.13351E+00      -5.24
  -23     79.47    0.18280  0.22314E+00   0.12296E-01   0.13052E+00      -5.51
  -22     79.93    0.17477  0.22020E+00   0.12718E-01   0.12758E+00      -5.78
  -21     80.40    0.16671  0.21732E+00   0.13121E-01   0.12470E+00      -6.04
  -20     80.87    0.15865  0.21449E+00   0.13507E-01   0.12187E+00      -6.30
  -19     81.34    0.15058  0.21170E+00   0.13875E-01   0.11909E+00      -6.55
  -18     81.81    0.14250  0.20897E+00   0.14226E-01   0.11637E+00      -6.81
  -17     82.28    0.13441  0.20628E+00   0.14561E-01   0.11370E+00      -7.06
  -16     82.74    0.12631  0.20364E+00   0.14880E-01   0.11108E+00      -7.31
  -15     83.21    0.11820  0.20105E+00   0.15184E-01   0.10850E+00      -7.55
  -14     83.68    0.11008  0.19850E+00   0.15473E-01   0.10597E+00      -7.79
  -13     84.15    0.10195  0.19599E+00   0.15747E-01   0.10349E+00      -8.03
  -12     84.62    0.09382  0.19352E+00   0.16007E-01   0.10105E+00      -8.27
  -11     85.08    0.08569  0.19109E+00   0.16255E-01   0.98659E-01      -8.51
  -10     85.55    0.07754  0.18869E+00   0.16490E-01   0.96305E-01      -8.74
   -9     86.02    0.06939  0.18634E+00   0.16713E-01   0.93990E-01      -8.97
   -8     86.49    0.06124  0.18401E+00   0.16925E-01   0.91713E-01      -9.20
   -7     86.96    0.05308  0.18173E+00   0.17128E-01   0.89473E-01      -9.43
   -6     87.43    0.04492  0.17947E+00   0.17321E-01   0.87269E-01      -9.65
   -5     87.89    0.03676  0.17725E+00   0.17505E-01   0.85099E-01      -9.88
   -4     88.36    0.02859  0.17506E+00   0.17682E-01   0.82962E-01     -10.10
   -3     88.83    0.02043  0.17290E+00   0.17851E-01   0.80858E-01     -10.32
   -2     89.30    0.01226  0.17077E+00   0.18015E-01   0.78786E-01     -10.55
   -1     89.77    0.00409  0.16867E+00   0.18173E-01   0.76744E-01     -10.77
    0     90.00    0.00000  0.16764E+00   0.18250E-01   0.75735E-01     -10.89
    1     90.23   -0.00409  0.16661E+00   0.18326E-01   0.74733E-01     -11.00
    2     90.70   -0.01226  0.16457E+00   0.18476E-01   0.72751E-01     -11.23
    3     91.17   -0.02043  0.16257E+00   0.18622E-01   0.70799E-01     -11.45
    4     91.64   -0.02859  0.16060E+00   0.18765E-01   0.68876E-01     -11.68
    5     92.11   -0.03676  0.15865E+00   0.18906E-01   0.66982E-01     -11.92
    6     92.57   -0.04492  0.15674E+00   0.19044E-01   0.65117E-01     -12.15
    7     93.04   -0.05308  0.15487E+00   0.19181E-01   0.63281E-01     -12.39
    8     93.51   -0.06124  0.15302E+00   0.19315E-01   0.61473E-01     -12.62
    9     93.98   -0.06939  0.15121E+00   0.19448E-01   0.59694E-01     -12.86
   10     94.45   -0.07754  0.14943E+00   0.19579E-01   0.57943E-01     -13.10
   11     94.92   -0.08569  0.14768E+00   0.19708E-01   0.56222E-01     -13.34
   12     95.38   -0.09382  0.14596E+00   0.19834E-01   0.54529E-01     -13.59
   13     95.85   -0.10195  0.14428E+00   0.19957E-01   0.52866E-01     -13.83
   14     96.32   -0.11008  0.14263E+00   0.20076E-01   0.51232E-01     -14.08
   15     96.79   -0.11820  0.14101E+00   0.20192E-01   0.49626E-01     -14.32
   16     97.26   -0.12631  0.13942E+00   0.20302E-01   0.48050E-01     -14.56
   17     97.72   -0.13441  0.13786E+00   0.20407E-01   0.46503E-01     -14.80
   18     98.19   -0.14250  0.13633E+00   0.20506E-01   0.44985E-01     -15.04
   19     98.66   -0.15058  0.13484E+00   0.20598E-01   0.43496E-01     -15.28
   20     99.13   -0.15865  0.13337E+00   0.20683E-01   0.42035E-01     -15.51
   21     99.60   -0.16671  0.13192E+00   0.20759E-01   0.40603E-01     -15.74
   22    100.07   -0.17477  0.13051E+00   0.20826E-01   0.39199E-01     -15.96
   23    100.53   -0.18280  0.12912E+00   0.20884E-01   0.37823E-01     -16.17
   24    101.00   -0.19083  0.12775E+00   0.20933E-01   0.36475E-01     -16.39
   25    101.47   -0.19885  0.12641E+00   0.20972E-01   0.35153E-01     -16.59
   26    101.94   -0.20685  0.12509E+00   0.21000E-01   0.33859E-01     -16.79
   27    102.41   -0.21483  0.12379E+00   0.21019E-01   0.32590E-01     -16.98
   28    102.87   -0.22281  0.12252E+00   0.21028E-01   0.31347E-01     -17.16
   29    103.34   -0.23076  0.12126E+00   0.21028E-01   0.30129E-01     -17.34
   30    103.81   -0.23871  0.12003E+00   0.21018E-01   0.28936E-01     -17.51
   31    104.28   -0.24663  0.11881E+00   0.21000E-01   0.27767E-01     -17.68
   32    104.75   -0.25454  0.11761E+00   0.20974E-01   0.26621E-01     -17.83
   33    105.21   -0.26243  0.11643E+00   0.20942E-01   0.25497E-01     -17.99
   34    105.68   -0.27031  0.11527E+00   0.20903E-01   0.24396E-01     -18.13
   35    106.15   -0.27817  0.11413E+00   0.20859E-01   0.23317E-01     -18.28
   36    106.62   -0.28601  0.11301E+00   0.20812E-01   0.22258E-01     -18.42
   37    107.09   -0.29383  0.11191E+00   0.20762E-01   0.21220E-01     -18.55
   38    107.56   -0.30163  0.11082E+00   0.20709E-01   0.20202E-01     -18.69
   39    108.02   -0.30941  0.10976E+00   0.20656E-01   0.19204E-01     -18.82
   40    108.49   -0.31716  0.10871E+00   0.20603E-01   0.18224E-01     -18.95
   41    108.96   -0.32490  0.10769E+00   0.20551E-01   0.17262E-01     -19.08
   42    109.43   -0.33262  0.10668E+00   0.20501E-01   0.16319E-01     -19.22
   43    109.90   -0.34031  0.10570E+00   0.20454E-01   0.15393E-01     -19.35
   44    110.36   -0.34798  0.10474E+00   0.20409E-01   0.14484E-01     -19.49
   45    110.83   -0.35563  0.10379E+00   0.20369E-01   0.13592E-01     -19.62
   46    111.30   -0.36326  0.10287E+00   0.20332E-01   0.12716E-01     -19.76
   47    111.77   -0.37086  0.10197E+00   0.20299E-01   0.11857E-01     -19.91
   48    112.24   -0.37843  0.10109E+00   0.20270E-01   0.11014E-01     -20.05
   49    112.70   -0.38598  0.10024E+00   0.20244E-01   0.10186E-01     -20.20
   50    113.17   -0.39351  0.99399E-01   0.20223E-01   0.93731E-02     -20.34
   51    113.64   -0.40101  0.98583E-01   0.20204E-01   0.85757E-02     -20.49
   52    114.11   -0.40848  0.97786E-01   0.20188E-01   0.77933E-02     -20.64
   53    114.58   -0.41592  0.97010E-01   0.20174E-01   0.70257E-02     -20.80
   54    115.05   -0.42334  0.96252E-01   0.20161E-01   0.62728E-02     -20.95
   55    115.51   -0.43073  0.95514E-01   0.20149E-01   0.55344E-02     -21.10
   56    115.98   -0.43809  0.94793E-01   0.20137E-01   0.48104E-02     -21.24
   57    116.45   -0.44542  0.94090E-01   0.20123E-01   0.41007E-02     -21.39
   58    116.92   -0.45272  0.93403E-01   0.20109E-01   0.34051E-02     -21.53
   59    117.39   -0.45999  0.92733E-01   0.20091E-01   0.27237E-02     -21.67
   60    117.85   -0.46723  0.92079E-01   0.20071E-01   0.20562E-02     -21.80
   61    118.32   -0.47443  0.91440E-01   0.20047E-01   0.14027E-02     -21.92
   62    118.79   -0.48161  0.90816E-01   0.20020E-01   0.76307E-03     -22.04
   63    119.26   -0.48875  0.90206E-01   0.19988E-01   0.13724E-03     -22.16
   64    119.73   -0.49587  0.89610E-01   0.19951E-01  -0.47483E-03     -22.26
   65    120.20   -0.50294  0.89029E-01   0.19910E-01  -0.10732E-02     -22.36
   66    120.66   -0.50999  0.88461E-01   0.19863E-01  -0.16579E-02     -22.45
   67    121.13   -0.51700  0.87907E-01   0.19812E-01  -0.22291E-02     -22.54
   68    121.60   -0.52398  0.87367E-01   0.19757E-01  -0.27867E-02     -22.61
   69    122.07   -0.53092  0.86840E-01   0.19696E-01  -0.33308E-02     -22.68
   70    122.54   -0.53783  0.86328E-01   0.19632E-01  -0.38615E-02     -22.74
   71    123.00   -0.54470  0.85829E-01   0.19564E-01  -0.43790E-02     -22.79
   72    123.47   -0.55153  0.85346E-01   0.19493E-01  -0.48832E-02     -22.84
   73    123.94   -0.55833  0.84876E-01   0.19418E-01  -0.53743E-02     -22.88
   74    124.41   -0.56509  0.84422E-01   0.19341E-01  -0.58526E-02     -22.91
   75    124.88   -0.57181  0.83982E-01   0.19262E-01  -0.63180E-02     -22.94
   76    125.34   -0.57849  0.83558E-01   0.19181E-01  -0.67709E-02     -22.96
   77    125.81   -0.58514  0.83149E-01   0.19099E-01  -0.72115E-02     -22.97
   78    126.28   -0.59174  0.82755E-01   0.19015E-01  -0.76400E-02     -22.98
   79    126.75   -0.59831  0.82376E-01   0.18930E-01  -0.80569E-02     -22.98
   80    127.22   -0.60484  0.82013E-01   0.18844E-01  -0.84624E-02     -22.98
   81    127.69   -0.61132  0.81663E-01   0.18757E-01  -0.88570E-02     -22.97
   82    128.15   -0.61777  0.81329E-01   0.18668E-01  -0.92411E-02     -22.95
   83    128.62   -0.62417  0.81007E-01   0.18578E-01  -0.96152E-02     -22.93
   84    129.09   -0.63054  0.80700E-01   0.18486E-01  -0.99800E-02     -22.91
   85    129.56   -0.63686  0.80404E-01   0.18392E-01  -0.10336E-01     -22.87
   86    130.03   -0.64313  0.80120E-01   0.18295E-01  -0.10684E-01     -22.83
   87    130.49   -0.64937  0.79847E-01   0.18194E-01  -0.11024E-01     -22.79
   88    130.96   -0.65556  0.79584E-01   0.18089E-01  -0.11358E-01     -22.73
   89    131.43   -0.66171  0.79330E-01   0.17980E-01  -0.11686E-01     -22.66
   90    131.90   -0.66781  0.79084E-01   0.17864E-01  -0.12009E-01     -22.59
   91    132.37   -0.67387  0.78846E-01   0.17743E-01  -0.12327E-01     -22.50
   92    132.83   -0.67989  0.78614E-01   0.17613E-01  -0.12642E-01     -22.40
   93    133.30   -0.68586  0.78389E-01   0.17476E-01  -0.12954E-01     -22.29
   94    133.77   -0.69178  0.78169E-01   0.17330E-01  -0.13264E-01     -22.17
   95    134.24   -0.69766  0.77955E-01   0.17175E-01  -0.13573E-01     -22.03
   96    134.71   -0.70349  0.77746E-01   0.17009E-01  -0.13882E-01     -21.88
   97    135.18   -0.70927  0.77544E-01   0.16833E-01  -0.14191E-01     -21.71
   98    135.64   -0.71501  0.77349E-01   0.16646E-01  -0.14500E-01     -21.52
   99    136.11   -0.72069  0.77163E-01   0.16449E-01  -0.14811E-01     -21.32
  100    136.58   -0.72633  0.76987E-01   0.16240E-01  -0.15124E-01     -21.09
  101    137.05   -0.73193  0.76824E-01   0.16021E-01  -0.15438E-01     -20.85
  102    137.52   -0.73747  0.76677E-01   0.15792E-01  -0.15756E-01     -20.60
  103    137.98   -0.74296  0.76550E-01   0.15554E-01  -0.16076E-01     -20.32
  104    138.45   -0.74841  0.76447E-01   0.15308E-01  -0.16399E-01     -20.02
  105    138.92   -0.75380  0.76374E-01   0.15055E-01  -0.16724E-01     -19.71
  106    139.39   -0.75914  0.76336E-01   0.14797E-01  -0.17053E-01     -19.38
  107    139.86   -0.76444  0.76341E-01   0.14536E-01  -0.17384E-01     -19.04
  108    140.33   -0.76968  0.76397E-01   0.14276E-01  -0.17718E-01     -18.69
  109    140.79   -0.77487  0.76511E-01   0.14018E-01  -0.18053E-01     -18.32
  110    141.26   -0.78001  0.76694E-01   0.13767E-01  -0.18390E-01     -17.95
  111    141.73   -0.78509  0.76956E-01   0.13526E-01  -0.18728E-01     -17.58
  112    142.20   -0.79013  0.77307E-01   0.13299E-01  -0.19066E-01     -17.20
  113    142.67   -0.79511  0.77760E-01   0.13091E-01  -0.19403E-01     -16.84
  114    143.13   -0.80004  0.78326E-01   0.12908E-01  -0.19739E-01     -16.48
  115    143.60   -0.80491  0.79019E-01   0.12754E-01  -0.20073E-01     -16.14
  116    144.07   -0.80974  0.79850E-01   0.12635E-01  -0.20402E-01     -15.82
  117    144.54   -0.81450  0.80832E-01   0.12558E-01  -0.20727E-01     -15.54
  118    145.01   -0.81922  0.81978E-01   0.12528E-01  -0.21043E-01     -15.28
  119    145.47   -0.82387  0.83300E-01   0.12552E-01  -0.21351E-01     -15.07
  120    145.94   -0.82848  0.84808E-01   0.12635E-01  -0.21647E-01     -14.90
  121    146.41   -0.83303  0.86513E-01   0.12783E-01  -0.21928E-01     -14.78
  122    146.88   -0.83752  0.88422E-01   0.13002E-01  -0.22191E-01     -14.70
  123    147.35   -0.84195  0.90542E-01   0.13297E-01  -0.22432E-01     -14.69
  124    147.82   -0.84634  0.92877E-01   0.13672E-01  -0.22645E-01     -14.72
  125    148.28   -0.85066  0.95428E-01   0.14131E-01  -0.22826E-01     -14.81
  126    148.75   -0.85493  0.98193E-01   0.14676E-01  -0.22967E-01     -14.95
  127    149.22   -0.85914  0.10117E+00   0.15308E-01  -0.23062E-01     -15.13
  128    149.69   -0.86329  0.10434E+00   0.16028E-01  -0.23101E-01     -15.36
  129    150.16   -0.86738  0.10770E+00   0.16835E-01  -0.23075E-01     -15.63
  130    150.62   -0.87142  0.11123E+00   0.17725E-01  -0.22973E-01     -15.94
  131    151.09   -0.87540  0.11491E+00   0.18696E-01  -0.22784E-01     -16.27
  132    151.56   -0.87932  0.11871E+00   0.19740E-01  -0.22495E-01     -16.63
  133    152.03   -0.88318  0.12261E+00   0.20851E-01  -0.22093E-01     -17.01
  134    152.50   -0.88698  0.12657E+00   0.22022E-01  -0.21564E-01     -17.40
  135    152.96   -0.89073  0.13056E+00   0.23243E-01  -0.20894E-01     -17.80
  136    153.43   -0.89441  0.13454E+00   0.24504E-01  -0.20070E-01     -18.21
  137    153.90   -0.89804  0.13847E+00   0.25796E-01  -0.19078E-01     -18.63
  138    154.37   -0.90160  0.14231E+00   0.27107E-01  -0.17909E-01     -19.05
  139    154.84   -0.90510  0.14602E+00   0.28427E-01  -0.16552E-01     -19.47
  140    155.31   -0.90855  0.14956E+00   0.29749E-01  -0.15003E-01     -19.89
  141    155.77   -0.91193  0.15290E+00   0.31063E-01  -0.13260E-01     -20.32
  142    156.24   -0.91525  0.15600E+00   0.32363E-01  -0.11328E-01     -20.75
  143    156.71   -0.91851  0.15884E+00   0.33646E-01  -0.92161E-02     -21.18
  144    157.18   -0.92171  0.16139E+00   0.34908E-01  -0.69442E-02     -21.63
  145    157.65   -0.92485  0.16365E+00   0.36150E-01  -0.45394E-02     -22.09
  146    158.11   -0.92793  0.16561E+00   0.37376E-01  -0.20397E-02     -22.57
  147    158.58   -0.93094  0.16727E+00   0.38590E-01   0.50568E-03     -23.07
  148    159.05   -0.93390  0.16866E+00   0.39802E-01   0.30349E-02     -23.60
  149    159.52   -0.93679  0.16981E+00   0.41021E-01   0.54729E-02     -24.16
  150    159.99   -0.93961  0.17075E+00   0.42258E-01   0.77302E-02     -24.75
  151    160.46   -0.94238  0.17154E+00   0.43527E-01   0.97033E-02     -25.37
  152    160.92   -0.94508  0.17226E+00   0.44840E-01   0.11274E-01     -26.03
  153    161.39   -0.94772  0.17298E+00   0.46210E-01   0.12310E-01     -26.71
  154    161.86   -0.95030  0.17380E+00   0.47646E-01   0.12666E-01     -27.41
  155    162.33   -0.95281  0.17483E+00   0.49157E-01   0.12183E-01     -28.12
  156    162.80   -0.95526  0.17619E+00   0.50746E-01   0.10693E-01     -28.80
  157    163.26   -0.95764  0.17802E+00   0.52413E-01   0.80198E-02     -29.44
  158    163.73   -0.95996  0.18044E+00   0.54151E-01   0.39799E-02     -30.01
  159    164.20   -0.96222  0.18363E+00   0.55949E-01  -0.16122E-02     -30.47
  160    164.67   -0.96441  0.18773E+00   0.57786E-01  -0.89412E-02     -30.78
  161    165.14   -0.96654  0.19292E+00   0.59638E-01  -0.18187E-01     -30.91
  162    165.60   -0.96860  0.19935E+00   0.61473E-01  -0.29522E-01     -30.84
  163    166.07   -0.97060  0.20721E+00   0.63250E-01  -0.43105E-01     -30.52
  164    166.54   -0.97254  0.21666E+00   0.64926E-01  -0.59075E-01     -29.97
  165    167.01   -0.97440  0.22785E+00   0.66453E-01  -0.77553E-01     -29.16
  166    167.48   -0.97621  0.24095E+00   0.67778E-01  -0.98630E-01     -28.13
  167    167.95   -0.97795  0.25609E+00   0.68847E-01  -0.12237E+00     -26.88
  168    168.41   -0.97962  0.27339E+00   0.69607E-01  -0.14879E+00     -25.46
  169    168.88   -0.98123  0.29296E+00   0.70006E-01  -0.17789E+00     -23.90
  170    169.35   -0.98277  0.31485E+00   0.69999E-01  -0.20961E+00     -22.23
  171    169.82   -0.98425  0.33911E+00   0.69543E-01  -0.24385E+00     -20.51
  172    170.29   -0.98566  0.36572E+00   0.68607E-01  -0.28047E+00     -18.76
  173    170.75   -0.98701  0.39465E+00   0.67168E-01  -0.31928E+00     -17.02
  174    171.22   -0.98829  0.42579E+00   0.65214E-01  -0.36004E+00     -15.32
  175    171.69   -0.98950  0.45900E+00   0.62749E-01  -0.40246E+00     -13.67
  176    172.16   -0.99065  0.49408E+00   0.59786E-01  -0.44622E+00     -12.10
  177    172.63   -0.99173  0.53075E+00   0.56356E-01  -0.49096E+00     -10.62
  178    173.09   -0.99275  0.56871E+00   0.52503E-01  -0.53626E+00      -9.23
  179    173.56   -0.99370  0.60758E+00   0.48284E-01  -0.58169E+00      -7.95
  180    174.03   -0.99458  0.64694E+00   0.43768E-01  -0.62679E+00      -6.77
  181    174.50   -0.99539  0.68632E+00   0.39038E-01  -0.67108E+00      -5.69
  182    174.97   -0.99614  0.72522E+00   0.34183E-01  -0.71406E+00      -4.71
  183    175.44   -0.99683  0.76311E+00   0.29301E-01  -0.75524E+00      -3.84
  184    175.90   -0.99744  0.79942E+00   0.24494E-01  -0.79413E+00      -3.06
  185    176.37   -0.99799  0.83362E+00   0.19865E-01  -0.83025E+00      -2.38
  186    176.84   -0.99848  0.86515E+00   0.15518E-01  -0.86316E+00      -1.79
  187    177.31   -0.99890  0.89349E+00   0.11550E-01  -0.89242E+00      -1.29
  188    177.78   -0.99925  0.91817E+00   0.80534E-02  -0.91765E+00      -0.88
  189    178.24   -0.99953  0.93874E+00   0.51097E-02  -0.93853E+00      -0.54
  190    178.71   -0.99975  0.95484E+00   0.27884E-02  -0.95478E+00      -0.29
  191    179.18   -0.99990  0.96618E+00   0.11449E-02  -0.96617E+00      -0.12
  192    179.64   -0.99998  0.97255E+00   0.21840E-03  -0.97255E+00      -0.02
  193    180.00   -1.00000  0.97405E+00   0.00000E+00  -0.97405E+00      -0.00

