 alpha final =    586.00000000000000     

     granulo :  rn =  1.0  rm = 0.15  ln sig =  0.290  pour r <  50. mic.
     ======================================================================

                    longueur d onde :  0.545 microns
                    ================================

     indice reel :   1.45000     indice imaginaire : -0.35000E-02


                    nombre de particules :  0.10000E+01

       Sections d extinction et de diffusion ramenees a une particule :
       ----------------------------------------------------------------
     extinction :  0.13388E+00 mic**2     diffusion :  0.13124E+00 mic**2

            Pizero : 0.980288                 g.assymetrie : 0.67787

 ------------------------------------------------------------------------------
   j      theta       mu         i             q             u         -q/i*100
 ------------------------------------------------------------------------------
 -193      0.00    1.00000  0.80707E+01   0.00000E+00   0.80707E+01      -0.00
 -192      0.36    0.99998  0.80699E+01  -0.59711E-04   0.80699E+01       0.00
 -191      0.82    0.99990  0.80666E+01  -0.31449E-03   0.80666E+01       0.00
 -190      1.29    0.99975  0.80607E+01  -0.77233E-03   0.80607E+01       0.01
 -189      1.76    0.99953  0.80522E+01  -0.14324E-02   0.80522E+01       0.02
 -188      2.22    0.99925  0.80411E+01  -0.22936E-02   0.80411E+01       0.03
 -187      2.69    0.99890  0.80273E+01  -0.33541E-02   0.80273E+01       0.04
 -186      3.16    0.99848  0.80110E+01  -0.46118E-02   0.80110E+01       0.06
 -185      3.63    0.99799  0.79922E+01  -0.60644E-02   0.79922E+01       0.08
 -184      4.10    0.99744  0.79708E+01  -0.77091E-02   0.79708E+01       0.10
 -183      4.56    0.99683  0.79469E+01  -0.95427E-02   0.79469E+01       0.12
 -182      5.03    0.99614  0.79205E+01  -0.11562E-01   0.79205E+01       0.15
 -181      5.50    0.99539  0.78916E+01  -0.13762E-01   0.78916E+01       0.17
 -180      5.97    0.99458  0.78604E+01  -0.16140E-01   0.78603E+01       0.21
 -179      6.44    0.99370  0.78267E+01  -0.18690E-01   0.78267E+01       0.24
 -178      6.91    0.99275  0.77907E+01  -0.21409E-01   0.77907E+01       0.27
 -177      7.37    0.99173  0.77525E+01  -0.24290E-01   0.77523E+01       0.31
 -176      7.84    0.99065  0.77119E+01  -0.27329E-01   0.77117E+01       0.35
 -175      8.31    0.98950  0.76691E+01  -0.30519E-01   0.76689E+01       0.40
 -174      8.78    0.98829  0.76242E+01  -0.33856E-01   0.76239E+01       0.44
 -173      9.25    0.98701  0.75771E+01  -0.37331E-01   0.75768E+01       0.49
 -172      9.71    0.98566  0.75280E+01  -0.40940E-01   0.75276E+01       0.54
 -171     10.18    0.98425  0.74769E+01  -0.44676E-01   0.74764E+01       0.60
 -170     10.65    0.98277  0.74238E+01  -0.48531E-01   0.74233E+01       0.65
 -169     11.12    0.98123  0.73688E+01  -0.52500E-01   0.73682E+01       0.71
 -168     11.59    0.97962  0.73119E+01  -0.56574E-01   0.73112E+01       0.77
 -167     12.05    0.97795  0.72533E+01  -0.60746E-01   0.72525E+01       0.84
 -166     12.52    0.97621  0.71930E+01  -0.65009E-01   0.71920E+01       0.90
 -165     12.99    0.97440  0.71310E+01  -0.69356E-01   0.71299E+01       0.97
 -164     13.46    0.97254  0.70674E+01  -0.73780E-01   0.70661E+01       1.04
 -163     13.93    0.97060  0.70022E+01  -0.78271E-01   0.70009E+01       1.12
 -162     14.40    0.96860  0.69356E+01  -0.82823E-01   0.69341E+01       1.19
 -161     14.86    0.96654  0.68676E+01  -0.87428E-01   0.68659E+01       1.27
 -160     15.33    0.96441  0.67983E+01  -0.92079E-01   0.67964E+01       1.35
 -159     15.80    0.96222  0.67277E+01  -0.96767E-01   0.67255E+01       1.44
 -158     16.27    0.95996  0.66559E+01  -0.10149E+00   0.66535E+01       1.52
 -157     16.74    0.95764  0.65830E+01  -0.10623E+00   0.65803E+01       1.61
 -156     17.20    0.95526  0.65090E+01  -0.11098E+00   0.65060E+01       1.71
 -155     17.67    0.95281  0.64340E+01  -0.11574E+00   0.64307E+01       1.80
 -154     18.14    0.95030  0.63581E+01  -0.12050E+00   0.63545E+01       1.90
 -153     18.61    0.94772  0.62813E+01  -0.12526E+00   0.62774E+01       1.99
 -152     19.08    0.94508  0.62037E+01  -0.13000E+00   0.61994E+01       2.10
 -151     19.54    0.94238  0.61254E+01  -0.13472E+00   0.61208E+01       2.20
 -150     20.01    0.93961  0.60465E+01  -0.13940E+00   0.60414E+01       2.31
 -149     20.48    0.93679  0.59669E+01  -0.14406E+00   0.59614E+01       2.41
 -148     20.95    0.93390  0.58868E+01  -0.14867E+00   0.58809E+01       2.53
 -147     21.42    0.93094  0.58062E+01  -0.15323E+00   0.57998E+01       2.64
 -146     21.89    0.92793  0.57253E+01  -0.15774E+00   0.57184E+01       2.76
 -145     22.35    0.92485  0.56440E+01  -0.16218E+00   0.56366E+01       2.87
 -144     22.82    0.92171  0.55624E+01  -0.16656E+00   0.55544E+01       2.99
 -143     23.29    0.91851  0.54805E+01  -0.17087E+00   0.54721E+01       3.12
 -142     23.76    0.91525  0.53986E+01  -0.17510E+00   0.53895E+01       3.24
 -141     24.23    0.91193  0.53165E+01  -0.17925E+00   0.53068E+01       3.37
 -140     24.69    0.90855  0.52343E+01  -0.18330E+00   0.52241E+01       3.50
 -139     25.16    0.90510  0.51522E+01  -0.18727E+00   0.51413E+01       3.63
 -138     25.63    0.90160  0.50701E+01  -0.19114E+00   0.50586E+01       3.77
 -137     26.10    0.89804  0.49881E+01  -0.19490E+00   0.49759E+01       3.91
 -136     26.57    0.89441  0.49063E+01  -0.19856E+00   0.48934E+01       4.05
 -135     27.04    0.89073  0.48247E+01  -0.20212E+00   0.48111E+01       4.19
 -134     27.50    0.88698  0.47434E+01  -0.20556E+00   0.47291E+01       4.33
 -133     27.97    0.88318  0.46624E+01  -0.20888E+00   0.46473E+01       4.48
 -132     28.44    0.87932  0.45817E+01  -0.21208E+00   0.45658E+01       4.63
 -131     28.91    0.87540  0.45014E+01  -0.21517E+00   0.44848E+01       4.78
 -130     29.38    0.87142  0.44216E+01  -0.21813E+00   0.44041E+01       4.93
 -129     29.84    0.86738  0.43422E+01  -0.22096E+00   0.43239E+01       5.09
 -128     30.31    0.86329  0.42633E+01  -0.22367E+00   0.42442E+01       5.25
 -127     30.78    0.85914  0.41850E+01  -0.22624E+00   0.41651E+01       5.41
 -126     31.25    0.85493  0.41073E+01  -0.22869E+00   0.40865E+01       5.57
 -125     31.72    0.85066  0.40302E+01  -0.23100E+00   0.40085E+01       5.73
 -124     32.18    0.84634  0.39537E+01  -0.23318E+00   0.39312E+01       5.90
 -123     32.65    0.84195  0.38780E+01  -0.23522E+00   0.38545E+01       6.07
 -122     33.12    0.83752  0.38029E+01  -0.23714E+00   0.37785E+01       6.24
 -121     33.59    0.83303  0.37286E+01  -0.23891E+00   0.37033E+01       6.41
 -120     34.06    0.82848  0.36550E+01  -0.24055E+00   0.36288E+01       6.58
 -119     34.53    0.82387  0.35822E+01  -0.24206E+00   0.35551E+01       6.76
 -118     34.99    0.81922  0.35103E+01  -0.24343E+00   0.34821E+01       6.93
 -117     35.46    0.81450  0.34391E+01  -0.24467E+00   0.34100E+01       7.11
 -116     35.93    0.80974  0.33688E+01  -0.24578E+00   0.33388E+01       7.30
 -115     36.40    0.80491  0.32994E+01  -0.24675E+00   0.32684E+01       7.48
 -114     36.87    0.80004  0.32309E+01  -0.24759E+00   0.31989E+01       7.66
 -113     37.33    0.79511  0.31632E+01  -0.24830E+00   0.31303E+01       7.85
 -112     37.80    0.79013  0.30965E+01  -0.24889E+00   0.30626E+01       8.04
 -111     38.27    0.78509  0.30307E+01  -0.24935E+00   0.29958E+01       8.23
 -110     38.74    0.78001  0.29659E+01  -0.24968E+00   0.29300E+01       8.42
 -109     39.21    0.77487  0.29019E+01  -0.24989E+00   0.28651E+01       8.61
 -108     39.67    0.76968  0.28390E+01  -0.24998E+00   0.28011E+01       8.81
 -107     40.14    0.76444  0.27770E+01  -0.24995E+00   0.27382E+01       9.00
 -106     40.61    0.75914  0.27159E+01  -0.24980E+00   0.26762E+01       9.20
 -105     41.08    0.75380  0.26559E+01  -0.24954E+00   0.26151E+01       9.40
 -104     41.55    0.74841  0.25968E+01  -0.24916E+00   0.25551E+01       9.59
 -103     42.02    0.74296  0.25387E+01  -0.24868E+00   0.24960E+01       9.80
 -102     42.48    0.73747  0.24816E+01  -0.24809E+00   0.24380E+01      10.00
 -101     42.95    0.73193  0.24255E+01  -0.24740E+00   0.23809E+01      10.20
 -100     43.42    0.72633  0.23703E+01  -0.24660E+00   0.23248E+01      10.40
  -99     43.89    0.72069  0.23162E+01  -0.24571E+00   0.22697E+01      10.61
  -98     44.36    0.71501  0.22630E+01  -0.24472E+00   0.22156E+01      10.81
  -97     44.82    0.70927  0.22108E+01  -0.24364E+00   0.21625E+01      11.02
  -96     45.29    0.70349  0.21595E+01  -0.24247E+00   0.21103E+01      11.23
  -95     45.76    0.69766  0.21093E+01  -0.24121E+00   0.20592E+01      11.44
  -94     46.23    0.69178  0.20600E+01  -0.23987E+00   0.20090E+01      11.64
  -93     46.70    0.68586  0.20117E+01  -0.23845E+00   0.19598E+01      11.85
  -92     47.17    0.67989  0.19643E+01  -0.23695E+00   0.19116E+01      12.06
  -91     47.63    0.67387  0.19179E+01  -0.23537E+00   0.18643E+01      12.27
  -90     48.10    0.66781  0.18724E+01  -0.23373E+00   0.18180E+01      12.48
  -89     48.57    0.66171  0.18278E+01  -0.23202E+00   0.17726E+01      12.69
  -88     49.04    0.65556  0.17842E+01  -0.23024E+00   0.17282E+01      12.90
  -87     49.51    0.64937  0.17415E+01  -0.22840E+00   0.16847E+01      13.12
  -86     49.97    0.64313  0.16997E+01  -0.22650E+00   0.16421E+01      13.33
  -85     50.44    0.63686  0.16588E+01  -0.22455E+00   0.16005E+01      13.54
  -84     50.91    0.63054  0.16187E+01  -0.22254E+00   0.15597E+01      13.75
  -83     51.38    0.62417  0.15796E+01  -0.22048E+00   0.15198E+01      13.96
  -82     51.85    0.61777  0.15413E+01  -0.21838E+00   0.14809E+01      14.17
  -81     52.31    0.61132  0.15039E+01  -0.21623E+00   0.14427E+01      14.38
  -80     52.78    0.60484  0.14673E+01  -0.21404E+00   0.14055E+01      14.59
  -79     53.25    0.59831  0.14315E+01  -0.21181E+00   0.13691E+01      14.80
  -78     53.72    0.59174  0.13966E+01  -0.20955E+00   0.13335E+01      15.00
  -77     54.19    0.58514  0.13625E+01  -0.20726E+00   0.12988E+01      15.21
  -76     54.66    0.57849  0.13291E+01  -0.20493E+00   0.12648E+01      15.42
  -75     55.12    0.57181  0.12966E+01  -0.20258E+00   0.12317E+01      15.62
  -74     55.59    0.56509  0.12648E+01  -0.20020E+00   0.11994E+01      15.83
  -73     56.06    0.55833  0.12338E+01  -0.19780E+00   0.11678E+01      16.03
  -72     56.53    0.55153  0.12035E+01  -0.19539E+00   0.11370E+01      16.24
  -71     57.00    0.54470  0.11739E+01  -0.19295E+00   0.11069E+01      16.44
  -70     57.46    0.53783  0.11451E+01  -0.19050E+00   0.10776E+01      16.64
  -69     57.93    0.53092  0.11169E+01  -0.18804E+00   0.10490E+01      16.83
  -68     58.40    0.52398  0.10895E+01  -0.18556E+00   0.10211E+01      17.03
  -67     58.87    0.51700  0.10628E+01  -0.18308E+00   0.99395E+00      17.23
  -66     59.34    0.50999  0.10367E+01  -0.18059E+00   0.96745E+00      17.42
  -65     59.80    0.50294  0.10112E+01  -0.17810E+00   0.94162E+00      17.61
  -64     60.27    0.49587  0.98643E+00  -0.17561E+00   0.91645E+00      17.80
  -63     60.74    0.48875  0.96226E+00  -0.17311E+00   0.89193E+00      17.99
  -62     61.21    0.48161  0.93870E+00  -0.17062E+00   0.86804E+00      18.18
  -61     61.68    0.47443  0.91575E+00  -0.16813E+00   0.84478E+00      18.36
  -60     62.15    0.46723  0.89339E+00  -0.16564E+00   0.82212E+00      18.54
  -59     62.61    0.45999  0.87161E+00  -0.16317E+00   0.80005E+00      18.72
  -58     63.08    0.45272  0.85039E+00  -0.16070E+00   0.77857E+00      18.90
  -57     63.55    0.44542  0.82973E+00  -0.15824E+00   0.75766E+00      19.07
  -56     64.02    0.43809  0.80960E+00  -0.15579E+00   0.73730E+00      19.24
  -55     64.49    0.43073  0.79000E+00  -0.15335E+00   0.71749E+00      19.41
  -54     64.95    0.42334  0.77092E+00  -0.15093E+00   0.69821E+00      19.58
  -53     65.42    0.41592  0.75235E+00  -0.14852E+00   0.67946E+00      19.74
  -52     65.89    0.40848  0.73427E+00  -0.14613E+00   0.66121E+00      19.90
  -51     66.36    0.40101  0.71667E+00  -0.14376E+00   0.64346E+00      20.06
  -50     66.83    0.39351  0.69954E+00  -0.14141E+00   0.62619E+00      20.21
  -49     67.30    0.38598  0.68287E+00  -0.13907E+00   0.60940E+00      20.37
  -48     67.76    0.37843  0.66665E+00  -0.13675E+00   0.59307E+00      20.51
  -47     68.23    0.37086  0.65086E+00  -0.13446E+00   0.57719E+00      20.66
  -46     68.70    0.36326  0.63550E+00  -0.13219E+00   0.56175E+00      20.80
  -45     69.17    0.35563  0.62056E+00  -0.12994E+00   0.54675E+00      20.94
  -44     69.64    0.34798  0.60603E+00  -0.12771E+00   0.53216E+00      21.07
  -43     70.10    0.34031  0.59189E+00  -0.12551E+00   0.51797E+00      21.21
  -42     70.57    0.33262  0.57813E+00  -0.12334E+00   0.50419E+00      21.33
  -41     71.04    0.32490  0.56476E+00  -0.12118E+00   0.49080E+00      21.46
  -40     71.51    0.31716  0.55174E+00  -0.11906E+00   0.47778E+00      21.58
  -39     71.98    0.30941  0.53909E+00  -0.11696E+00   0.46513E+00      21.70
  -38     72.44    0.30163  0.52678E+00  -0.11488E+00   0.45284E+00      21.81
  -37     72.91    0.29383  0.51482E+00  -0.11284E+00   0.44089E+00      21.92
  -36     73.38    0.28601  0.50318E+00  -0.11082E+00   0.42929E+00      22.02
  -35     73.85    0.27817  0.49186E+00  -0.10883E+00   0.41802E+00      22.13
  -34     74.32    0.27031  0.48086E+00  -0.10686E+00   0.40707E+00      22.22
  -33     74.79    0.26243  0.47016E+00  -0.10493E+00   0.39643E+00      22.32
  -32     75.25    0.25454  0.45976E+00  -0.10302E+00   0.38610E+00      22.41
  -31     75.72    0.24663  0.44964E+00  -0.10114E+00   0.37606E+00      22.49
  -30     76.19    0.23871  0.43981E+00  -0.99292E-01   0.36631E+00      22.58
  -29     76.66    0.23076  0.43025E+00  -0.97469E-01   0.35684E+00      22.65
  -28     77.13    0.22281  0.42095E+00  -0.95675E-01   0.34764E+00      22.73
  -27     77.59    0.21483  0.41191E+00  -0.93909E-01   0.33870E+00      22.80
  -26     78.06    0.20685  0.40313E+00  -0.92172E-01   0.33002E+00      22.86
  -25     78.53    0.19885  0.39458E+00  -0.90463E-01   0.32160E+00      22.93
  -24     79.00    0.19083  0.38628E+00  -0.88781E-01   0.31341E+00      22.98
  -23     79.47    0.18280  0.37821E+00  -0.87128E-01   0.30546E+00      23.04
  -22     79.93    0.17477  0.37036E+00  -0.85503E-01   0.29773E+00      23.09
  -21     80.40    0.16671  0.36273E+00  -0.83906E-01   0.29023E+00      23.13
  -20     80.87    0.15865  0.35531E+00  -0.82335E-01   0.28294E+00      23.17
  -19     81.34    0.15058  0.34809E+00  -0.80793E-01   0.27587E+00      23.21
  -18     81.81    0.14250  0.34108E+00  -0.79277E-01   0.26899E+00      23.24
  -17     82.28    0.13441  0.33426E+00  -0.77787E-01   0.26231E+00      23.27
  -16     82.74    0.12631  0.32763E+00  -0.76325E-01   0.25582E+00      23.30
  -15     83.21    0.11820  0.32119E+00  -0.74888E-01   0.24952E+00      23.32
  -14     83.68    0.11008  0.31492E+00  -0.73477E-01   0.24339E+00      23.33
  -13     84.15    0.10195  0.30883E+00  -0.72092E-01   0.23744E+00      23.34
  -12     84.62    0.09382  0.30290E+00  -0.70732E-01   0.23166E+00      23.35
  -11     85.08    0.08569  0.29714E+00  -0.69397E-01   0.22604E+00      23.35
  -10     85.55    0.07754  0.29154E+00  -0.68086E-01   0.22058E+00      23.35
   -9     86.02    0.06939  0.28609E+00  -0.66799E-01   0.21527E+00      23.35
   -8     86.49    0.06124  0.28079E+00  -0.65536E-01   0.21011E+00      23.34
   -7     86.96    0.05308  0.27564E+00  -0.64295E-01   0.20509E+00      23.33
   -6     87.43    0.04492  0.27062E+00  -0.63078E-01   0.20021E+00      23.31
   -5     87.89    0.03676  0.26575E+00  -0.61884E-01   0.19547E+00      23.29
   -4     88.36    0.02859  0.26101E+00  -0.60711E-01   0.19085E+00      23.26
   -3     88.83    0.02043  0.25640E+00  -0.59559E-01   0.18637E+00      23.23
   -2     89.30    0.01226  0.25191E+00  -0.58429E-01   0.18200E+00      23.19
   -1     89.77    0.00409  0.24755E+00  -0.57320E-01   0.17775E+00      23.16
    0     90.00    0.00000  0.24541E+00  -0.56773E-01   0.17567E+00      23.13
    1     90.23   -0.00409  0.24330E+00  -0.56230E-01   0.17362E+00      23.11
    2     90.70   -0.01226  0.23917E+00  -0.55161E-01   0.16960E+00      23.06
    3     91.17   -0.02043  0.23516E+00  -0.54111E-01   0.16568E+00      23.01
    4     91.64   -0.02859  0.23125E+00  -0.53079E-01   0.16187E+00      22.95
    5     92.11   -0.03676  0.22744E+00  -0.52066E-01   0.15815E+00      22.89
    6     92.57   -0.04492  0.22374E+00  -0.51071E-01   0.15454E+00      22.83
    7     93.04   -0.05308  0.22014E+00  -0.50094E-01   0.15101E+00      22.76
    8     93.51   -0.06124  0.21664E+00  -0.49133E-01   0.14758E+00      22.68
    9     93.98   -0.06939  0.21323E+00  -0.48189E-01   0.14423E+00      22.60
   10     94.45   -0.07754  0.20991E+00  -0.47261E-01   0.14097E+00      22.52
   11     94.92   -0.08569  0.20668E+00  -0.46349E-01   0.13778E+00      22.43
   12     95.38   -0.09382  0.20353E+00  -0.45451E-01   0.13468E+00      22.33
   13     95.85   -0.10195  0.20047E+00  -0.44569E-01   0.13165E+00      22.23
   14     96.32   -0.11008  0.19749E+00  -0.43701E-01   0.12869E+00      22.13
   15     96.79   -0.11820  0.19459E+00  -0.42846E-01   0.12580E+00      22.02
   16     97.26   -0.12631  0.19177E+00  -0.42005E-01   0.12298E+00      21.90
   17     97.72   -0.13441  0.18902E+00  -0.41177E-01   0.12023E+00      21.78
   18     98.19   -0.14250  0.18634E+00  -0.40361E-01   0.11753E+00      21.66
   19     98.66   -0.15058  0.18373E+00  -0.39557E-01   0.11490E+00      21.53
   20     99.13   -0.15865  0.18119E+00  -0.38765E-01   0.11232E+00      21.39
   21     99.60   -0.16671  0.17872E+00  -0.37984E-01   0.10980E+00      21.25
   22    100.07   -0.17477  0.17632E+00  -0.37214E-01   0.10734E+00      21.11
   23    100.53   -0.18280  0.17397E+00  -0.36454E-01   0.10492E+00      20.95
   24    101.00   -0.19083  0.17169E+00  -0.35704E-01   0.10255E+00      20.80
   25    101.47   -0.19885  0.16947E+00  -0.34964E-01   0.10024E+00      20.63
   26    101.94   -0.20685  0.16730E+00  -0.34232E-01   0.97962E-01      20.46
   27    102.41   -0.21483  0.16519E+00  -0.33510E-01   0.95732E-01      20.29
   28    102.87   -0.22281  0.16314E+00  -0.32795E-01   0.93543E-01      20.10
   29    103.34   -0.23076  0.16114E+00  -0.32089E-01   0.91394E-01      19.91
   30    103.81   -0.23871  0.15919E+00  -0.31390E-01   0.89283E-01      19.72
   31    104.28   -0.24663  0.15729E+00  -0.30699E-01   0.87209E-01      19.52
   32    104.75   -0.25454  0.15544E+00  -0.30014E-01   0.85169E-01      19.31
   33    105.21   -0.26243  0.15364E+00  -0.29336E-01   0.83163E-01      19.09
   34    105.68   -0.27031  0.15189E+00  -0.28664E-01   0.81188E-01      18.87
   35    106.15   -0.27817  0.15018E+00  -0.27998E-01   0.79243E-01      18.64
   36    106.62   -0.28601  0.14851E+00  -0.27338E-01   0.77326E-01      18.41
   37    107.09   -0.29383  0.14689E+00  -0.26683E-01   0.75437E-01      18.17
   38    107.56   -0.30163  0.14531E+00  -0.26033E-01   0.73574E-01      17.91
   39    108.02   -0.30941  0.14377E+00  -0.25387E-01   0.71735E-01      17.66
   40    108.49   -0.31716  0.14228E+00  -0.24746E-01   0.69919E-01      17.39
   41    108.96   -0.32490  0.14082E+00  -0.24109E-01   0.68125E-01      17.12
   42    109.43   -0.33262  0.13940E+00  -0.23475E-01   0.66351E-01      16.84
   43    109.90   -0.34031  0.13801E+00  -0.22846E-01   0.64597E-01      16.55
   44    110.36   -0.34798  0.13667E+00  -0.22219E-01   0.62860E-01      16.26
   45    110.83   -0.35563  0.13535E+00  -0.21596E-01   0.61141E-01      15.96
   46    111.30   -0.36326  0.13408E+00  -0.20975E-01   0.59437E-01      15.64
   47    111.77   -0.37086  0.13283E+00  -0.20358E-01   0.57748E-01      15.33
   48    112.24   -0.37843  0.13162E+00  -0.19742E-01   0.56073E-01      15.00
   49    112.70   -0.38598  0.13045E+00  -0.19129E-01   0.54410E-01      14.66
   50    113.17   -0.39351  0.12930E+00  -0.18518E-01   0.52759E-01      14.32
   51    113.64   -0.40101  0.12819E+00  -0.17909E-01   0.51119E-01      13.97
   52    114.11   -0.40848  0.12710E+00  -0.17302E-01   0.49488E-01      13.61
   53    114.58   -0.41592  0.12605E+00  -0.16696E-01   0.47865E-01      13.25
   54    115.05   -0.42334  0.12502E+00  -0.16092E-01   0.46251E-01      12.87
   55    115.51   -0.43073  0.12403E+00  -0.15490E-01   0.44643E-01      12.49
   56    115.98   -0.43809  0.12306E+00  -0.14888E-01   0.43041E-01      12.10
   57    116.45   -0.44542  0.12212E+00  -0.14288E-01   0.41444E-01      11.70
   58    116.92   -0.45272  0.12120E+00  -0.13689E-01   0.39852E-01      11.29
   59    117.39   -0.45999  0.12032E+00  -0.13091E-01   0.38263E-01      10.88
   60    117.85   -0.46723  0.11946E+00  -0.12493E-01   0.36677E-01      10.46
   61    118.32   -0.47443  0.11862E+00  -0.11897E-01   0.35093E-01      10.03
   62    118.79   -0.48161  0.11781E+00  -0.11302E-01   0.33510E-01       9.59
   63    119.26   -0.48875  0.11703E+00  -0.10708E-01   0.31928E-01       9.15
   64    119.73   -0.49587  0.11627E+00  -0.10114E-01   0.30345E-01       8.70
   65    120.20   -0.50294  0.11553E+00  -0.95214E-02   0.28762E-01       8.24
   66    120.66   -0.50999  0.11482E+00  -0.89297E-02   0.27178E-01       7.78
   67    121.13   -0.51700  0.11413E+00  -0.83390E-02   0.25591E-01       7.31
   68    121.60   -0.52398  0.11346E+00  -0.77492E-02   0.24003E-01       6.83
   69    122.07   -0.53092  0.11282E+00  -0.71606E-02   0.22410E-01       6.35
   70    122.54   -0.53783  0.11220E+00  -0.65731E-02   0.20815E-01       5.86
   71    123.00   -0.54470  0.11160E+00  -0.59868E-02   0.19215E-01       5.36
   72    123.47   -0.55153  0.11103E+00  -0.54019E-02   0.17610E-01       4.87
   73    123.94   -0.55833  0.11047E+00  -0.48185E-02   0.16000E-01       4.36
   74    124.41   -0.56509  0.10994E+00  -0.42366E-02   0.14385E-01       3.85
   75    124.88   -0.57181  0.10943E+00  -0.36566E-02   0.12763E-01       3.34
   76    125.34   -0.57849  0.10895E+00  -0.30784E-02   0.11135E-01       2.83
   77    125.81   -0.58514  0.10848E+00  -0.25023E-02   0.95002E-02       2.31
   78    126.28   -0.59174  0.10803E+00  -0.19286E-02   0.78581E-02       1.79
   79    126.75   -0.59831  0.10761E+00  -0.13573E-02   0.62086E-02       1.26
   80    127.22   -0.60484  0.10720E+00  -0.78865E-03   0.45511E-02       0.74
   81    127.69   -0.61132  0.10682E+00  -0.22297E-03   0.28856E-02       0.21
   82    128.15   -0.61777  0.10646E+00   0.33953E-03   0.12116E-02      -0.32
   83    128.62   -0.62417  0.10612E+00   0.89862E-03  -0.47095E-03      -0.85
   84    129.09   -0.63054  0.10580E+00   0.14540E-02  -0.21624E-02      -1.37
   85    129.56   -0.63686  0.10550E+00   0.20054E-02  -0.38629E-02      -1.90
   86    130.03   -0.64313  0.10522E+00   0.25526E-02  -0.55726E-02      -2.43
   87    130.49   -0.64937  0.10496E+00   0.30951E-02  -0.72916E-02      -2.95
   88    130.96   -0.65556  0.10472E+00   0.36328E-02  -0.90201E-02      -3.47
   89    131.43   -0.66171  0.10450E+00   0.41653E-02  -0.10758E-01      -3.99
   90    131.90   -0.66781  0.10430E+00   0.46922E-02  -0.12506E-01      -4.50
   91    132.37   -0.67387  0.10413E+00   0.52133E-02  -0.14263E-01      -5.01
   92    132.83   -0.67989  0.10397E+00   0.57280E-02  -0.16030E-01      -5.51
   93    133.30   -0.68586  0.10383E+00   0.62362E-02  -0.17807E-01      -6.01
   94    133.77   -0.69178  0.10372E+00   0.67373E-02  -0.19593E-01      -6.50
   95    134.24   -0.69766  0.10362E+00   0.72311E-02  -0.21388E-01      -6.98
   96    134.71   -0.70349  0.10355E+00   0.77170E-02  -0.23194E-01      -7.45
   97    135.18   -0.70927  0.10349E+00   0.81948E-02  -0.25008E-01      -7.92
   98    135.64   -0.71501  0.10346E+00   0.86640E-02  -0.26831E-01      -8.37
   99    136.11   -0.72069  0.10345E+00   0.91243E-02  -0.28664E-01      -8.82
  100    136.58   -0.72633  0.10346E+00   0.95751E-02  -0.30505E-01      -9.26
  101    137.05   -0.73193  0.10349E+00   0.10016E-01  -0.32355E-01      -9.68
  102    137.52   -0.73747  0.10354E+00   0.10447E-01  -0.34213E-01     -10.09
  103    137.98   -0.74296  0.10361E+00   0.10867E-01  -0.36079E-01     -10.49
  104    138.45   -0.74841  0.10370E+00   0.11276E-01  -0.37953E-01     -10.87
  105    138.92   -0.75380  0.10381E+00   0.11673E-01  -0.39834E-01     -11.24
  106    139.39   -0.75914  0.10395E+00   0.12059E-01  -0.41722E-01     -11.60
  107    139.86   -0.76444  0.10410E+00   0.12432E-01  -0.43616E-01     -11.94
  108    140.33   -0.76968  0.10428E+00   0.12792E-01  -0.45517E-01     -12.27
  109    140.79   -0.77487  0.10448E+00   0.13139E-01  -0.47423E-01     -12.58
  110    141.26   -0.78001  0.10470E+00   0.13473E-01  -0.49335E-01     -12.87
  111    141.73   -0.78509  0.10494E+00   0.13792E-01  -0.51251E-01     -13.14
  112    142.20   -0.79013  0.10521E+00   0.14097E-01  -0.53171E-01     -13.40
  113    142.67   -0.79511  0.10549E+00   0.14387E-01  -0.55095E-01     -13.64
  114    143.13   -0.80004  0.10580E+00   0.14662E-01  -0.57022E-01     -13.86
  115    143.60   -0.80491  0.10612E+00   0.14922E-01  -0.58951E-01     -14.06
  116    144.07   -0.80974  0.10647E+00   0.15165E-01  -0.60883E-01     -14.24
  117    144.54   -0.81450  0.10684E+00   0.15392E-01  -0.62815E-01     -14.41
  118    145.01   -0.81922  0.10724E+00   0.15603E-01  -0.64748E-01     -14.55
  119    145.47   -0.82387  0.10765E+00   0.15797E-01  -0.66681E-01     -14.67
  120    145.94   -0.82848  0.10809E+00   0.15973E-01  -0.68613E-01     -14.78
  121    146.41   -0.83303  0.10854E+00   0.16132E-01  -0.70543E-01     -14.86
  122    146.88   -0.83752  0.10902E+00   0.16273E-01  -0.72471E-01     -14.93
  123    147.35   -0.84195  0.10952E+00   0.16397E-01  -0.74396E-01     -14.97
  124    147.82   -0.84634  0.11004E+00   0.16502E-01  -0.76317E-01     -15.00
  125    148.28   -0.85066  0.11058E+00   0.16589E-01  -0.78233E-01     -15.00
  126    148.75   -0.85493  0.11113E+00   0.16657E-01  -0.80144E-01     -14.99
  127    149.22   -0.85914  0.11172E+00   0.16707E-01  -0.82049E-01     -14.95
  128    149.69   -0.86329  0.11231E+00   0.16738E-01  -0.83946E-01     -14.90
  129    150.16   -0.86738  0.11293E+00   0.16750E-01  -0.85836E-01     -14.83
  130    150.62   -0.87142  0.11357E+00   0.16743E-01  -0.87717E-01     -14.74
  131    151.09   -0.87540  0.11423E+00   0.16718E-01  -0.89588E-01     -14.64
  132    151.56   -0.87932  0.11491E+00   0.16673E-01  -0.91448E-01     -14.51
  133    152.03   -0.88318  0.11560E+00   0.16610E-01  -0.93297E-01     -14.37
  134    152.50   -0.88698  0.11631E+00   0.16529E-01  -0.95134E-01     -14.21
  135    152.96   -0.89073  0.11704E+00   0.16428E-01  -0.96958E-01     -14.04
  136    153.43   -0.89441  0.11779E+00   0.16309E-01  -0.98768E-01     -13.85
  137    153.90   -0.89804  0.11855E+00   0.16172E-01  -0.10056E+00     -13.64
  138    154.37   -0.90160  0.11933E+00   0.16018E-01  -0.10234E+00     -13.42
  139    154.84   -0.90510  0.12012E+00   0.15845E-01  -0.10410E+00     -13.19
  140    155.31   -0.90855  0.12093E+00   0.15655E-01  -0.10585E+00     -12.95
  141    155.77   -0.91193  0.12175E+00   0.15448E-01  -0.10758E+00     -12.69
  142    156.24   -0.91525  0.12259E+00   0.15225E-01  -0.10928E+00     -12.42
  143    156.71   -0.91851  0.12343E+00   0.14985E-01  -0.11097E+00     -12.14
  144    157.18   -0.92171  0.12429E+00   0.14730E-01  -0.11264E+00     -11.85
  145    157.65   -0.92485  0.12516E+00   0.14460E-01  -0.11428E+00     -11.55
  146    158.11   -0.92793  0.12604E+00   0.14174E-01  -0.11591E+00     -11.25
  147    158.58   -0.93094  0.12692E+00   0.13875E-01  -0.11750E+00     -10.93
  148    159.05   -0.93390  0.12781E+00   0.13563E-01  -0.11908E+00     -10.61
  149    159.52   -0.93679  0.12871E+00   0.13238E-01  -0.12063E+00     -10.28
  150    159.99   -0.93961  0.12962E+00   0.12900E-01  -0.12215E+00      -9.95
  151    160.46   -0.94238  0.13053E+00   0.12552E-01  -0.12365E+00      -9.62
  152    160.92   -0.94508  0.13144E+00   0.12193E-01  -0.12512E+00      -9.28
  153    161.39   -0.94772  0.13236E+00   0.11824E-01  -0.12657E+00      -8.93
  154    161.86   -0.95030  0.13328E+00   0.11447E-01  -0.12798E+00      -8.59
  155    162.33   -0.95281  0.13419E+00   0.11061E-01  -0.12937E+00      -8.24
  156    162.80   -0.95526  0.13511E+00   0.10669E-01  -0.13073E+00      -7.90
  157    163.26   -0.95764  0.13602E+00   0.10270E-01  -0.13205E+00      -7.55
  158    163.73   -0.95996  0.13693E+00   0.98656E-02  -0.13335E+00      -7.20
  159    164.20   -0.96222  0.13783E+00   0.94572E-02  -0.13461E+00      -6.86
  160    164.67   -0.96441  0.13873E+00   0.90456E-02  -0.13584E+00      -6.52
  161    165.14   -0.96654  0.13962E+00   0.86316E-02  -0.13704E+00      -6.18
  162    165.60   -0.96860  0.14050E+00   0.82164E-02  -0.13821E+00      -5.85
  163    166.07   -0.97060  0.14137E+00   0.78010E-02  -0.13934E+00      -5.52
  164    166.54   -0.97254  0.14222E+00   0.73864E-02  -0.14044E+00      -5.19
  165    167.01   -0.97440  0.14307E+00   0.69736E-02  -0.14151E+00      -4.87
  166    167.48   -0.97621  0.14390E+00   0.65637E-02  -0.14254E+00      -4.56
  167    167.95   -0.97795  0.14471E+00   0.61577E-02  -0.14353E+00      -4.26
  168    168.41   -0.97962  0.14550E+00   0.57568E-02  -0.14449E+00      -3.96
  169    168.88   -0.98123  0.14628E+00   0.53619E-02  -0.14542E+00      -3.67
  170    169.35   -0.98277  0.14704E+00   0.49740E-02  -0.14630E+00      -3.38
  171    169.82   -0.98425  0.14777E+00   0.45943E-02  -0.14716E+00      -3.11
  172    170.29   -0.98566  0.14849E+00   0.42236E-02  -0.14797E+00      -2.84
  173    170.75   -0.98701  0.14917E+00   0.38630E-02  -0.14875E+00      -2.59
  174    171.22   -0.98829  0.14984E+00   0.35135E-02  -0.14949E+00      -2.34
  175    171.69   -0.98950  0.15047E+00   0.31759E-02  -0.15019E+00      -2.11
  176    172.16   -0.99065  0.15108E+00   0.28513E-02  -0.15086E+00      -1.89
  177    172.63   -0.99173  0.15166E+00   0.25404E-02  -0.15149E+00      -1.68
  178    173.09   -0.99275  0.15221E+00   0.22441E-02  -0.15208E+00      -1.47
  179    173.56   -0.99370  0.15273E+00   0.19634E-02  -0.15263E+00      -1.29
  180    174.03   -0.99458  0.15322E+00   0.16988E-02  -0.15314E+00      -1.11
  181    174.50   -0.99539  0.15367E+00   0.14512E-02  -0.15362E+00      -0.94
  182    174.97   -0.99614  0.15409E+00   0.12212E-02  -0.15405E+00      -0.79
  183    175.44   -0.99683  0.15448E+00   0.10095E-02  -0.15445E+00      -0.65
  184    175.90   -0.99744  0.15483E+00   0.81662E-03  -0.15481E+00      -0.53
  185    176.37   -0.99799  0.15514E+00   0.64318E-03  -0.15513E+00      -0.41
  186    176.84   -0.99848  0.15542E+00   0.48965E-03  -0.15542E+00      -0.32
  187    177.31   -0.99890  0.15566E+00   0.35644E-03  -0.15566E+00      -0.23
  188    177.78   -0.99925  0.15587E+00   0.24393E-03  -0.15586E+00      -0.16
  189    178.24   -0.99953  0.15603E+00   0.15244E-03  -0.15603E+00      -0.10
  190    178.71   -0.99975  0.15616E+00   0.82231E-04  -0.15616E+00      -0.05
  191    179.18   -0.99990  0.15624E+00   0.33495E-04  -0.15624E+00      -0.02
  192    179.64   -0.99998  0.15629E+00   0.63608E-05  -0.15629E+00      -0.00
  193    180.00   -1.00000  0.15630E+00   0.00000E+00  -0.15630E+00      -0.00

