 alpha final =    533.00000000000000     

     granulo :  rn =  1.0  rm = 0.15  ln sig =  0.290  pour r <  50. mic.
     ======================================================================

                    longueur d onde :  0.600 microns
                    ================================

     indice reel :   1.45000     indice imaginaire : -0.35000E-02


                    nombre de particules :  0.10000E+01

       Sections d extinction et de diffusion ramenees a une particule :
       ----------------------------------------------------------------
     extinction :  0.11062E+00 mic**2     diffusion :  0.10830E+00 mic**2

            Pizero : 0.979002                 g.assymetrie : 0.65231

 ------------------------------------------------------------------------------
   j      theta       mu         i             q             u         -q/i*100
 ------------------------------------------------------------------------------
 -193      0.00    1.00000  0.70895E+01   0.00000E+00   0.70895E+01      -0.00
 -192      0.36    0.99998  0.70890E+01  -0.60116E-04   0.70890E+01       0.00
 -191      0.82    0.99990  0.70865E+01  -0.31664E-03   0.70865E+01       0.00
 -190      1.29    0.99975  0.70820E+01  -0.77771E-03   0.70820E+01       0.01
 -189      1.76    0.99953  0.70756E+01  -0.14427E-02   0.70756E+01       0.02
 -188      2.22    0.99925  0.70672E+01  -0.23104E-02   0.70672E+01       0.03
 -187      2.69    0.99890  0.70568E+01  -0.33796E-02   0.70568E+01       0.05
 -186      3.16    0.99848  0.70445E+01  -0.46485E-02   0.70445E+01       0.07
 -185      3.63    0.99799  0.70302E+01  -0.61149E-02   0.70302E+01       0.09
 -184      4.10    0.99744  0.70141E+01  -0.77765E-02   0.70140E+01       0.11
 -183      4.56    0.99683  0.69960E+01  -0.96307E-02   0.69960E+01       0.14
 -182      5.03    0.99614  0.69760E+01  -0.11674E-01   0.69760E+01       0.17
 -181      5.50    0.99539  0.69541E+01  -0.13904E-01   0.69541E+01       0.20
 -180      5.97    0.99458  0.69304E+01  -0.16317E-01   0.69304E+01       0.24
 -179      6.44    0.99370  0.69049E+01  -0.18908E-01   0.69049E+01       0.27
 -178      6.91    0.99275  0.68776E+01  -0.21674E-01   0.68775E+01       0.32
 -177      7.37    0.99173  0.68485E+01  -0.24610E-01   0.68484E+01       0.36
 -176      7.84    0.99065  0.68177E+01  -0.27712E-01   0.68176E+01       0.41
 -175      8.31    0.98950  0.67851E+01  -0.30974E-01   0.67850E+01       0.46
 -174      8.78    0.98829  0.67509E+01  -0.34392E-01   0.67507E+01       0.51
 -173      9.25    0.98701  0.67150E+01  -0.37960E-01   0.67148E+01       0.57
 -172      9.71    0.98566  0.66775E+01  -0.41672E-01   0.66772E+01       0.62
 -171     10.18    0.98425  0.66384E+01  -0.45523E-01   0.66381E+01       0.69
 -170     10.65    0.98277  0.65978E+01  -0.49507E-01   0.65974E+01       0.75
 -169     11.12    0.98123  0.65557E+01  -0.53618E-01   0.65552E+01       0.82
 -168     11.59    0.97962  0.65121E+01  -0.57850E-01   0.65115E+01       0.89
 -167     12.05    0.97795  0.64671E+01  -0.62195E-01   0.64664E+01       0.96
 -166     12.52    0.97621  0.64207E+01  -0.66648E-01   0.64199E+01       1.04
 -165     12.99    0.97440  0.63729E+01  -0.71201E-01   0.63720E+01       1.12
 -164     13.46    0.97254  0.63239E+01  -0.75849E-01   0.63229E+01       1.20
 -163     13.93    0.97060  0.62736E+01  -0.80584E-01   0.62724E+01       1.28
 -162     14.40    0.96860  0.62220E+01  -0.85399E-01   0.62208E+01       1.37
 -161     14.86    0.96654  0.61694E+01  -0.90288E-01   0.61679E+01       1.46
 -160     15.33    0.96441  0.61156E+01  -0.95242E-01   0.61139E+01       1.56
 -159     15.80    0.96222  0.60607E+01  -0.10026E+00   0.60588E+01       1.65
 -158     16.27    0.95996  0.60048E+01  -0.10532E+00   0.60027E+01       1.75
 -157     16.74    0.95764  0.59479E+01  -0.11043E+00   0.59456E+01       1.86
 -156     17.20    0.95526  0.58900E+01  -0.11558E+00   0.58875E+01       1.96
 -155     17.67    0.95281  0.58313E+01  -0.12076E+00   0.58286E+01       2.07
 -154     18.14    0.95030  0.57718E+01  -0.12597E+00   0.57687E+01       2.18
 -153     18.61    0.94772  0.57114E+01  -0.13119E+00   0.57081E+01       2.30
 -152     19.08    0.94508  0.56503E+01  -0.13642E+00   0.56467E+01       2.41
 -151     19.54    0.94238  0.55885E+01  -0.14165E+00   0.55845E+01       2.53
 -150     20.01    0.93961  0.55261E+01  -0.14688E+00   0.55217E+01       2.66
 -149     20.48    0.93679  0.54630E+01  -0.15210E+00   0.54583E+01       2.78
 -148     20.95    0.93390  0.53994E+01  -0.15731E+00   0.53943E+01       2.91
 -147     21.42    0.93094  0.53353E+01  -0.16249E+00   0.53297E+01       3.05
 -146     21.89    0.92793  0.52707E+01  -0.16764E+00   0.52647E+01       3.18
 -145     22.35    0.92485  0.52056E+01  -0.17275E+00   0.51992E+01       3.32
 -144     22.82    0.92171  0.51402E+01  -0.17782E+00   0.51334E+01       3.46
 -143     23.29    0.91851  0.50745E+01  -0.18285E+00   0.50672E+01       3.60
 -142     23.76    0.91525  0.50085E+01  -0.18782E+00   0.50006E+01       3.75
 -141     24.23    0.91193  0.49422E+01  -0.19273E+00   0.49338E+01       3.90
 -140     24.69    0.90855  0.48758E+01  -0.19758E+00   0.48668E+01       4.05
 -139     25.16    0.90510  0.48092E+01  -0.20236E+00   0.47996E+01       4.21
 -138     25.63    0.90160  0.47424E+01  -0.20707E+00   0.47323E+01       4.37
 -137     26.10    0.89804  0.46756E+01  -0.21169E+00   0.46648E+01       4.53
 -136     26.57    0.89441  0.46087E+01  -0.21623E+00   0.45973E+01       4.69
 -135     27.04    0.89073  0.45419E+01  -0.22068E+00   0.45298E+01       4.86
 -134     27.50    0.88698  0.44750E+01  -0.22504E+00   0.44623E+01       5.03
 -133     27.97    0.88318  0.44083E+01  -0.22930E+00   0.43948E+01       5.20
 -132     28.44    0.87932  0.43416E+01  -0.23347E+00   0.43275E+01       5.38
 -131     28.91    0.87540  0.42751E+01  -0.23752E+00   0.42602E+01       5.56
 -130     29.38    0.87142  0.42088E+01  -0.24147E+00   0.41932E+01       5.74
 -129     29.84    0.86738  0.41427E+01  -0.24531E+00   0.41263E+01       5.92
 -128     30.31    0.86329  0.40769E+01  -0.24904E+00   0.40596E+01       6.11
 -127     30.78    0.85914  0.40113E+01  -0.25265E+00   0.39932E+01       6.30
 -126     31.25    0.85493  0.39460E+01  -0.25614E+00   0.39271E+01       6.49
 -125     31.72    0.85066  0.38810E+01  -0.25950E+00   0.38613E+01       6.69
 -124     32.18    0.84634  0.38164E+01  -0.26275E+00   0.37958E+01       6.88
 -123     32.65    0.84195  0.37522E+01  -0.26587E+00   0.37308E+01       7.09
 -122     33.12    0.83752  0.36884E+01  -0.26886E+00   0.36661E+01       7.29
 -121     33.59    0.83303  0.36251E+01  -0.27172E+00   0.36018E+01       7.50
 -120     34.06    0.82848  0.35622E+01  -0.27446E+00   0.35380E+01       7.70
 -119     34.53    0.82387  0.34998E+01  -0.27706E+00   0.34746E+01       7.92
 -118     34.99    0.81922  0.34379E+01  -0.27953E+00   0.34118E+01       8.13
 -117     35.46    0.81450  0.33765E+01  -0.28187E+00   0.33495E+01       8.35
 -116     35.93    0.80974  0.33157E+01  -0.28407E+00   0.32877E+01       8.57
 -115     36.40    0.80491  0.32555E+01  -0.28614E+00   0.32264E+01       8.79
 -114     36.87    0.80004  0.31958E+01  -0.28808E+00   0.31657E+01       9.01
 -113     37.33    0.79511  0.31367E+01  -0.28988E+00   0.31056E+01       9.24
 -112     37.80    0.79013  0.30782E+01  -0.29155E+00   0.30462E+01       9.47
 -111     38.27    0.78509  0.30204E+01  -0.29309E+00   0.29873E+01       9.70
 -110     38.74    0.78001  0.29632E+01  -0.29450E+00   0.29291E+01       9.94
 -109     39.21    0.77487  0.29067E+01  -0.29577E+00   0.28715E+01      10.18
 -108     39.67    0.76968  0.28508E+01  -0.29691E+00   0.28146E+01      10.41
 -107     40.14    0.76444  0.27956E+01  -0.29792E+00   0.27583E+01      10.66
 -106     40.61    0.75914  0.27411E+01  -0.29881E+00   0.27028E+01      10.90
 -105     41.08    0.75380  0.26873E+01  -0.29956E+00   0.26479E+01      11.15
 -104     41.55    0.74841  0.26342E+01  -0.30019E+00   0.25938E+01      11.40
 -103     42.02    0.74296  0.25818E+01  -0.30070E+00   0.25403E+01      11.65
 -102     42.48    0.73747  0.25302E+01  -0.30108E+00   0.24876E+01      11.90
 -101     42.95    0.73193  0.24792E+01  -0.30134E+00   0.24355E+01      12.15
 -100     43.42    0.72633  0.24290E+01  -0.30149E+00   0.23843E+01      12.41
  -99     43.89    0.72069  0.23795E+01  -0.30151E+00   0.23337E+01      12.67
  -98     44.36    0.71501  0.23307E+01  -0.30142E+00   0.22839E+01      12.93
  -97     44.82    0.70927  0.22827E+01  -0.30121E+00   0.22348E+01      13.20
  -96     45.29    0.70349  0.22355E+01  -0.30090E+00   0.21865E+01      13.46
  -95     45.76    0.69766  0.21889E+01  -0.30047E+00   0.21389E+01      13.73
  -94     46.23    0.69178  0.21431E+01  -0.29994E+00   0.20921E+01      14.00
  -93     46.70    0.68586  0.20981E+01  -0.29931E+00   0.20460E+01      14.27
  -92     47.17    0.67989  0.20538E+01  -0.29857E+00   0.20006E+01      14.54
  -91     47.63    0.67387  0.20102E+01  -0.29773E+00   0.19560E+01      14.81
  -90     48.10    0.66781  0.19674E+01  -0.29680E+00   0.19122E+01      15.09
  -89     48.57    0.66171  0.19253E+01  -0.29577E+00   0.18691E+01      15.36
  -88     49.04    0.65556  0.18840E+01  -0.29466E+00   0.18268E+01      15.64
  -87     49.51    0.64937  0.18434E+01  -0.29345E+00   0.17851E+01      15.92
  -86     49.97    0.64313  0.18035E+01  -0.29216E+00   0.17443E+01      16.20
  -85     50.44    0.63686  0.17643E+01  -0.29078E+00   0.17041E+01      16.48
  -84     50.91    0.63054  0.17259E+01  -0.28932E+00   0.16647E+01      16.76
  -83     51.38    0.62417  0.16881E+01  -0.28779E+00   0.16260E+01      17.05
  -82     51.85    0.61777  0.16511E+01  -0.28618E+00   0.15881E+01      17.33
  -81     52.31    0.61132  0.16148E+01  -0.28450E+00   0.15508E+01      17.62
  -80     52.78    0.60484  0.15792E+01  -0.28275E+00   0.15143E+01      17.90
  -79     53.25    0.59831  0.15442E+01  -0.28093E+00   0.14785E+01      18.19
  -78     53.72    0.59174  0.15100E+01  -0.27904E+00   0.14433E+01      18.48
  -77     54.19    0.58514  0.14764E+01  -0.27710E+00   0.14089E+01      18.77
  -76     54.66    0.57849  0.14436E+01  -0.27510E+00   0.13752E+01      19.06
  -75     55.12    0.57181  0.14113E+01  -0.27304E+00   0.13421E+01      19.35
  -74     55.59    0.56509  0.13798E+01  -0.27093E+00   0.13097E+01      19.64
  -73     56.06    0.55833  0.13488E+01  -0.26877E+00   0.12780E+01      19.93
  -72     56.53    0.55153  0.13186E+01  -0.26656E+00   0.12469E+01      20.22
  -71     57.00    0.54470  0.12889E+01  -0.26430E+00   0.12165E+01      20.51
  -70     57.46    0.53783  0.12599E+01  -0.26201E+00   0.11867E+01      20.80
  -69     57.93    0.53092  0.12315E+01  -0.25967E+00   0.11575E+01      21.09
  -68     58.40    0.52398  0.12037E+01  -0.25729E+00   0.11290E+01      21.37
  -67     58.87    0.51700  0.11765E+01  -0.25488E+00   0.11011E+01      21.66
  -66     59.34    0.50999  0.11499E+01  -0.25244E+00   0.10738E+01      21.95
  -65     59.80    0.50294  0.11239E+01  -0.24996E+00   0.10471E+01      22.24
  -64     60.27    0.49587  0.10985E+01  -0.24746E+00   0.10210E+01      22.53
  -63     60.74    0.48875  0.10736E+01  -0.24493E+00   0.99544E+00      22.81
  -62     61.21    0.48161  0.10493E+01  -0.24238E+00   0.97048E+00      23.10
  -61     61.68    0.47443  0.10255E+01  -0.23981E+00   0.94609E+00      23.38
  -60     62.15    0.46723  0.10022E+01  -0.23721E+00   0.92225E+00      23.67
  -59     62.61    0.45999  0.97954E+00  -0.23460E+00   0.89896E+00      23.95
  -58     63.08    0.45272  0.95735E+00  -0.23198E+00   0.87620E+00      24.23
  -57     63.55    0.44542  0.93566E+00  -0.22934E+00   0.85397E+00      24.51
  -56     64.02    0.43809  0.91448E+00  -0.22669E+00   0.83226E+00      24.79
  -55     64.49    0.43073  0.89380E+00  -0.22403E+00   0.81106E+00      25.07
  -54     64.95    0.42334  0.87359E+00  -0.22137E+00   0.79036E+00      25.34
  -53     65.42    0.41592  0.85386E+00  -0.21869E+00   0.77015E+00      25.61
  -52     65.89    0.40848  0.83460E+00  -0.21602E+00   0.75043E+00      25.88
  -51     66.36    0.40101  0.81579E+00  -0.21334E+00   0.73117E+00      26.15
  -50     66.83    0.39351  0.79742E+00  -0.21066E+00   0.71238E+00      26.42
  -49     67.30    0.38598  0.77950E+00  -0.20798E+00   0.69405E+00      26.68
  -48     67.76    0.37843  0.76201E+00  -0.20531E+00   0.67616E+00      26.94
  -47     68.23    0.37086  0.74494E+00  -0.20263E+00   0.65871E+00      27.20
  -46     68.70    0.36326  0.72828E+00  -0.19997E+00   0.64168E+00      27.46
  -45     69.17    0.35563  0.71203E+00  -0.19731E+00   0.62508E+00      27.71
  -44     69.64    0.34798  0.69617E+00  -0.19465E+00   0.60889E+00      27.96
  -43     70.10    0.34031  0.68070E+00  -0.19201E+00   0.59310E+00      28.21
  -42     70.57    0.33262  0.66561E+00  -0.18938E+00   0.57770E+00      28.45
  -41     71.04    0.32490  0.65089E+00  -0.18675E+00   0.56269E+00      28.69
  -40     71.51    0.31716  0.63653E+00  -0.18414E+00   0.54806E+00      28.93
  -39     71.98    0.30941  0.62253E+00  -0.18155E+00   0.53380E+00      29.16
  -38     72.44    0.30163  0.60887E+00  -0.17897E+00   0.51989E+00      29.39
  -37     72.91    0.29383  0.59556E+00  -0.17640E+00   0.50634E+00      29.62
  -36     73.38    0.28601  0.58258E+00  -0.17385E+00   0.49314E+00      29.84
  -35     73.85    0.27817  0.56992E+00  -0.17132E+00   0.48027E+00      30.06
  -34     74.32    0.27031  0.55758E+00  -0.16880E+00   0.46773E+00      30.27
  -33     74.79    0.26243  0.54555E+00  -0.16630E+00   0.45552E+00      30.48
  -32     75.25    0.25454  0.53382E+00  -0.16383E+00   0.44361E+00      30.69
  -31     75.72    0.24663  0.52239E+00  -0.16137E+00   0.43202E+00      30.89
  -30     76.19    0.23871  0.51125E+00  -0.15893E+00   0.42072E+00      31.09
  -29     76.66    0.23076  0.50039E+00  -0.15651E+00   0.40972E+00      31.28
  -28     77.13    0.22281  0.48980E+00  -0.15412E+00   0.39900E+00      31.47
  -27     77.59    0.21483  0.47948E+00  -0.15175E+00   0.38856E+00      31.65
  -26     78.06    0.20685  0.46943E+00  -0.14940E+00   0.37839E+00      31.83
  -25     78.53    0.19885  0.45963E+00  -0.14707E+00   0.36849E+00      32.00
  -24     79.00    0.19083  0.45008E+00  -0.14477E+00   0.35885E+00      32.16
  -23     79.47    0.18280  0.44078E+00  -0.14249E+00   0.34945E+00      32.33
  -22     79.93    0.17477  0.43171E+00  -0.14023E+00   0.34031E+00      32.48
  -21     80.40    0.16671  0.42288E+00  -0.13800E+00   0.33140E+00      32.63
  -20     80.87    0.15865  0.41427E+00  -0.13580E+00   0.32272E+00      32.78
  -19     81.34    0.15058  0.40588E+00  -0.13361E+00   0.31427E+00      32.92
  -18     81.81    0.14250  0.39771E+00  -0.13146E+00   0.30604E+00      33.05
  -17     82.28    0.13441  0.38974E+00  -0.12933E+00   0.29803E+00      33.18
  -16     82.74    0.12631  0.38198E+00  -0.12722E+00   0.29023E+00      33.30
  -15     83.21    0.11820  0.37442E+00  -0.12514E+00   0.28263E+00      33.42
  -14     83.68    0.11008  0.36706E+00  -0.12308E+00   0.27523E+00      33.53
  -13     84.15    0.10195  0.35988E+00  -0.12105E+00   0.26802E+00      33.64
  -12     84.62    0.09382  0.35289E+00  -0.11905E+00   0.26100E+00      33.73
  -11     85.08    0.08569  0.34608E+00  -0.11707E+00   0.25416E+00      33.83
  -10     85.55    0.07754  0.33944E+00  -0.11511E+00   0.24750E+00      33.91
   -9     86.02    0.06939  0.33297E+00  -0.11318E+00   0.24101E+00      33.99
   -8     86.49    0.06124  0.32667E+00  -0.11128E+00   0.23469E+00      34.06
   -7     86.96    0.05308  0.32054E+00  -0.10940E+00   0.22854E+00      34.13
   -6     87.43    0.04492  0.31456E+00  -0.10754E+00   0.22254E+00      34.19
   -5     87.89    0.03676  0.30873E+00  -0.10572E+00   0.21670E+00      34.24
   -4     88.36    0.02859  0.30305E+00  -0.10391E+00   0.21100E+00      34.29
   -3     88.83    0.02043  0.29752E+00  -0.10213E+00   0.20545E+00      34.33
   -2     89.30    0.01226  0.29213E+00  -0.10037E+00   0.20004E+00      34.36
   -1     89.77    0.00409  0.28688E+00  -0.98643E-01   0.19477E+00      34.38
    0     90.00    0.00000  0.28431E+00  -0.97786E-01   0.19219E+00      34.39
    1     90.23   -0.00409  0.28177E+00  -0.96935E-01   0.18964E+00      34.40
    2     90.70   -0.01226  0.27678E+00  -0.95251E-01   0.18463E+00      34.41
    3     91.17   -0.02043  0.27193E+00  -0.93591E-01   0.17974E+00      34.42
    4     91.64   -0.02859  0.26719E+00  -0.91953E-01   0.17498E+00      34.41
    5     92.11   -0.03676  0.26258E+00  -0.90339E-01   0.17033E+00      34.40
    6     92.57   -0.04492  0.25809E+00  -0.88747E-01   0.16580E+00      34.39
    7     93.04   -0.05308  0.25371E+00  -0.87178E-01   0.16138E+00      34.36
    8     93.51   -0.06124  0.24945E+00  -0.85631E-01   0.15707E+00      34.33
    9     93.98   -0.06939  0.24529E+00  -0.84105E-01   0.15286E+00      34.29
   10     94.45   -0.07754  0.24124E+00  -0.82601E-01   0.14875E+00      34.24
   11     94.92   -0.08569  0.23729E+00  -0.81118E-01   0.14474E+00      34.19
   12     95.38   -0.09382  0.23344E+00  -0.79656E-01   0.14082E+00      34.12
   13     95.85   -0.10195  0.22969E+00  -0.78215E-01   0.13700E+00      34.05
   14     96.32   -0.11008  0.22604E+00  -0.76794E-01   0.13326E+00      33.97
   15     96.79   -0.11820  0.22248E+00  -0.75393E-01   0.12961E+00      33.89
   16     97.26   -0.12631  0.21901E+00  -0.74011E-01   0.12604E+00      33.79
   17     97.72   -0.13441  0.21563E+00  -0.72649E-01   0.12255E+00      33.69
   18     98.19   -0.14250  0.21234E+00  -0.71305E-01   0.11913E+00      33.58
   19     98.66   -0.15058  0.20912E+00  -0.69980E-01   0.11580E+00      33.46
   20     99.13   -0.15865  0.20600E+00  -0.68673E-01   0.11253E+00      33.34
   21     99.60   -0.16671  0.20295E+00  -0.67384E-01   0.10933E+00      33.20
   22    100.07   -0.17477  0.19997E+00  -0.66113E-01   0.10621E+00      33.06
   23    100.53   -0.18280  0.19708E+00  -0.64859E-01   0.10314E+00      32.91
   24    101.00   -0.19083  0.19425E+00  -0.63621E-01   0.10014E+00      32.75
   25    101.47   -0.19885  0.19150E+00  -0.62400E-01   0.97197E-01      32.58
   26    101.94   -0.20685  0.18882E+00  -0.61195E-01   0.94314E-01      32.41
   27    102.41   -0.21483  0.18621E+00  -0.60006E-01   0.91486E-01      32.22
   28    102.87   -0.22281  0.18367E+00  -0.58833E-01   0.88713E-01      32.03
   29    103.34   -0.23076  0.18119E+00  -0.57675E-01   0.85991E-01      31.83
   30    103.81   -0.23871  0.17877E+00  -0.56531E-01   0.83320E-01      31.62
   31    104.28   -0.24663  0.17641E+00  -0.55402E-01   0.80696E-01      31.40
   32    104.75   -0.25454  0.17412E+00  -0.54287E-01   0.78119E-01      31.18
   33    105.21   -0.26243  0.17188E+00  -0.53186E-01   0.75586E-01      30.94
   34    105.68   -0.27031  0.16971E+00  -0.52099E-01   0.73096E-01      30.70
   35    106.15   -0.27817  0.16759E+00  -0.51024E-01   0.70646E-01      30.45
   36    106.62   -0.28601  0.16552E+00  -0.49963E-01   0.68237E-01      30.19
   37    107.09   -0.29383  0.16351E+00  -0.48914E-01   0.65864E-01      29.92
   38    107.56   -0.30163  0.16155E+00  -0.47878E-01   0.63528E-01      29.64
   39    108.02   -0.30941  0.15964E+00  -0.46854E-01   0.61226E-01      29.35
   40    108.49   -0.31716  0.15778E+00  -0.45841E-01   0.58958E-01      29.05
   41    108.96   -0.32490  0.15597E+00  -0.44840E-01   0.56721E-01      28.75
   42    109.43   -0.33262  0.15421E+00  -0.43850E-01   0.54514E-01      28.44
   43    109.90   -0.34031  0.15249E+00  -0.42871E-01   0.52336E-01      28.11
   44    110.36   -0.34798  0.15082E+00  -0.41903E-01   0.50186E-01      27.78
   45    110.83   -0.35563  0.14920E+00  -0.40946E-01   0.48061E-01      27.44
   46    111.30   -0.36326  0.14762E+00  -0.39998E-01   0.45962E-01      27.10
   47    111.77   -0.37086  0.14608E+00  -0.39061E-01   0.43886E-01      26.74
   48    112.24   -0.37843  0.14459E+00  -0.38134E-01   0.41833E-01      26.37
   49    112.70   -0.38598  0.14314E+00  -0.37216E-01   0.39802E-01      26.00
   50    113.17   -0.39351  0.14173E+00  -0.36307E-01   0.37791E-01      25.62
   51    113.64   -0.40101  0.14035E+00  -0.35408E-01   0.35798E-01      25.23
   52    114.11   -0.40848  0.13902E+00  -0.34517E-01   0.33825E-01      24.83
   53    114.58   -0.41592  0.13773E+00  -0.33636E-01   0.31868E-01      24.42
   54    115.05   -0.42334  0.13647E+00  -0.32763E-01   0.29927E-01      24.01
   55    115.51   -0.43073  0.13525E+00  -0.31899E-01   0.28002E-01      23.58
   56    115.98   -0.43809  0.13407E+00  -0.31043E-01   0.26091E-01      23.15
   57    116.45   -0.44542  0.13292E+00  -0.30195E-01   0.24193E-01      22.72
   58    116.92   -0.45272  0.13181E+00  -0.29355E-01   0.22308E-01      22.27
   59    117.39   -0.45999  0.13073E+00  -0.28523E-01   0.20434E-01      21.82
   60    117.85   -0.46723  0.12968E+00  -0.27700E-01   0.18572E-01      21.36
   61    118.32   -0.47443  0.12867E+00  -0.26884E-01   0.16719E-01      20.89
   62    118.79   -0.48161  0.12770E+00  -0.26075E-01   0.14876E-01      20.42
   63    119.26   -0.48875  0.12675E+00  -0.25275E-01   0.13042E-01      19.94
   64    119.73   -0.49587  0.12584E+00  -0.24481E-01   0.11216E-01      19.45
   65    120.20   -0.50294  0.12496E+00  -0.23696E-01   0.93967E-02      18.96
   66    120.66   -0.50999  0.12411E+00  -0.22917E-01   0.75843E-02      18.47
   67    121.13   -0.51700  0.12329E+00  -0.22146E-01   0.57781E-02      17.96
   68    121.60   -0.52398  0.12250E+00  -0.21383E-01   0.39774E-02      17.46
   69    122.07   -0.53092  0.12174E+00  -0.20627E-01   0.21817E-02      16.94
   70    122.54   -0.53783  0.12101E+00  -0.19878E-01   0.39034E-03      16.43
   71    123.00   -0.54470  0.12031E+00  -0.19137E-01  -0.13971E-02      15.91
   72    123.47   -0.55153  0.11964E+00  -0.18403E-01  -0.31810E-02      15.38
   73    123.94   -0.55833  0.11900E+00  -0.17676E-01  -0.49619E-02      14.85
   74    124.41   -0.56509  0.11839E+00  -0.16957E-01  -0.67403E-02      14.32
   75    124.88   -0.57181  0.11780E+00  -0.16245E-01  -0.85165E-02      13.79
   76    125.34   -0.57849  0.11725E+00  -0.15540E-01  -0.10291E-01      13.25
   77    125.81   -0.58514  0.11672E+00  -0.14844E-01  -0.12064E-01      12.72
   78    126.28   -0.59174  0.11621E+00  -0.14155E-01  -0.13836E-01      12.18
   79    126.75   -0.59831  0.11574E+00  -0.13473E-01  -0.15607E-01      11.64
   80    127.22   -0.60484  0.11529E+00  -0.12800E-01  -0.17377E-01      11.10
   81    127.69   -0.61132  0.11487E+00  -0.12134E-01  -0.19147E-01      10.56
   82    128.15   -0.61777  0.11447E+00  -0.11477E-01  -0.20918E-01      10.03
   83    128.62   -0.62417  0.11411E+00  -0.10827E-01  -0.22688E-01       9.49
   84    129.09   -0.63054  0.11376E+00  -0.10186E-01  -0.24459E-01       8.95
   85    129.56   -0.63686  0.11345E+00  -0.95530E-02  -0.26230E-01       8.42
   86    130.03   -0.64313  0.11315E+00  -0.89287E-02  -0.28001E-01       7.89
   87    130.49   -0.64937  0.11289E+00  -0.83131E-02  -0.29774E-01       7.36
   88    130.96   -0.65556  0.11265E+00  -0.77062E-02  -0.31547E-01       6.84
   89    131.43   -0.66171  0.11243E+00  -0.71084E-02  -0.33322E-01       6.32
   90    131.90   -0.66781  0.11224E+00  -0.65196E-02  -0.35097E-01       5.81
   91    132.37   -0.67387  0.11208E+00  -0.59402E-02  -0.36873E-01       5.30
   92    132.83   -0.67989  0.11194E+00  -0.53703E-02  -0.38650E-01       4.80
   93    133.30   -0.68586  0.11182E+00  -0.48100E-02  -0.40428E-01       4.30
   94    133.77   -0.69178  0.11173E+00  -0.42595E-02  -0.42207E-01       3.81
   95    134.24   -0.69766  0.11167E+00  -0.37191E-02  -0.43987E-01       3.33
   96    134.71   -0.70349  0.11162E+00  -0.31889E-02  -0.45768E-01       2.86
   97    135.18   -0.70927  0.11160E+00  -0.26691E-02  -0.47549E-01       2.39
   98    135.64   -0.71501  0.11161E+00  -0.21599E-02  -0.49331E-01       1.94
   99    136.11   -0.72069  0.11164E+00  -0.16615E-02  -0.51113E-01       1.49
  100    136.58   -0.72633  0.11169E+00  -0.11741E-02  -0.52895E-01       1.05
  101    137.05   -0.73193  0.11177E+00  -0.69793E-03  -0.54678E-01       0.62
  102    137.52   -0.73747  0.11187E+00  -0.23314E-03  -0.56460E-01       0.21
  103    137.98   -0.74296  0.11199E+00   0.22006E-03  -0.58242E-01      -0.20
  104    138.45   -0.74841  0.11214E+00   0.66147E-03  -0.60023E-01      -0.59
  105    138.92   -0.75380  0.11231E+00   0.10909E-02  -0.61803E-01      -0.97
  106    139.39   -0.75914  0.11250E+00   0.15081E-02  -0.63582E-01      -1.34
  107    139.86   -0.76444  0.11272E+00   0.19130E-02  -0.65359E-01      -1.70
  108    140.33   -0.76968  0.11296E+00   0.23053E-02  -0.67134E-01      -2.04
  109    140.79   -0.77487  0.11322E+00   0.26849E-02  -0.68907E-01      -2.37
  110    141.26   -0.78001  0.11350E+00   0.30516E-02  -0.70678E-01      -2.69
  111    141.73   -0.78509  0.11380E+00   0.34051E-02  -0.72446E-01      -2.99
  112    142.20   -0.79013  0.11413E+00   0.37455E-02  -0.74210E-01      -3.28
  113    142.67   -0.79511  0.11448E+00   0.40724E-02  -0.75971E-01      -3.56
  114    143.13   -0.80004  0.11484E+00   0.43858E-02  -0.77727E-01      -3.82
  115    143.60   -0.80491  0.11523E+00   0.46856E-02  -0.79479E-01      -4.07
  116    144.07   -0.80974  0.11564E+00   0.49715E-02  -0.81226E-01      -4.30
  117    144.54   -0.81450  0.11607E+00   0.52435E-02  -0.82967E-01      -4.52
  118    145.01   -0.81922  0.11653E+00   0.55014E-02  -0.84703E-01      -4.72
  119    145.47   -0.82387  0.11700E+00   0.57452E-02  -0.86432E-01      -4.91
  120    145.94   -0.82848  0.11749E+00   0.59748E-02  -0.88154E-01      -5.09
  121    146.41   -0.83303  0.11799E+00   0.61902E-02  -0.89869E-01      -5.25
  122    146.88   -0.83752  0.11852E+00   0.63912E-02  -0.91575E-01      -5.39
  123    147.35   -0.84195  0.11907E+00   0.65778E-02  -0.93274E-01      -5.52
  124    147.82   -0.84634  0.11963E+00   0.67500E-02  -0.94963E-01      -5.64
  125    148.28   -0.85066  0.12022E+00   0.69078E-02  -0.96642E-01      -5.75
  126    148.75   -0.85493  0.12082E+00   0.70511E-02  -0.98312E-01      -5.84
  127    149.22   -0.85914  0.12143E+00   0.71801E-02  -0.99971E-01      -5.91
  128    149.69   -0.86329  0.12207E+00   0.72948E-02  -0.10162E+00      -5.98
  129    150.16   -0.86738  0.12271E+00   0.73952E-02  -0.10325E+00      -6.03
  130    150.62   -0.87142  0.12338E+00   0.74813E-02  -0.10488E+00      -6.06
  131    151.09   -0.87540  0.12406E+00   0.75534E-02  -0.10649E+00      -6.09
  132    151.56   -0.87932  0.12475E+00   0.76115E-02  -0.10809E+00      -6.10
  133    152.03   -0.88318  0.12546E+00   0.76557E-02  -0.10967E+00      -6.10
  134    152.50   -0.88698  0.12618E+00   0.76862E-02  -0.11124E+00      -6.09
  135    152.96   -0.89073  0.12691E+00   0.77032E-02  -0.11279E+00      -6.07
  136    153.43   -0.89441  0.12765E+00   0.77068E-02  -0.11433E+00      -6.04
  137    153.90   -0.89804  0.12841E+00   0.76974E-02  -0.11585E+00      -5.99
  138    154.37   -0.90160  0.12918E+00   0.76751E-02  -0.11736E+00      -5.94
  139    154.84   -0.90510  0.12995E+00   0.76402E-02  -0.11885E+00      -5.88
  140    155.31   -0.90855  0.13074E+00   0.75929E-02  -0.12032E+00      -5.81
  141    155.77   -0.91193  0.13153E+00   0.75336E-02  -0.12177E+00      -5.73
  142    156.24   -0.91525  0.13233E+00   0.74627E-02  -0.12320E+00      -5.64
  143    156.71   -0.91851  0.13314E+00   0.73803E-02  -0.12461E+00      -5.54
  144    157.18   -0.92171  0.13395E+00   0.72870E-02  -0.12600E+00      -5.44
  145    157.65   -0.92485  0.13477E+00   0.71831E-02  -0.12738E+00      -5.33
  146    158.11   -0.92793  0.13559E+00   0.70689E-02  -0.12873E+00      -5.21
  147    158.58   -0.93094  0.13642E+00   0.69450E-02  -0.13006E+00      -5.09
  148    159.05   -0.93390  0.13725E+00   0.68117E-02  -0.13136E+00      -4.96
  149    159.52   -0.93679  0.13808E+00   0.66696E-02  -0.13265E+00      -4.83
  150    159.99   -0.93961  0.13891E+00   0.65190E-02  -0.13391E+00      -4.69
  151    160.46   -0.94238  0.13974E+00   0.63606E-02  -0.13515E+00      -4.55
  152    160.92   -0.94508  0.14057E+00   0.61947E-02  -0.13636E+00      -4.41
  153    161.39   -0.94772  0.14140E+00   0.60220E-02  -0.13755E+00      -4.26
  154    161.86   -0.95030  0.14223E+00   0.58429E-02  -0.13872E+00      -4.11
  155    162.33   -0.95281  0.14305E+00   0.56580E-02  -0.13986E+00      -3.96
  156    162.80   -0.95526  0.14386E+00   0.54679E-02  -0.14097E+00      -3.80
  157    163.26   -0.95764  0.14467E+00   0.52732E-02  -0.14206E+00      -3.64
  158    163.73   -0.95996  0.14547E+00   0.50744E-02  -0.14312E+00      -3.49
  159    164.20   -0.96222  0.14627E+00   0.48721E-02  -0.14416E+00      -3.33
  160    164.67   -0.96441  0.14705E+00   0.46670E-02  -0.14517E+00      -3.17
  161    165.14   -0.96654  0.14783E+00   0.44596E-02  -0.14615E+00      -3.02
  162    165.60   -0.96860  0.14859E+00   0.42506E-02  -0.14710E+00      -2.86
  163    166.07   -0.97060  0.14934E+00   0.40405E-02  -0.14803E+00      -2.71
  164    166.54   -0.97254  0.15008E+00   0.38300E-02  -0.14893E+00      -2.55
  165    167.01   -0.97440  0.15080E+00   0.36197E-02  -0.14980E+00      -2.40
  166    167.48   -0.97621  0.15151E+00   0.34102E-02  -0.15064E+00      -2.25
  167    167.95   -0.97795  0.15220E+00   0.32022E-02  -0.15145E+00      -2.10
  168    168.41   -0.97962  0.15288E+00   0.29961E-02  -0.15223E+00      -1.96
  169    168.88   -0.98123  0.15354E+00   0.27927E-02  -0.15298E+00      -1.82
  170    169.35   -0.98277  0.15418E+00   0.25926E-02  -0.15371E+00      -1.68
  171    169.82   -0.98425  0.15479E+00   0.23962E-02  -0.15440E+00      -1.55
  172    170.29   -0.98566  0.15539E+00   0.22042E-02  -0.15506E+00      -1.42
  173    170.75   -0.98701  0.15597E+00   0.20171E-02  -0.15570E+00      -1.29
  174    171.22   -0.98829  0.15652E+00   0.18355E-02  -0.15630E+00      -1.17
  175    171.69   -0.98950  0.15705E+00   0.16600E-02  -0.15687E+00      -1.06
  176    172.16   -0.99065  0.15755E+00   0.14909E-02  -0.15741E+00      -0.95
  177    172.63   -0.99173  0.15803E+00   0.13289E-02  -0.15792E+00      -0.84
  178    173.09   -0.99275  0.15849E+00   0.11743E-02  -0.15840E+00      -0.74
  179    173.56   -0.99370  0.15892E+00   0.10277E-02  -0.15885E+00      -0.65
  180    174.03   -0.99458  0.15932E+00   0.88949E-03  -0.15927E+00      -0.56
  181    174.50   -0.99539  0.15969E+00   0.76003E-03  -0.15966E+00      -0.48
  182    174.97   -0.99614  0.16004E+00   0.63973E-03  -0.16001E+00      -0.40
  183    175.44   -0.99683  0.16035E+00   0.52894E-03  -0.16033E+00      -0.33
  184    175.90   -0.99744  0.16064E+00   0.42797E-03  -0.16063E+00      -0.27
  185    176.37   -0.99799  0.16089E+00   0.33713E-03  -0.16089E+00      -0.21
  186    176.84   -0.99848  0.16112E+00   0.25669E-03  -0.16112E+00      -0.16
  187    177.31   -0.99890  0.16132E+00   0.18688E-03  -0.16132E+00      -0.12
  188    177.78   -0.99925  0.16148E+00   0.12791E-03  -0.16148E+00      -0.08
  189    178.24   -0.99953  0.16162E+00   0.79940E-04  -0.16162E+00      -0.05
  190    178.71   -0.99975  0.16172E+00   0.43124E-04  -0.16172E+00      -0.03
  191    179.18   -0.99990  0.16179E+00   0.17567E-04  -0.16179E+00      -0.01
  192    179.64   -0.99998  0.16183E+00   0.33360E-05  -0.16183E+00      -0.00
  193    180.00   -1.00000  0.16184E+00   0.00000E+00  -0.16184E+00      -0.00

