 alpha final =    493.00000000000000     

     granulo :  rn =  1.0  rm = 0.15  ln sig =  0.290  pour r <  50. mic.
     ======================================================================

                    longueur d onde :  0.650 microns
                    ================================

     indice reel :   1.45000     indice imaginaire : -0.35000E-02


                    nombre de particules :  0.10000E+01

       Sections d extinction et de diffusion ramenees a une particule :
       ----------------------------------------------------------------
     extinction :  0.93083E-01 mic**2     diffusion :  0.91002E-01 mic**2

            Pizero : 0.977649                 g.assymetrie : 0.62773

 ------------------------------------------------------------------------------
   j      theta       mu         i             q             u         -q/i*100
 ------------------------------------------------------------------------------
 -193      0.00    1.00000  0.63795E+01   0.00000E+00   0.63795E+01      -0.00
 -192      0.36    0.99998  0.63791E+01  -0.59435E-04   0.63791E+01       0.00
 -191      0.82    0.99990  0.63771E+01  -0.31307E-03   0.63771E+01       0.00
 -190      1.29    0.99975  0.63735E+01  -0.76899E-03   0.63735E+01       0.01
 -189      1.76    0.99953  0.63684E+01  -0.14267E-02   0.63684E+01       0.02
 -188      2.22    0.99925  0.63617E+01  -0.22852E-02   0.63617E+01       0.04
 -187      2.69    0.99890  0.63535E+01  -0.33433E-02   0.63535E+01       0.05
 -186      3.16    0.99848  0.63437E+01  -0.45995E-02   0.63437E+01       0.07
 -185      3.63    0.99799  0.63323E+01  -0.60520E-02   0.63323E+01       0.10
 -184      4.10    0.99744  0.63194E+01  -0.76988E-02   0.63194E+01       0.12
 -183      4.56    0.99683  0.63050E+01  -0.95376E-02   0.63050E+01       0.15
 -182      5.03    0.99614  0.62891E+01  -0.11566E-01   0.62891E+01       0.18
 -181      5.50    0.99539  0.62717E+01  -0.13780E-01   0.62716E+01       0.22
 -180      5.97    0.99458  0.62528E+01  -0.16178E-01   0.62527E+01       0.26
 -179      6.44    0.99370  0.62324E+01  -0.18756E-01   0.62324E+01       0.30
 -178      6.91    0.99275  0.62106E+01  -0.21511E-01   0.62105E+01       0.35
 -177      7.37    0.99173  0.61873E+01  -0.24438E-01   0.61873E+01       0.39
 -176      7.84    0.99065  0.61627E+01  -0.27534E-01   0.61626E+01       0.45
 -175      8.31    0.98950  0.61366E+01  -0.30794E-01   0.61365E+01       0.50
 -174      8.78    0.98829  0.61092E+01  -0.34213E-01   0.61091E+01       0.56
 -173      9.25    0.98701  0.60805E+01  -0.37788E-01   0.60803E+01       0.62
 -172      9.71    0.98566  0.60504E+01  -0.41513E-01   0.60502E+01       0.69
 -171     10.18    0.98425  0.60191E+01  -0.45384E-01   0.60188E+01       0.75
 -170     10.65    0.98277  0.59864E+01  -0.49394E-01   0.59861E+01       0.83
 -169     11.12    0.98123  0.59526E+01  -0.53539E-01   0.59521E+01       0.90
 -168     11.59    0.97962  0.59175E+01  -0.57813E-01   0.59170E+01       0.98
 -167     12.05    0.97795  0.58812E+01  -0.62210E-01   0.58807E+01       1.06
 -166     12.52    0.97621  0.58438E+01  -0.66724E-01   0.58432E+01       1.14
 -165     12.99    0.97440  0.58053E+01  -0.71350E-01   0.58045E+01       1.23
 -164     13.46    0.97254  0.57657E+01  -0.76082E-01   0.57648E+01       1.32
 -163     13.93    0.97060  0.57250E+01  -0.80913E-01   0.57240E+01       1.41
 -162     14.40    0.96860  0.56833E+01  -0.85837E-01   0.56822E+01       1.51
 -161     14.86    0.96654  0.56406E+01  -0.90848E-01   0.56393E+01       1.61
 -160     15.33    0.96441  0.55970E+01  -0.95940E-01   0.55955E+01       1.71
 -159     15.80    0.96222  0.55524E+01  -0.10111E+00   0.55507E+01       1.82
 -158     16.27    0.95996  0.55069E+01  -0.10634E+00   0.55051E+01       1.93
 -157     16.74    0.95764  0.54606E+01  -0.11163E+00   0.54585E+01       2.04
 -156     17.20    0.95526  0.54134E+01  -0.11698E+00   0.54111E+01       2.16
 -155     17.67    0.95281  0.53655E+01  -0.12238E+00   0.53630E+01       2.28
 -154     18.14    0.95030  0.53168E+01  -0.12782E+00   0.53140E+01       2.40
 -153     18.61    0.94772  0.52673E+01  -0.13329E+00   0.52643E+01       2.53
 -152     19.08    0.94508  0.52172E+01  -0.13879E+00   0.52139E+01       2.66
 -151     19.54    0.94238  0.51665E+01  -0.14432E+00   0.51629E+01       2.79
 -150     20.01    0.93961  0.51151E+01  -0.14986E+00   0.51112E+01       2.93
 -149     20.48    0.93679  0.50632E+01  -0.15541E+00   0.50589E+01       3.07
 -148     20.95    0.93390  0.50107E+01  -0.16096E+00   0.50060E+01       3.21
 -147     21.42    0.93094  0.49577E+01  -0.16651E+00   0.49527E+01       3.36
 -146     21.89    0.92793  0.49042E+01  -0.17205E+00   0.48988E+01       3.51
 -145     22.35    0.92485  0.48503E+01  -0.17758E+00   0.48445E+01       3.66
 -144     22.82    0.92171  0.47960E+01  -0.18308E+00   0.47898E+01       3.82
 -143     23.29    0.91851  0.47414E+01  -0.18856E+00   0.47346E+01       3.98
 -142     23.76    0.91525  0.46864E+01  -0.19401E+00   0.46791E+01       4.14
 -141     24.23    0.91193  0.46311E+01  -0.19941E+00   0.46233E+01       4.31
 -140     24.69    0.90855  0.45755E+01  -0.20478E+00   0.45672E+01       4.48
 -139     25.16    0.90510  0.45197E+01  -0.21009E+00   0.45109E+01       4.65
 -138     25.63    0.90160  0.44637E+01  -0.21535E+00   0.44543E+01       4.82
 -137     26.10    0.89804  0.44075E+01  -0.22055E+00   0.43975E+01       5.00
 -136     26.57    0.89441  0.43512E+01  -0.22569E+00   0.43406E+01       5.19
 -135     27.04    0.89073  0.42948E+01  -0.23076E+00   0.42836E+01       5.37
 -134     27.50    0.88698  0.42383E+01  -0.23575E+00   0.42264E+01       5.56
 -133     27.97    0.88318  0.41817E+01  -0.24067E+00   0.41692E+01       5.76
 -132     28.44    0.87932  0.41251E+01  -0.24550E+00   0.41119E+01       5.95
 -131     28.91    0.87540  0.40686E+01  -0.25025E+00   0.40547E+01       6.15
 -130     29.38    0.87142  0.40121E+01  -0.25491E+00   0.39974E+01       6.35
 -129     29.84    0.86738  0.39556E+01  -0.25947E+00   0.39402E+01       6.56
 -128     30.31    0.86329  0.38993E+01  -0.26394E+00   0.38831E+01       6.77
 -127     30.78    0.85914  0.38430E+01  -0.26831E+00   0.38260E+01       6.98
 -126     31.25    0.85493  0.37869E+01  -0.27257E+00   0.37691E+01       7.20
 -125     31.72    0.85066  0.37310E+01  -0.27673E+00   0.37123E+01       7.42
 -124     32.18    0.84634  0.36753E+01  -0.28077E+00   0.36557E+01       7.64
 -123     32.65    0.84195  0.36198E+01  -0.28470E+00   0.35994E+01       7.87
 -122     33.12    0.83752  0.35645E+01  -0.28852E+00   0.35432E+01       8.09
 -121     33.59    0.83303  0.35095E+01  -0.29222E+00   0.34873E+01       8.33
 -120     34.06    0.82848  0.34548E+01  -0.29581E+00   0.34316E+01       8.56
 -119     34.53    0.82387  0.34003E+01  -0.29927E+00   0.33762E+01       8.80
 -118     34.99    0.81922  0.33462E+01  -0.30261E+00   0.33211E+01       9.04
 -117     35.46    0.81450  0.32925E+01  -0.30582E+00   0.32664E+01       9.29
 -116     35.93    0.80974  0.32391E+01  -0.30891E+00   0.32120E+01       9.54
 -115     36.40    0.80491  0.31860E+01  -0.31187E+00   0.31579E+01       9.79
 -114     36.87    0.80004  0.31334E+01  -0.31470E+00   0.31042E+01      10.04
 -113     37.33    0.79511  0.30812E+01  -0.31741E+00   0.30510E+01      10.30
 -112     37.80    0.79013  0.30294E+01  -0.31998E+00   0.29981E+01      10.56
 -111     38.27    0.78509  0.29780E+01  -0.32242E+00   0.29457E+01      10.83
 -110     38.74    0.78001  0.29271E+01  -0.32474E+00   0.28937E+01      11.09
 -109     39.21    0.77487  0.28766E+01  -0.32692E+00   0.28421E+01      11.36
 -108     39.67    0.76968  0.28266E+01  -0.32897E+00   0.27910E+01      11.64
 -107     40.14    0.76444  0.27772E+01  -0.33090E+00   0.27404E+01      11.91
 -106     40.61    0.75914  0.27282E+01  -0.33269E+00   0.26903E+01      12.19
 -105     41.08    0.75380  0.26797E+01  -0.33435E+00   0.26407E+01      12.48
 -104     41.55    0.74841  0.26317E+01  -0.33588E+00   0.25916E+01      12.76
 -103     42.02    0.74296  0.25843E+01  -0.33728E+00   0.25430E+01      13.05
 -102     42.48    0.73747  0.25374E+01  -0.33855E+00   0.24949E+01      13.34
 -101     42.95    0.73193  0.24911E+01  -0.33970E+00   0.24474E+01      13.64
 -100     43.42    0.72633  0.24453E+01  -0.34072E+00   0.24005E+01      13.93
  -99     43.89    0.72069  0.24001E+01  -0.34161E+00   0.23540E+01      14.23
  -98     44.36    0.71501  0.23554E+01  -0.34239E+00   0.23082E+01      14.54
  -97     44.82    0.70927  0.23113E+01  -0.34303E+00   0.22629E+01      14.84
  -96     45.29    0.70349  0.22677E+01  -0.34356E+00   0.22182E+01      15.15
  -95     45.76    0.69766  0.22248E+01  -0.34397E+00   0.21740E+01      15.46
  -94     46.23    0.69178  0.21824E+01  -0.34425E+00   0.21305E+01      15.77
  -93     46.70    0.68586  0.21406E+01  -0.34442E+00   0.20875E+01      16.09
  -92     47.17    0.67989  0.20994E+01  -0.34448E+00   0.20451E+01      16.41
  -91     47.63    0.67387  0.20588E+01  -0.34443E+00   0.20033E+01      16.73
  -90     48.10    0.66781  0.20188E+01  -0.34426E+00   0.19621E+01      17.05
  -89     48.57    0.66171  0.19793E+01  -0.34398E+00   0.19214E+01      17.38
  -88     49.04    0.65556  0.19405E+01  -0.34360E+00   0.18814E+01      17.71
  -87     49.51    0.64937  0.19022E+01  -0.34311E+00   0.18420E+01      18.04
  -86     49.97    0.64313  0.18646E+01  -0.34252E+00   0.18031E+01      18.37
  -85     50.44    0.63686  0.18275E+01  -0.34183E+00   0.17649E+01      18.70
  -84     50.91    0.63054  0.17910E+01  -0.34104E+00   0.17272E+01      19.04
  -83     51.38    0.62417  0.17551E+01  -0.34015E+00   0.16902E+01      19.38
  -82     51.85    0.61777  0.17198E+01  -0.33917E+00   0.16537E+01      19.72
  -81     52.31    0.61132  0.16851E+01  -0.33810E+00   0.16179E+01      20.06
  -80     52.78    0.60484  0.16510E+01  -0.33694E+00   0.15826E+01      20.41
  -79     53.25    0.59831  0.16174E+01  -0.33570E+00   0.15479E+01      20.76
  -78     53.72    0.59174  0.15844E+01  -0.33437E+00   0.15138E+01      21.10
  -77     54.19    0.58514  0.15520E+01  -0.33295E+00   0.14802E+01      21.45
  -76     54.66    0.57849  0.15201E+01  -0.33146E+00   0.14473E+01      21.80
  -75     55.12    0.57181  0.14889E+01  -0.32990E+00   0.14149E+01      22.16
  -74     55.59    0.56509  0.14581E+01  -0.32825E+00   0.13831E+01      22.51
  -73     56.06    0.55833  0.14280E+01  -0.32654E+00   0.13519E+01      22.87
  -72     56.53    0.55153  0.13984E+01  -0.32476E+00   0.13212E+01      23.22
  -71     57.00    0.54470  0.13693E+01  -0.32291E+00   0.12911E+01      23.58
  -70     57.46    0.53783  0.13408E+01  -0.32099E+00   0.12615E+01      23.94
  -69     57.93    0.53092  0.13128E+01  -0.31902E+00   0.12325E+01      24.30
  -68     58.40    0.52398  0.12853E+01  -0.31698E+00   0.12040E+01      24.66
  -67     58.87    0.51700  0.12584E+01  -0.31489E+00   0.11761E+01      25.02
  -66     59.34    0.50999  0.12320E+01  -0.31274E+00   0.11487E+01      25.39
  -65     59.80    0.50294  0.12061E+01  -0.31055E+00   0.11219E+01      25.75
  -64     60.27    0.49587  0.11807E+01  -0.30830E+00   0.10955E+01      26.11
  -63     60.74    0.48875  0.11558E+01  -0.30600E+00   0.10697E+01      26.48
  -62     61.21    0.48161  0.11314E+01  -0.30366E+00   0.10444E+01      26.84
  -61     61.68    0.47443  0.11075E+01  -0.30128E+00   0.10195E+01      27.20
  -60     62.15    0.46723  0.10841E+01  -0.29885E+00   0.99523E+00      27.57
  -59     62.61    0.45999  0.10611E+01  -0.29639E+00   0.97141E+00      27.93
  -58     63.08    0.45272  0.10387E+01  -0.29389E+00   0.94807E+00      28.30
  -57     63.55    0.44542  0.10167E+01  -0.29136E+00   0.92521E+00      28.66
  -56     64.02    0.43809  0.99510E+00  -0.28880E+00   0.90282E+00      29.02
  -55     64.49    0.43073  0.97400E+00  -0.28620E+00   0.88090E+00      29.38
  -54     64.95    0.42334  0.95334E+00  -0.28358E+00   0.85943E+00      29.75
  -53     65.42    0.41592  0.93311E+00  -0.28093E+00   0.83842E+00      30.11
  -52     65.89    0.40848  0.91332E+00  -0.27826E+00   0.81786E+00      30.47
  -51     66.36    0.40101  0.89394E+00  -0.27557E+00   0.79773E+00      30.83
  -50     66.83    0.39351  0.87499E+00  -0.27286E+00   0.77803E+00      31.18
  -49     67.30    0.38598  0.85644E+00  -0.27013E+00   0.75876E+00      31.54
  -48     67.76    0.37843  0.83830E+00  -0.26738E+00   0.73991E+00      31.90
  -47     68.23    0.37086  0.82055E+00  -0.26462E+00   0.72147E+00      32.25
  -46     68.70    0.36326  0.80319E+00  -0.26185E+00   0.70344E+00      32.60
  -45     69.17    0.35563  0.78622E+00  -0.25907E+00   0.68580E+00      32.95
  -44     69.64    0.34798  0.76961E+00  -0.25628E+00   0.66856E+00      33.30
  -43     70.10    0.34031  0.75338E+00  -0.25348E+00   0.65169E+00      33.65
  -42     70.57    0.33262  0.73751E+00  -0.25067E+00   0.63521E+00      33.99
  -41     71.04    0.32490  0.72200E+00  -0.24786E+00   0.61910E+00      34.33
  -40     71.51    0.31716  0.70683E+00  -0.24505E+00   0.60335E+00      34.67
  -39     71.98    0.30941  0.69201E+00  -0.24223E+00   0.58796E+00      35.00
  -38     72.44    0.30163  0.67752E+00  -0.23942E+00   0.57291E+00      35.34
  -37     72.91    0.29383  0.66337E+00  -0.23660E+00   0.55822E+00      35.67
  -36     73.38    0.28601  0.64953E+00  -0.23379E+00   0.54386E+00      35.99
  -35     73.85    0.27817  0.63601E+00  -0.23098E+00   0.52983E+00      36.32
  -34     74.32    0.27031  0.62281E+00  -0.22818E+00   0.51612E+00      36.64
  -33     74.79    0.26243  0.60991E+00  -0.22538E+00   0.50274E+00      36.95
  -32     75.25    0.25454  0.59730E+00  -0.22259E+00   0.48966E+00      37.27
  -31     75.72    0.24663  0.58499E+00  -0.21980E+00   0.47689E+00      37.57
  -30     76.19    0.23871  0.57297E+00  -0.21703E+00   0.46442E+00      37.88
  -29     76.66    0.23076  0.56122E+00  -0.21427E+00   0.45224E+00      38.18
  -28     77.13    0.22281  0.54975E+00  -0.21151E+00   0.44035E+00      38.47
  -27     77.59    0.21483  0.53855E+00  -0.20877E+00   0.42874E+00      38.77
  -26     78.06    0.20685  0.52762E+00  -0.20605E+00   0.41740E+00      39.05
  -25     78.53    0.19885  0.51694E+00  -0.20333E+00   0.40634E+00      39.33
  -24     79.00    0.19083  0.50651E+00  -0.20063E+00   0.39553E+00      39.61
  -23     79.47    0.18280  0.49633E+00  -0.19795E+00   0.38499E+00      39.88
  -22     79.93    0.17477  0.48639E+00  -0.19528E+00   0.37469E+00      40.15
  -21     80.40    0.16671  0.47669E+00  -0.19262E+00   0.36464E+00      40.41
  -20     80.87    0.15865  0.46722E+00  -0.18999E+00   0.35483E+00      40.66
  -19     81.34    0.15058  0.45797E+00  -0.18737E+00   0.34526E+00      40.91
  -18     81.81    0.14250  0.44895E+00  -0.18477E+00   0.33591E+00      41.16
  -17     82.28    0.13441  0.44014E+00  -0.18219E+00   0.32679E+00      41.39
  -16     82.74    0.12631  0.43154E+00  -0.17963E+00   0.31789E+00      41.62
  -15     83.21    0.11820  0.42315E+00  -0.17709E+00   0.30920E+00      41.85
  -14     83.68    0.11008  0.41496E+00  -0.17456E+00   0.30072E+00      42.07
  -13     84.15    0.10195  0.40697E+00  -0.17206E+00   0.29245E+00      42.28
  -12     84.62    0.09382  0.39917E+00  -0.16958E+00   0.28437E+00      42.48
  -11     85.08    0.08569  0.39156E+00  -0.16712E+00   0.27649E+00      42.68
  -10     85.55    0.07754  0.38414E+00  -0.16468E+00   0.26880E+00      42.87
   -9     86.02    0.06939  0.37689E+00  -0.16227E+00   0.26129E+00      43.05
   -8     86.49    0.06124  0.36982E+00  -0.15987E+00   0.25396E+00      43.23
   -7     86.96    0.05308  0.36292E+00  -0.15750E+00   0.24681E+00      43.40
   -6     87.43    0.04492  0.35619E+00  -0.15515E+00   0.23982E+00      43.56
   -5     87.89    0.03676  0.34962E+00  -0.15283E+00   0.23301E+00      43.71
   -4     88.36    0.02859  0.34321E+00  -0.15052E+00   0.22636E+00      43.86
   -3     88.83    0.02043  0.33696E+00  -0.14824E+00   0.21986E+00      43.99
   -2     89.30    0.01226  0.33086E+00  -0.14598E+00   0.21352E+00      44.12
   -1     89.77    0.00409  0.32491E+00  -0.14375E+00   0.20734E+00      44.24
    0     90.00    0.00000  0.32199E+00  -0.14264E+00   0.20430E+00      44.30
    1     90.23   -0.00409  0.31911E+00  -0.14154E+00   0.20129E+00      44.35
    2     90.70   -0.01226  0.31344E+00  -0.13935E+00   0.19539E+00      44.46
    3     91.17   -0.02043  0.30792E+00  -0.13718E+00   0.18963E+00      44.55
    4     91.64   -0.02859  0.30253E+00  -0.13504E+00   0.18400E+00      44.64
    5     92.11   -0.03676  0.29727E+00  -0.13292E+00   0.17851E+00      44.71
    6     92.57   -0.04492  0.29214E+00  -0.13082E+00   0.17314E+00      44.78
    7     93.04   -0.05308  0.28714E+00  -0.12875E+00   0.16789E+00      44.84
    8     93.51   -0.06124  0.28226E+00  -0.12670E+00   0.16277E+00      44.89
    9     93.98   -0.06939  0.27750E+00  -0.12467E+00   0.15777E+00      44.93
   10     94.45   -0.07754  0.27286E+00  -0.12267E+00   0.15287E+00      44.96
   11     94.92   -0.08569  0.26834E+00  -0.12069E+00   0.14809E+00      44.98
   12     95.38   -0.09382  0.26392E+00  -0.11873E+00   0.14342E+00      44.99
   13     95.85   -0.10195  0.25961E+00  -0.11679E+00   0.13885E+00      44.99
   14     96.32   -0.11008  0.25541E+00  -0.11488E+00   0.13439E+00      44.98
   15     96.79   -0.11820  0.25132E+00  -0.11299E+00   0.13002E+00      44.96
   16     97.26   -0.12631  0.24732E+00  -0.11112E+00   0.12575E+00      44.93
   17     97.72   -0.13441  0.24343E+00  -0.10927E+00   0.12157E+00      44.89
   18     98.19   -0.14250  0.23963E+00  -0.10745E+00   0.11748E+00      44.84
   19     98.66   -0.15058  0.23593E+00  -0.10565E+00   0.11348E+00      44.78
   20     99.13   -0.15865  0.23231E+00  -0.10386E+00   0.10956E+00      44.71
   21     99.60   -0.16671  0.22879E+00  -0.10210E+00   0.10573E+00      44.63
   22    100.07   -0.17477  0.22536E+00  -0.10036E+00   0.10197E+00      44.53
   23    100.53   -0.18280  0.22201E+00  -0.98643E-01   0.98295E-01      44.43
   24    101.00   -0.19083  0.21875E+00  -0.96945E-01   0.94693E-01      44.32
   25    101.47   -0.19885  0.21557E+00  -0.95266E-01   0.91164E-01      44.19
   26    101.94   -0.20685  0.21247E+00  -0.93608E-01   0.87705E-01      44.06
   27    102.41   -0.21483  0.20945E+00  -0.91970E-01   0.84314E-01      43.91
   28    102.87   -0.22281  0.20650E+00  -0.90352E-01   0.80988E-01      43.75
   29    103.34   -0.23076  0.20363E+00  -0.88753E-01   0.77727E-01      43.58
   30    103.81   -0.23871  0.20084E+00  -0.87173E-01   0.74527E-01      43.41
   31    104.28   -0.24663  0.19811E+00  -0.85612E-01   0.71388E-01      43.21
   32    104.75   -0.25454  0.19546E+00  -0.84070E-01   0.68305E-01      43.01
   33    105.21   -0.26243  0.19287E+00  -0.82547E-01   0.65279E-01      42.80
   34    105.68   -0.27031  0.19035E+00  -0.81041E-01   0.62306E-01      42.58
   35    106.15   -0.27817  0.18790E+00  -0.79554E-01   0.59386E-01      42.34
   36    106.62   -0.28601  0.18551E+00  -0.78085E-01   0.56515E-01      42.09
   37    107.09   -0.29383  0.18318E+00  -0.76633E-01   0.53694E-01      41.84
   38    107.56   -0.30163  0.18091E+00  -0.75199E-01   0.50919E-01      41.57
   39    108.02   -0.30941  0.17871E+00  -0.73782E-01   0.48189E-01      41.29
   40    108.49   -0.31716  0.17656E+00  -0.72381E-01   0.45503E-01      40.99
   41    108.96   -0.32490  0.17447E+00  -0.70997E-01   0.42859E-01      40.69
   42    109.43   -0.33262  0.17244E+00  -0.69630E-01   0.40256E-01      40.38
   43    109.90   -0.34031  0.17047E+00  -0.68279E-01   0.37691E-01      40.05
   44    110.36   -0.34798  0.16854E+00  -0.66944E-01   0.35164E-01      39.72
   45    110.83   -0.35563  0.16668E+00  -0.65625E-01   0.32674E-01      39.37
   46    111.30   -0.36326  0.16486E+00  -0.64321E-01   0.30218E-01      39.02
   47    111.77   -0.37086  0.16309E+00  -0.63032E-01   0.27796E-01      38.65
   48    112.24   -0.37843  0.16138E+00  -0.61759E-01   0.25406E-01      38.27
   49    112.70   -0.38598  0.15971E+00  -0.60501E-01   0.23047E-01      37.88
   50    113.17   -0.39351  0.15809E+00  -0.59257E-01   0.20718E-01      37.48
   51    113.64   -0.40101  0.15652E+00  -0.58028E-01   0.18417E-01      37.07
   52    114.11   -0.40848  0.15500E+00  -0.56813E-01   0.16144E-01      36.65
   53    114.58   -0.41592  0.15352E+00  -0.55613E-01   0.13898E-01      36.22
   54    115.05   -0.42334  0.15209E+00  -0.54426E-01   0.11677E-01      35.79
   55    115.51   -0.43073  0.15070E+00  -0.53254E-01   0.94796E-02      35.34
   56    115.98   -0.43809  0.14936E+00  -0.52095E-01   0.73059E-02      34.88
   57    116.45   -0.44542  0.14805E+00  -0.50950E-01   0.51546E-02      34.41
   58    116.92   -0.45272  0.14679E+00  -0.49818E-01   0.30246E-02      33.94
   59    117.39   -0.45999  0.14557E+00  -0.48699E-01   0.91517E-03      33.45
   60    117.85   -0.46723  0.14440E+00  -0.47593E-01  -0.11746E-02      32.96
   61    118.32   -0.47443  0.14326E+00  -0.46500E-01  -0.32457E-02      32.46
   62    118.79   -0.48161  0.14216E+00  -0.45421E-01  -0.52987E-02      31.95
   63    119.26   -0.48875  0.14110E+00  -0.44354E-01  -0.73346E-02      31.43
   64    119.73   -0.49587  0.14007E+00  -0.43299E-01  -0.93540E-02      30.91
   65    120.20   -0.50294  0.13909E+00  -0.42257E-01  -0.11358E-01      30.38
   66    120.66   -0.50999  0.13814E+00  -0.41227E-01  -0.13346E-01      29.84
   67    121.13   -0.51700  0.13723E+00  -0.40210E-01  -0.15321E-01      29.30
   68    121.60   -0.52398  0.13636E+00  -0.39205E-01  -0.17281E-01      28.75
   69    122.07   -0.53092  0.13552E+00  -0.38212E-01  -0.19229E-01      28.20
   70    122.54   -0.53783  0.13471E+00  -0.37232E-01  -0.21164E-01      27.64
   71    123.00   -0.54470  0.13394E+00  -0.36263E-01  -0.23087E-01      27.07
   72    123.47   -0.55153  0.13321E+00  -0.35306E-01  -0.24998E-01      26.50
   73    123.94   -0.55833  0.13251E+00  -0.34361E-01  -0.26899E-01      25.93
   74    124.41   -0.56509  0.13184E+00  -0.33428E-01  -0.28789E-01      25.36
   75    124.88   -0.57181  0.13120E+00  -0.32507E-01  -0.30669E-01      24.78
   76    125.34   -0.57849  0.13060E+00  -0.31598E-01  -0.32539E-01      24.19
   77    125.81   -0.58514  0.13003E+00  -0.30700E-01  -0.34400E-01      23.61
   78    126.28   -0.59174  0.12949E+00  -0.29814E-01  -0.36253E-01      23.02
   79    126.75   -0.59831  0.12898E+00  -0.28940E-01  -0.38097E-01      22.44
   80    127.22   -0.60484  0.12851E+00  -0.28078E-01  -0.39933E-01      21.85
   81    127.69   -0.61132  0.12806E+00  -0.27227E-01  -0.41761E-01      21.26
   82    128.15   -0.61777  0.12765E+00  -0.26388E-01  -0.43582E-01      20.67
   83    128.62   -0.62417  0.12726E+00  -0.25561E-01  -0.45395E-01      20.09
   84    129.09   -0.63054  0.12690E+00  -0.24746E-01  -0.47201E-01      19.50
   85    129.56   -0.63686  0.12658E+00  -0.23942E-01  -0.49001E-01      18.92
   86    130.03   -0.64313  0.12628E+00  -0.23150E-01  -0.50794E-01      18.33
   87    130.49   -0.64937  0.12601E+00  -0.22370E-01  -0.52580E-01      17.75
   88    130.96   -0.65556  0.12577E+00  -0.21602E-01  -0.54361E-01      17.18
   89    131.43   -0.66171  0.12556E+00  -0.20846E-01  -0.56135E-01      16.60
   90    131.90   -0.66781  0.12537E+00  -0.20102E-01  -0.57903E-01      16.03
   91    132.37   -0.67387  0.12521E+00  -0.19370E-01  -0.59665E-01      15.47
   92    132.83   -0.67989  0.12508E+00  -0.18650E-01  -0.61421E-01      14.91
   93    133.30   -0.68586  0.12498E+00  -0.17942E-01  -0.63172E-01      14.36
   94    133.77   -0.69178  0.12490E+00  -0.17246E-01  -0.64917E-01      13.81
   95    134.24   -0.69766  0.12485E+00  -0.16562E-01  -0.66656E-01      13.27
   96    134.71   -0.70349  0.12483E+00  -0.15891E-01  -0.68389E-01      12.73
   97    135.18   -0.70927  0.12483E+00  -0.15231E-01  -0.70116E-01      12.20
   98    135.64   -0.71501  0.12486E+00  -0.14585E-01  -0.71838E-01      11.68
   99    136.11   -0.72069  0.12491E+00  -0.13950E-01  -0.73554E-01      11.17
  100    136.58   -0.72633  0.12499E+00  -0.13329E-01  -0.75264E-01      10.66
  101    137.05   -0.73193  0.12509E+00  -0.12719E-01  -0.76967E-01      10.17
  102    137.52   -0.73747  0.12521E+00  -0.12123E-01  -0.78665E-01       9.68
  103    137.98   -0.74296  0.12536E+00  -0.11539E-01  -0.80357E-01       9.20
  104    138.45   -0.74841  0.12553E+00  -0.10968E-01  -0.82042E-01       8.74
  105    138.92   -0.75380  0.12573E+00  -0.10409E-01  -0.83720E-01       8.28
  106    139.39   -0.75914  0.12595E+00  -0.98639E-02  -0.85392E-01       7.83
  107    139.86   -0.76444  0.12619E+00  -0.93313E-02  -0.87057E-01       7.39
  108    140.33   -0.76968  0.12646E+00  -0.88117E-02  -0.88715E-01       6.97
  109    140.79   -0.77487  0.12674E+00  -0.83051E-02  -0.90365E-01       6.55
  110    141.26   -0.78001  0.12705E+00  -0.78116E-02  -0.92008E-01       6.15
  111    141.73   -0.78509  0.12738E+00  -0.73311E-02  -0.93644E-01       5.76
  112    142.20   -0.79013  0.12773E+00  -0.68639E-02  -0.95271E-01       5.37
  113    142.67   -0.79511  0.12810E+00  -0.64097E-02  -0.96890E-01       5.00
  114    143.13   -0.80004  0.12849E+00  -0.59688E-02  -0.98501E-01       4.65
  115    143.60   -0.80491  0.12890E+00  -0.55411E-02  -0.10010E+00       4.30
  116    144.07   -0.80974  0.12933E+00  -0.51266E-02  -0.10170E+00       3.96
  117    144.54   -0.81450  0.12977E+00  -0.47254E-02  -0.10328E+00       3.64
  118    145.01   -0.81922  0.13024E+00  -0.43373E-02  -0.10485E+00       3.33
  119    145.47   -0.82387  0.13073E+00  -0.39625E-02  -0.10642E+00       3.03
  120    145.94   -0.82848  0.13123E+00  -0.36010E-02  -0.10797E+00       2.74
  121    146.41   -0.83303  0.13175E+00  -0.32526E-02  -0.10951E+00       2.47
  122    146.88   -0.83752  0.13228E+00  -0.29173E-02  -0.11104E+00       2.21
  123    147.35   -0.84195  0.13283E+00  -0.25952E-02  -0.11256E+00       1.95
  124    147.82   -0.84634  0.13340E+00  -0.22861E-02  -0.11407E+00       1.71
  125    148.28   -0.85066  0.13398E+00  -0.19901E-02  -0.11557E+00       1.49
  126    148.75   -0.85493  0.13458E+00  -0.17070E-02  -0.11706E+00       1.27
  127    149.22   -0.85914  0.13519E+00  -0.14367E-02  -0.11853E+00       1.06
  128    149.69   -0.86329  0.13582E+00  -0.11792E-02  -0.11999E+00       0.87
  129    150.16   -0.86738  0.13646E+00  -0.93434E-03  -0.12143E+00       0.68
  130    150.62   -0.87142  0.13711E+00  -0.70206E-03  -0.12286E+00       0.51
  131    151.09   -0.87540  0.13777E+00  -0.48221E-03  -0.12428E+00       0.35
  132    151.56   -0.87932  0.13844E+00  -0.27465E-03  -0.12568E+00       0.20
  133    152.03   -0.88318  0.13912E+00  -0.79251E-04  -0.12707E+00       0.06
  134    152.50   -0.88698  0.13982E+00   0.10415E-03  -0.12844E+00      -0.07
  135    152.96   -0.89073  0.14052E+00   0.27572E-03  -0.12980E+00      -0.20
  136    153.43   -0.89441  0.14123E+00   0.43565E-03  -0.13114E+00      -0.31
  137    153.90   -0.89804  0.14195E+00   0.58411E-03  -0.13247E+00      -0.41
  138    154.37   -0.90160  0.14268E+00   0.72131E-03  -0.13378E+00      -0.51
  139    154.84   -0.90510  0.14341E+00   0.84747E-03  -0.13507E+00      -0.59
  140    155.31   -0.90855  0.14415E+00   0.96281E-03  -0.13634E+00      -0.67
  141    155.77   -0.91193  0.14489E+00   0.10676E-02  -0.13760E+00      -0.74
  142    156.24   -0.91525  0.14564E+00   0.11620E-02  -0.13883E+00      -0.80
  143    156.71   -0.91851  0.14640E+00   0.12463E-02  -0.14005E+00      -0.85
  144    157.18   -0.92171  0.14715E+00   0.13209E-02  -0.14125E+00      -0.90
  145    157.65   -0.92485  0.14791E+00   0.13859E-02  -0.14243E+00      -0.94
  146    158.11   -0.92793  0.14867E+00   0.14417E-02  -0.14360E+00      -0.97
  147    158.58   -0.93094  0.14943E+00   0.14885E-02  -0.14474E+00      -1.00
  148    159.05   -0.93390  0.15019E+00   0.15267E-02  -0.14586E+00      -1.02
  149    159.52   -0.93679  0.15094E+00   0.15566E-02  -0.14696E+00      -1.03
  150    159.99   -0.93961  0.15170E+00   0.15785E-02  -0.14804E+00      -1.04
  151    160.46   -0.94238  0.15245E+00   0.15928E-02  -0.14910E+00      -1.04
  152    160.92   -0.94508  0.15321E+00   0.15998E-02  -0.15014E+00      -1.04
  153    161.39   -0.94772  0.15395E+00   0.15998E-02  -0.15115E+00      -1.04
  154    161.86   -0.95030  0.15469E+00   0.15932E-02  -0.15215E+00      -1.03
  155    162.33   -0.95281  0.15543E+00   0.15804E-02  -0.15312E+00      -1.02
  156    162.80   -0.95526  0.15616E+00   0.15617E-02  -0.15407E+00      -1.00
  157    163.26   -0.95764  0.15688E+00   0.15375E-02  -0.15500E+00      -0.98
  158    163.73   -0.95996  0.15759E+00   0.15082E-02  -0.15590E+00      -0.96
  159    164.20   -0.96222  0.15830E+00   0.14741E-02  -0.15678E+00      -0.93
  160    164.67   -0.96441  0.15899E+00   0.14357E-02  -0.15764E+00      -0.90
  161    165.14   -0.96654  0.15967E+00   0.13933E-02  -0.15847E+00      -0.87
  162    165.60   -0.96860  0.16034E+00   0.13473E-02  -0.15928E+00      -0.84
  163    166.07   -0.97060  0.16100E+00   0.12981E-02  -0.16007E+00      -0.81
  164    166.54   -0.97254  0.16165E+00   0.12461E-02  -0.16083E+00      -0.77
  165    167.01   -0.97440  0.16228E+00   0.11917E-02  -0.16156E+00      -0.73
  166    167.48   -0.97621  0.16290E+00   0.11351E-02  -0.16228E+00      -0.70
  167    167.95   -0.97795  0.16350E+00   0.10769E-02  -0.16296E+00      -0.66
  168    168.41   -0.97962  0.16409E+00   0.10174E-02  -0.16363E+00      -0.62
  169    168.88   -0.98123  0.16466E+00   0.95690E-03  -0.16426E+00      -0.58
  170    169.35   -0.98277  0.16521E+00   0.89582E-03  -0.16488E+00      -0.54
  171    169.82   -0.98425  0.16574E+00   0.83451E-03  -0.16546E+00      -0.50
  172    170.29   -0.98566  0.16626E+00   0.77330E-03  -0.16602E+00      -0.47
  173    170.75   -0.98701  0.16675E+00   0.71253E-03  -0.16656E+00      -0.43
  174    171.22   -0.98829  0.16723E+00   0.65254E-03  -0.16707E+00      -0.39
  175    171.69   -0.98950  0.16768E+00   0.59363E-03  -0.16755E+00      -0.35
  176    172.16   -0.99065  0.16811E+00   0.53612E-03  -0.16801E+00      -0.32
  177    172.63   -0.99173  0.16852E+00   0.48029E-03  -0.16844E+00      -0.29
  178    173.09   -0.99275  0.16891E+00   0.42644E-03  -0.16885E+00      -0.25
  179    173.56   -0.99370  0.16927E+00   0.37483E-03  -0.16923E+00      -0.22
  180    174.03   -0.99458  0.16962E+00   0.32570E-03  -0.16958E+00      -0.19
  181    174.50   -0.99539  0.16993E+00   0.27931E-03  -0.16991E+00      -0.16
  182    174.97   -0.99614  0.17023E+00   0.23588E-03  -0.17021E+00      -0.14
  183    175.44   -0.99683  0.17049E+00   0.19561E-03  -0.17048E+00      -0.11
  184    175.90   -0.99744  0.17074E+00   0.15869E-03  -0.17073E+00      -0.09
  185    176.37   -0.99799  0.17095E+00   0.12530E-03  -0.17095E+00      -0.07
  186    176.84   -0.99848  0.17115E+00   0.95599E-04  -0.17114E+00      -0.06
  187    177.31   -0.99890  0.17131E+00   0.69721E-04  -0.17131E+00      -0.04
  188    177.78   -0.99925  0.17145E+00   0.47789E-04  -0.17145E+00      -0.03
  189    178.24   -0.99953  0.17157E+00   0.29903E-04  -0.17157E+00      -0.02
  190    178.71   -0.99975  0.17165E+00   0.16146E-04  -0.17165E+00      -0.01
  191    179.18   -0.99990  0.17171E+00   0.65811E-05  -0.17171E+00      -0.00
  192    179.64   -0.99998  0.17175E+00   0.12502E-05  -0.17175E+00      -0.00
  193    180.00   -1.00000  0.17175E+00   0.00000E+00  -0.17175E+00      -0.00

