 alpha final =    551.00000000000000     

     granulo :  rn =  1.0  rm = 0.15  ln sig =  0.290  pour r <  50. mic.
     ======================================================================

                    longueur d onde :  0.580 microns
                    ================================

     indice reel :   1.45000     indice imaginaire : -0.35000E-02


                    nombre de particules :  0.10000E+01

       Sections d extinction et de diffusion ramenees a une particule :
       ----------------------------------------------------------------
     extinction :  0.11857E+00 mic**2     diffusion :  0.11614E+00 mic**2

            Pizero : 0.979496                 g.assymetrie : 0.66178

 ------------------------------------------------------------------------------
   j      theta       mu         i             q             u         -q/i*100
 ------------------------------------------------------------------------------
 -193      0.00    1.00000  0.74187E+01   0.00000E+00   0.74187E+01      -0.00
 -192      0.36    0.99998  0.74180E+01  -0.60156E-04   0.74180E+01       0.00
 -191      0.82    0.99990  0.74153E+01  -0.31684E-03   0.74153E+01       0.00
 -190      1.29    0.99975  0.74104E+01  -0.77818E-03   0.74104E+01       0.01
 -189      1.76    0.99953  0.74033E+01  -0.14435E-02   0.74033E+01       0.02
 -188      2.22    0.99925  0.73940E+01  -0.23115E-02   0.73940E+01       0.03
 -187      2.69    0.99890  0.73825E+01  -0.33809E-02   0.73825E+01       0.05
 -186      3.16    0.99848  0.73690E+01  -0.46498E-02   0.73690E+01       0.06
 -185      3.63    0.99799  0.73532E+01  -0.61159E-02   0.73532E+01       0.08
 -184      4.10    0.99744  0.73354E+01  -0.77767E-02   0.73354E+01       0.11
 -183      4.56    0.99683  0.73154E+01  -0.96294E-02   0.73154E+01       0.13
 -182      5.03    0.99614  0.72934E+01  -0.11671E-01   0.72934E+01       0.16
 -181      5.50    0.99539  0.72693E+01  -0.13897E-01   0.72693E+01       0.19
 -180      5.97    0.99458  0.72432E+01  -0.16305E-01   0.72432E+01       0.23
 -179      6.44    0.99370  0.72151E+01  -0.18891E-01   0.72151E+01       0.26
 -178      6.91    0.99275  0.71850E+01  -0.21649E-01   0.71849E+01       0.30
 -177      7.37    0.99173  0.71530E+01  -0.24575E-01   0.71529E+01       0.34
 -176      7.84    0.99065  0.71190E+01  -0.27665E-01   0.71189E+01       0.39
 -175      8.31    0.98950  0.70832E+01  -0.30913E-01   0.70831E+01       0.44
 -174      8.78    0.98829  0.70456E+01  -0.34313E-01   0.70454E+01       0.49
 -173      9.25    0.98701  0.70061E+01  -0.37861E-01   0.70058E+01       0.54
 -172      9.71    0.98566  0.69649E+01  -0.41550E-01   0.69646E+01       0.60
 -171     10.18    0.98425  0.69219E+01  -0.45374E-01   0.69216E+01       0.66
 -170     10.65    0.98277  0.68773E+01  -0.49326E-01   0.68769E+01       0.72
 -169     11.12    0.98123  0.68310E+01  -0.53401E-01   0.68305E+01       0.78
 -168     11.59    0.97962  0.67832E+01  -0.57592E-01   0.67826E+01       0.85
 -167     12.05    0.97795  0.67338E+01  -0.61893E-01   0.67331E+01       0.92
 -166     12.52    0.97621  0.66829E+01  -0.66295E-01   0.66821E+01       0.99
 -165     12.99    0.97440  0.66306E+01  -0.70793E-01   0.66296E+01       1.07
 -164     13.46    0.97254  0.65768E+01  -0.75379E-01   0.65758E+01       1.15
 -163     13.93    0.97060  0.65217E+01  -0.80046E-01   0.65205E+01       1.23
 -162     14.40    0.96860  0.64654E+01  -0.84787E-01   0.64640E+01       1.31
 -161     14.86    0.96654  0.64077E+01  -0.89595E-01   0.64062E+01       1.40
 -160     15.33    0.96441  0.63489E+01  -0.94462E-01   0.63472E+01       1.49
 -159     15.80    0.96222  0.62889E+01  -0.99381E-01   0.62870E+01       1.58
 -158     16.27    0.95996  0.62279E+01  -0.10434E+00   0.62257E+01       1.68
 -157     16.74    0.95764  0.61658E+01  -0.10935E+00   0.61634E+01       1.77
 -156     17.20    0.95526  0.61027E+01  -0.11438E+00   0.61000E+01       1.87
 -155     17.67    0.95281  0.60387E+01  -0.11943E+00   0.60358E+01       1.98
 -154     18.14    0.95030  0.59738E+01  -0.12450E+00   0.59706E+01       2.08
 -153     18.61    0.94772  0.59081E+01  -0.12958E+00   0.59046E+01       2.19
 -152     19.08    0.94508  0.58416E+01  -0.13466E+00   0.58378E+01       2.31
 -151     19.54    0.94238  0.57744E+01  -0.13973E+00   0.57702E+01       2.42
 -150     20.01    0.93961  0.57066E+01  -0.14480E+00   0.57020E+01       2.54
 -149     20.48    0.93679  0.56381E+01  -0.14984E+00   0.56332E+01       2.66
 -148     20.95    0.93390  0.55691E+01  -0.15486E+00   0.55638E+01       2.78
 -147     21.42    0.93094  0.54996E+01  -0.15984E+00   0.54938E+01       2.91
 -146     21.89    0.92793  0.54296E+01  -0.16479E+00   0.54234E+01       3.03
 -145     22.35    0.92485  0.53592E+01  -0.16969E+00   0.53525E+01       3.17
 -144     22.82    0.92171  0.52885E+01  -0.17454E+00   0.52813E+01       3.30
 -143     23.29    0.91851  0.52175E+01  -0.17933E+00   0.52098E+01       3.44
 -142     23.76    0.91525  0.51462E+01  -0.18407E+00   0.51379E+01       3.58
 -141     24.23    0.91193  0.50747E+01  -0.18873E+00   0.50659E+01       3.72
 -140     24.69    0.90855  0.50030E+01  -0.19332E+00   0.49937E+01       3.86
 -139     25.16    0.90510  0.49313E+01  -0.19784E+00   0.49213E+01       4.01
 -138     25.63    0.90160  0.48594E+01  -0.20227E+00   0.48488E+01       4.16
 -137     26.10    0.89804  0.47876E+01  -0.20661E+00   0.47764E+01       4.32
 -136     26.57    0.89441  0.47157E+01  -0.21086E+00   0.47039E+01       4.47
 -135     27.04    0.89073  0.46439E+01  -0.21501E+00   0.46314E+01       4.63
 -134     27.50    0.88698  0.45722E+01  -0.21907E+00   0.45590E+01       4.79
 -133     27.97    0.88318  0.45007E+01  -0.22302E+00   0.44868E+01       4.96
 -132     28.44    0.87932  0.44294E+01  -0.22686E+00   0.44147E+01       5.12
 -131     28.91    0.87540  0.43582E+01  -0.23059E+00   0.43428E+01       5.29
 -130     29.38    0.87142  0.42873E+01  -0.23421E+00   0.42711E+01       5.46
 -129     29.84    0.86738  0.42168E+01  -0.23771E+00   0.41998E+01       5.64
 -128     30.31    0.86329  0.41465E+01  -0.24109E+00   0.41287E+01       5.81
 -127     30.78    0.85914  0.40766E+01  -0.24434E+00   0.40580E+01       5.99
 -126     31.25    0.85493  0.40071E+01  -0.24748E+00   0.39876E+01       6.18
 -125     31.72    0.85066  0.39380E+01  -0.25048E+00   0.39177E+01       6.36
 -124     32.18    0.84634  0.38694E+01  -0.25336E+00   0.38482E+01       6.55
 -123     32.65    0.84195  0.38012E+01  -0.25611E+00   0.37791E+01       6.74
 -122     33.12    0.83752  0.37336E+01  -0.25873E+00   0.37106E+01       6.93
 -121     33.59    0.83303  0.36665E+01  -0.26122E+00   0.36426E+01       7.12
 -120     34.06    0.82848  0.35999E+01  -0.26357E+00   0.35751E+01       7.32
 -119     34.53    0.82387  0.35339E+01  -0.26579E+00   0.35082E+01       7.52
 -118     34.99    0.81922  0.34685E+01  -0.26788E+00   0.34418E+01       7.72
 -117     35.46    0.81450  0.34038E+01  -0.26983E+00   0.33761E+01       7.93
 -116     35.93    0.80974  0.33397E+01  -0.27165E+00   0.33110E+01       8.13
 -115     36.40    0.80491  0.32762E+01  -0.27333E+00   0.32466E+01       8.34
 -114     36.87    0.80004  0.32135E+01  -0.27488E+00   0.31828E+01       8.55
 -113     37.33    0.79511  0.31514E+01  -0.27630E+00   0.31198E+01       8.77
 -112     37.80    0.79013  0.30900E+01  -0.27758E+00   0.30574E+01       8.98
 -111     38.27    0.78509  0.30294E+01  -0.27873E+00   0.29958E+01       9.20
 -110     38.74    0.78001  0.29695E+01  -0.27975E+00   0.29348E+01       9.42
 -109     39.21    0.77487  0.29103E+01  -0.28064E+00   0.28747E+01       9.64
 -108     39.67    0.76968  0.28520E+01  -0.28141E+00   0.28153E+01       9.87
 -107     40.14    0.76444  0.27943E+01  -0.28204E+00   0.27566E+01      10.09
 -106     40.61    0.75914  0.27375E+01  -0.28255E+00   0.26988E+01      10.32
 -105     41.08    0.75380  0.26814E+01  -0.28293E+00   0.26417E+01      10.55
 -104     41.55    0.74841  0.26262E+01  -0.28319E+00   0.25854E+01      10.78
 -103     42.02    0.74296  0.25717E+01  -0.28333E+00   0.25299E+01      11.02
 -102     42.48    0.73747  0.25181E+01  -0.28336E+00   0.24752E+01      11.25
 -101     42.95    0.73193  0.24652E+01  -0.28326E+00   0.24214E+01      11.49
 -100     43.42    0.72633  0.24132E+01  -0.28305E+00   0.23683E+01      11.73
  -99     43.89    0.72069  0.23620E+01  -0.28273E+00   0.23161E+01      11.97
  -98     44.36    0.71501  0.23116E+01  -0.28230E+00   0.22647E+01      12.21
  -97     44.82    0.70927  0.22620E+01  -0.28177E+00   0.22141E+01      12.46
  -96     45.29    0.70349  0.22133E+01  -0.28112E+00   0.21643E+01      12.70
  -95     45.76    0.69766  0.21653E+01  -0.28038E+00   0.21154E+01      12.95
  -94     46.23    0.69178  0.21182E+01  -0.27954E+00   0.20673E+01      13.20
  -93     46.70    0.68586  0.20719E+01  -0.27859E+00   0.20200E+01      13.45
  -92     47.17    0.67989  0.20264E+01  -0.27756E+00   0.19736E+01      13.70
  -91     47.63    0.67387  0.19818E+01  -0.27643E+00   0.19279E+01      13.95
  -90     48.10    0.66781  0.19379E+01  -0.27522E+00   0.18831E+01      14.20
  -89     48.57    0.66171  0.18948E+01  -0.27392E+00   0.18391E+01      14.46
  -88     49.04    0.65556  0.18526E+01  -0.27253E+00   0.17959E+01      14.71
  -87     49.51    0.64937  0.18111E+01  -0.27107E+00   0.17535E+01      14.97
  -86     49.97    0.64313  0.17704E+01  -0.26953E+00   0.17119E+01      15.22
  -85     50.44    0.63686  0.17305E+01  -0.26792E+00   0.16712E+01      15.48
  -84     50.91    0.63054  0.16914E+01  -0.26623E+00   0.16312E+01      15.74
  -83     51.38    0.62417  0.16531E+01  -0.26447E+00   0.15919E+01      16.00
  -82     51.85    0.61777  0.16155E+01  -0.26265E+00   0.15535E+01      16.26
  -81     52.31    0.61132  0.15787E+01  -0.26077E+00   0.15159E+01      16.52
  -80     52.78    0.60484  0.15426E+01  -0.25883E+00   0.14790E+01      16.78
  -79     53.25    0.59831  0.15073E+01  -0.25682E+00   0.14428E+01      17.04
  -78     53.72    0.59174  0.14727E+01  -0.25477E+00   0.14074E+01      17.30
  -77     54.19    0.58514  0.14388E+01  -0.25266E+00   0.13728E+01      17.56
  -76     54.66    0.57849  0.14057E+01  -0.25051E+00   0.13389E+01      17.82
  -75     55.12    0.57181  0.13732E+01  -0.24830E+00   0.13057E+01      18.08
  -74     55.59    0.56509  0.13415E+01  -0.24606E+00   0.12732E+01      18.34
  -73     56.06    0.55833  0.13104E+01  -0.24377E+00   0.12414E+01      18.60
  -72     56.53    0.55153  0.12800E+01  -0.24145E+00   0.12103E+01      18.86
  -71     57.00    0.54470  0.12503E+01  -0.23909E+00   0.11799E+01      19.12
  -70     57.46    0.53783  0.12213E+01  -0.23670E+00   0.11502E+01      19.38
  -69     57.93    0.53092  0.11928E+01  -0.23427E+00   0.11212E+01      19.64
  -68     58.40    0.52398  0.11651E+01  -0.23182E+00   0.10928E+01      19.90
  -67     58.87    0.51700  0.11379E+01  -0.22935E+00   0.10650E+01      20.15
  -66     59.34    0.50999  0.11114E+01  -0.22685E+00   0.10379E+01      20.41
  -65     59.80    0.50294  0.10855E+01  -0.22433E+00   0.10114E+01      20.67
  -64     60.27    0.49587  0.10602E+01  -0.22179E+00   0.98557E+00      20.92
  -63     60.74    0.48875  0.10355E+01  -0.21923E+00   0.96031E+00      21.17
  -62     61.21    0.48161  0.10114E+01  -0.21666E+00   0.93565E+00      21.42
  -61     61.68    0.47443  0.98779E+00  -0.21408E+00   0.91158E+00      21.67
  -60     62.15    0.46723  0.96478E+00  -0.21148E+00   0.88808E+00      21.92
  -59     62.61    0.45999  0.94232E+00  -0.20888E+00   0.86515E+00      22.17
  -58     63.08    0.45272  0.92039E+00  -0.20627E+00   0.84277E+00      22.41
  -57     63.55    0.44542  0.89899E+00  -0.20366E+00   0.82094E+00      22.65
  -56     64.02    0.43809  0.87811E+00  -0.20104E+00   0.79964E+00      22.89
  -55     64.49    0.43073  0.85774E+00  -0.19843E+00   0.77887E+00      23.13
  -54     64.95    0.42334  0.83786E+00  -0.19581E+00   0.75861E+00      23.37
  -53     65.42    0.41592  0.81847E+00  -0.19319E+00   0.73885E+00      23.60
  -52     65.89    0.40848  0.79956E+00  -0.19058E+00   0.71959E+00      23.84
  -51     66.36    0.40101  0.78111E+00  -0.18798E+00   0.70081E+00      24.07
  -50     66.83    0.39351  0.76312E+00  -0.18538E+00   0.68251E+00      24.29
  -49     67.30    0.38598  0.74558E+00  -0.18279E+00   0.66467E+00      24.52
  -48     67.76    0.37843  0.72848E+00  -0.18021E+00   0.64728E+00      24.74
  -47     68.23    0.37086  0.71181E+00  -0.17764E+00   0.63034E+00      24.96
  -46     68.70    0.36326  0.69556E+00  -0.17508E+00   0.61384E+00      25.17
  -45     69.17    0.35563  0.67972E+00  -0.17253E+00   0.59776E+00      25.38
  -44     69.64    0.34798  0.66428E+00  -0.17000E+00   0.58209E+00      25.59
  -43     70.10    0.34031  0.64923E+00  -0.16748E+00   0.56683E+00      25.80
  -42     70.57    0.33262  0.63456E+00  -0.16498E+00   0.55197E+00      26.00
  -41     71.04    0.32490  0.62028E+00  -0.16250E+00   0.53750E+00      26.20
  -40     71.51    0.31716  0.60635E+00  -0.16003E+00   0.52341E+00      26.39
  -39     71.98    0.30941  0.59279E+00  -0.15758E+00   0.50969E+00      26.58
  -38     72.44    0.30163  0.57957E+00  -0.15515E+00   0.49633E+00      26.77
  -37     72.91    0.29383  0.56670E+00  -0.15275E+00   0.48332E+00      26.95
  -36     73.38    0.28601  0.55416E+00  -0.15036E+00   0.47066E+00      27.13
  -35     73.85    0.27817  0.54194E+00  -0.14799E+00   0.45834E+00      27.31
  -34     74.32    0.27031  0.53004E+00  -0.14565E+00   0.44634E+00      27.48
  -33     74.79    0.26243  0.51845E+00  -0.14333E+00   0.43467E+00      27.65
  -32     75.25    0.25454  0.50716E+00  -0.14103E+00   0.42331E+00      27.81
  -31     75.72    0.24663  0.49617E+00  -0.13876E+00   0.41225E+00      27.97
  -30     76.19    0.23871  0.48546E+00  -0.13651E+00   0.40149E+00      28.12
  -29     76.66    0.23076  0.47504E+00  -0.13429E+00   0.39101E+00      28.27
  -28     77.13    0.22281  0.46489E+00  -0.13209E+00   0.38082E+00      28.41
  -27     77.59    0.21483  0.45500E+00  -0.12991E+00   0.37091E+00      28.55
  -26     78.06    0.20685  0.44538E+00  -0.12776E+00   0.36126E+00      28.69
  -25     78.53    0.19885  0.43600E+00  -0.12564E+00   0.35187E+00      28.82
  -24     79.00    0.19083  0.42688E+00  -0.12354E+00   0.34274E+00      28.94
  -23     79.47    0.18280  0.41799E+00  -0.12147E+00   0.33386E+00      29.06
  -22     79.93    0.17477  0.40934E+00  -0.11942E+00   0.32521E+00      29.17
  -21     80.40    0.16671  0.40092E+00  -0.11741E+00   0.31680E+00      29.28
  -20     80.87    0.15865  0.39272E+00  -0.11541E+00   0.30861E+00      29.39
  -19     81.34    0.15058  0.38473E+00  -0.11345E+00   0.30065E+00      29.49
  -18     81.81    0.14250  0.37696E+00  -0.11151E+00   0.29291E+00      29.58
  -17     82.28    0.13441  0.36939E+00  -0.10959E+00   0.28537E+00      29.67
  -16     82.74    0.12631  0.36202E+00  -0.10770E+00   0.27803E+00      29.75
  -15     83.21    0.11820  0.35484E+00  -0.10584E+00   0.27090E+00      29.83
  -14     83.68    0.11008  0.34786E+00  -0.10401E+00   0.26395E+00      29.90
  -13     84.15    0.10195  0.34106E+00  -0.10220E+00   0.25720E+00      29.97
  -12     84.62    0.09382  0.33444E+00  -0.10042E+00   0.25062E+00      30.03
  -11     85.08    0.08569  0.32799E+00  -0.98660E-01   0.24422E+00      30.08
  -10     85.55    0.07754  0.32172E+00  -0.96929E-01   0.23800E+00      30.13
   -9     86.02    0.06939  0.31561E+00  -0.95223E-01   0.23194E+00      30.17
   -8     86.49    0.06124  0.30966E+00  -0.93542E-01   0.22604E+00      30.21
   -7     86.96    0.05308  0.30386E+00  -0.91887E-01   0.22029E+00      30.24
   -6     87.43    0.04492  0.29822E+00  -0.90256E-01   0.21470E+00      30.26
   -5     87.89    0.03676  0.29273E+00  -0.88650E-01   0.20926E+00      30.28
   -4     88.36    0.02859  0.28738E+00  -0.87068E-01   0.20396E+00      30.30
   -3     88.83    0.02043  0.28218E+00  -0.85511E-01   0.19880E+00      30.30
   -2     89.30    0.01226  0.27711E+00  -0.83977E-01   0.19377E+00      30.30
   -1     89.77    0.00409  0.27217E+00  -0.82466E-01   0.18888E+00      30.30
    0     90.00    0.00000  0.26975E+00  -0.81720E-01   0.18648E+00      30.29
    1     90.23   -0.00409  0.26736E+00  -0.80979E-01   0.18411E+00      30.29
    2     90.70   -0.01226  0.26268E+00  -0.79514E-01   0.17946E+00      30.27
    3     91.17   -0.02043  0.25812E+00  -0.78072E-01   0.17493E+00      30.25
    4     91.64   -0.02859  0.25368E+00  -0.76652E-01   0.17052E+00      30.22
    5     92.11   -0.03676  0.24935E+00  -0.75254E-01   0.16622E+00      30.18
    6     92.57   -0.04492  0.24514E+00  -0.73877E-01   0.16202E+00      30.14
    7     93.04   -0.05308  0.24104E+00  -0.72521E-01   0.15793E+00      30.09
    8     93.51   -0.06124  0.23704E+00  -0.71186E-01   0.15395E+00      30.03
    9     93.98   -0.06939  0.23315E+00  -0.69872E-01   0.15006E+00      29.97
   10     94.45   -0.07754  0.22936E+00  -0.68577E-01   0.14626E+00      29.90
   11     94.92   -0.08569  0.22567E+00  -0.67302E-01   0.14256E+00      29.82
   12     95.38   -0.09382  0.22207E+00  -0.66046E-01   0.13894E+00      29.74
   13     95.85   -0.10195  0.21857E+00  -0.64809E-01   0.13541E+00      29.65
   14     96.32   -0.11008  0.21516E+00  -0.63591E-01   0.13196E+00      29.56
   15     96.79   -0.11820  0.21183E+00  -0.62390E-01   0.12859E+00      29.45
   16     97.26   -0.12631  0.20859E+00  -0.61207E-01   0.12530E+00      29.34
   17     97.72   -0.13441  0.20544E+00  -0.60042E-01   0.12208E+00      29.23
   18     98.19   -0.14250  0.20236E+00  -0.58893E-01   0.11894E+00      29.10
   19     98.66   -0.15058  0.19937E+00  -0.57761E-01   0.11586E+00      28.97
   20     99.13   -0.15865  0.19645E+00  -0.56645E-01   0.11285E+00      28.83
   21     99.60   -0.16671  0.19361E+00  -0.55545E-01   0.10991E+00      28.69
   22    100.07   -0.17477  0.19083E+00  -0.54460E-01   0.10703E+00      28.54
   23    100.53   -0.18280  0.18814E+00  -0.53390E-01   0.10420E+00      28.38
   24    101.00   -0.19083  0.18551E+00  -0.52335E-01   0.10144E+00      28.21
   25    101.47   -0.19885  0.18294E+00  -0.51293E-01   0.98727E-01      28.04
   26    101.94   -0.20685  0.18045E+00  -0.50266E-01   0.96070E-01      27.86
   27    102.41   -0.21483  0.17801E+00  -0.49252E-01   0.93464E-01      27.67
   28    102.87   -0.22281  0.17564E+00  -0.48252E-01   0.90908E-01      27.47
   29    103.34   -0.23076  0.17334E+00  -0.47264E-01   0.88399E-01      27.27
   30    103.81   -0.23871  0.17109E+00  -0.46289E-01   0.85936E-01      27.06
   31    104.28   -0.24663  0.16889E+00  -0.45325E-01   0.83516E-01      26.84
   32    104.75   -0.25454  0.16676E+00  -0.44374E-01   0.81138E-01      26.61
   33    105.21   -0.26243  0.16468E+00  -0.43433E-01   0.78799E-01      26.37
   34    105.68   -0.27031  0.16265E+00  -0.42504E-01   0.76500E-01      26.13
   35    106.15   -0.27817  0.16067E+00  -0.41586E-01   0.74237E-01      25.88
   36    106.62   -0.28601  0.15875E+00  -0.40678E-01   0.72009E-01      25.62
   37    107.09   -0.29383  0.15688E+00  -0.39780E-01   0.69815E-01      25.36
   38    107.56   -0.30163  0.15505E+00  -0.38892E-01   0.67652E-01      25.08
   39    108.02   -0.30941  0.15327E+00  -0.38013E-01   0.65521E-01      24.80
   40    108.49   -0.31716  0.15154E+00  -0.37144E-01   0.63418E-01      24.51
   41    108.96   -0.32490  0.14986E+00  -0.36283E-01   0.61343E-01      24.21
   42    109.43   -0.33262  0.14822E+00  -0.35432E-01   0.59295E-01      23.91
   43    109.90   -0.34031  0.14662E+00  -0.34588E-01   0.57271E-01      23.59
   44    110.36   -0.34798  0.14506E+00  -0.33753E-01   0.55272E-01      23.27
   45    110.83   -0.35563  0.14355E+00  -0.32926E-01   0.53295E-01      22.94
   46    111.30   -0.36326  0.14208E+00  -0.32107E-01   0.51339E-01      22.60
   47    111.77   -0.37086  0.14064E+00  -0.31295E-01   0.49403E-01      22.25
   48    112.24   -0.37843  0.13925E+00  -0.30490E-01   0.47487E-01      21.90
   49    112.70   -0.38598  0.13789E+00  -0.29692E-01   0.45588E-01      21.53
   50    113.17   -0.39351  0.13657E+00  -0.28901E-01   0.43706E-01      21.16
   51    113.64   -0.40101  0.13529E+00  -0.28117E-01   0.41840E-01      20.78
   52    114.11   -0.40848  0.13404E+00  -0.27340E-01   0.39988E-01      20.40
   53    114.58   -0.41592  0.13283E+00  -0.26568E-01   0.38151E-01      20.00
   54    115.05   -0.42334  0.13166E+00  -0.25803E-01   0.36326E-01      19.60
   55    115.51   -0.43073  0.13051E+00  -0.25044E-01   0.34513E-01      19.19
   56    115.98   -0.43809  0.12940E+00  -0.24290E-01   0.32711E-01      18.77
   57    116.45   -0.44542  0.12833E+00  -0.23543E-01   0.30919E-01      18.35
   58    116.92   -0.45272  0.12728E+00  -0.22801E-01   0.29137E-01      17.91
   59    117.39   -0.45999  0.12627E+00  -0.22065E-01   0.27362E-01      17.47
   60    117.85   -0.46723  0.12529E+00  -0.21334E-01   0.25596E-01      17.03
   61    118.32   -0.47443  0.12434E+00  -0.20609E-01   0.23837E-01      16.57
   62    118.79   -0.48161  0.12342E+00  -0.19888E-01   0.22083E-01      16.11
   63    119.26   -0.48875  0.12253E+00  -0.19174E-01   0.20336E-01      15.65
   64    119.73   -0.49587  0.12167E+00  -0.18464E-01   0.18593E-01      15.18
   65    120.20   -0.50294  0.12084E+00  -0.17759E-01   0.16854E-01      14.70
   66    120.66   -0.50999  0.12003E+00  -0.17060E-01   0.15119E-01      14.21
   67    121.13   -0.51700  0.11926E+00  -0.16366E-01   0.13386E-01      13.72
   68    121.60   -0.52398  0.11851E+00  -0.15677E-01   0.11657E-01      13.23
   69    122.07   -0.53092  0.11779E+00  -0.14993E-01   0.99286E-02      12.73
   70    122.54   -0.53783  0.11710E+00  -0.14315E-01   0.82019E-02      12.22
   71    123.00   -0.54470  0.11643E+00  -0.13641E-01   0.64761E-02      11.72
   72    123.47   -0.55153  0.11579E+00  -0.12973E-01   0.47506E-02      11.20
   73    123.94   -0.55833  0.11518E+00  -0.12311E-01   0.30250E-02      10.69
   74    124.41   -0.56509  0.11459E+00  -0.11653E-01   0.12989E-02      10.17
   75    124.88   -0.57181  0.11403E+00  -0.11002E-01  -0.42811E-03       9.65
   76    125.34   -0.57849  0.11350E+00  -0.10355E-01  -0.21564E-02       9.12
   77    125.81   -0.58514  0.11299E+00  -0.97149E-02  -0.38864E-02       8.60
   78    126.28   -0.59174  0.11251E+00  -0.90802E-02  -0.56183E-02       8.07
   79    126.75   -0.59831  0.11205E+00  -0.84514E-02  -0.73524E-02       7.54
   80    127.22   -0.60484  0.11161E+00  -0.78286E-02  -0.90891E-02       7.01
   81    127.69   -0.61132  0.11120E+00  -0.72121E-02  -0.10829E-01       6.49
   82    128.15   -0.61777  0.11082E+00  -0.66019E-02  -0.12571E-01       5.96
   83    128.62   -0.62417  0.11046E+00  -0.59983E-02  -0.14317E-01       5.43
   84    129.09   -0.63054  0.11012E+00  -0.54013E-02  -0.16066E-01       4.90
   85    129.56   -0.63686  0.10981E+00  -0.48113E-02  -0.17819E-01       4.38
   86    130.03   -0.64313  0.10952E+00  -0.42283E-02  -0.19575E-01       3.86
   87    130.49   -0.64937  0.10926E+00  -0.36525E-02  -0.21335E-01       3.34
   88    130.96   -0.65556  0.10902E+00  -0.30843E-02  -0.23099E-01       2.83
   89    131.43   -0.66171  0.10880E+00  -0.25238E-02  -0.24867E-01       2.32
   90    131.90   -0.66781  0.10861E+00  -0.19711E-02  -0.26639E-01       1.81
   91    132.37   -0.67387  0.10844E+00  -0.14267E-02  -0.28415E-01       1.32
   92    132.83   -0.67989  0.10829E+00  -0.89058E-03  -0.30195E-01       0.82
   93    133.30   -0.68586  0.10817E+00  -0.36312E-03  -0.31979E-01       0.34
   94    133.77   -0.69178  0.10807E+00   0.15546E-03  -0.33767E-01      -0.14
   95    134.24   -0.69766  0.10799E+00   0.66491E-03  -0.35559E-01      -0.62
   96    134.71   -0.70349  0.10794E+00   0.11650E-02  -0.37354E-01      -1.08
   97    135.18   -0.70927  0.10791E+00   0.16554E-02  -0.39153E-01      -1.53
   98    135.64   -0.71501  0.10790E+00   0.21359E-02  -0.40955E-01      -1.98
   99    136.11   -0.72069  0.10792E+00   0.26062E-02  -0.42761E-01      -2.41
  100    136.58   -0.72633  0.10796E+00   0.30660E-02  -0.44569E-01      -2.84
  101    137.05   -0.73193  0.10802E+00   0.35152E-02  -0.46381E-01      -3.25
  102    137.52   -0.73747  0.10811E+00   0.39533E-02  -0.48195E-01      -3.66
  103    137.98   -0.74296  0.10821E+00   0.43802E-02  -0.50011E-01      -4.05
  104    138.45   -0.74841  0.10834E+00   0.47955E-02  -0.51830E-01      -4.43
  105    138.92   -0.75380  0.10850E+00   0.51991E-02  -0.53650E-01      -4.79
  106    139.39   -0.75914  0.10867E+00   0.55906E-02  -0.55471E-01      -5.14
  107    139.86   -0.76444  0.10887E+00   0.59697E-02  -0.57294E-01      -5.48
  108    140.33   -0.76968  0.10909E+00   0.63362E-02  -0.59117E-01      -5.81
  109    140.79   -0.77487  0.10933E+00   0.66899E-02  -0.60941E-01      -6.12
  110    141.26   -0.78001  0.10960E+00   0.70305E-02  -0.62764E-01      -6.41
  111    141.73   -0.78509  0.10988E+00   0.73578E-02  -0.64587E-01      -6.70
  112    142.20   -0.79013  0.11019E+00   0.76715E-02  -0.66409E-01      -6.96
  113    142.67   -0.79511  0.11052E+00   0.79714E-02  -0.68230E-01      -7.21
  114    143.13   -0.80004  0.11087E+00   0.82573E-02  -0.70049E-01      -7.45
  115    143.60   -0.80491  0.11124E+00   0.85289E-02  -0.71865E-01      -7.67
  116    144.07   -0.80974  0.11164E+00   0.87862E-02  -0.73678E-01      -7.87
  117    144.54   -0.81450  0.11205E+00   0.90288E-02  -0.75488E-01      -8.06
  118    145.01   -0.81922  0.11249E+00   0.92567E-02  -0.77294E-01      -8.23
  119    145.47   -0.82387  0.11294E+00   0.94696E-02  -0.79096E-01      -8.38
  120    145.94   -0.82848  0.11342E+00   0.96674E-02  -0.80892E-01      -8.52
  121    146.41   -0.83303  0.11391E+00   0.98501E-02  -0.82683E-01      -8.65
  122    146.88   -0.83752  0.11443E+00   0.10017E-01  -0.84467E-01      -8.75
  123    147.35   -0.84195  0.11496E+00   0.10169E-01  -0.86245E-01      -8.85
  124    147.82   -0.84634  0.11552E+00   0.10306E-01  -0.88015E-01      -8.92
  125    148.28   -0.85066  0.11609E+00   0.10427E-01  -0.89776E-01      -8.98
  126    148.75   -0.85493  0.11668E+00   0.10532E-01  -0.91530E-01      -9.03
  127    149.22   -0.85914  0.11729E+00   0.10622E-01  -0.93273E-01      -9.06
  128    149.69   -0.86329  0.11792E+00   0.10696E-01  -0.95007E-01      -9.07
  129    150.16   -0.86738  0.11856E+00   0.10754E-01  -0.96730E-01      -9.07
  130    150.62   -0.87142  0.11922E+00   0.10797E-01  -0.98442E-01      -9.06
  131    151.09   -0.87540  0.11990E+00   0.10825E-01  -0.10014E+00      -9.03
  132    151.56   -0.87932  0.12059E+00   0.10837E-01  -0.10183E+00      -8.99
  133    152.03   -0.88318  0.12130E+00   0.10834E-01  -0.10350E+00      -8.93
  134    152.50   -0.88698  0.12203E+00   0.10816E-01  -0.10516E+00      -8.86
  135    152.96   -0.89073  0.12276E+00   0.10783E-01  -0.10681E+00      -8.78
  136    153.43   -0.89441  0.12351E+00   0.10735E-01  -0.10844E+00      -8.69
  137    153.90   -0.89804  0.12428E+00   0.10673E-01  -0.11005E+00      -8.59
  138    154.37   -0.90160  0.12505E+00   0.10596E-01  -0.11165E+00      -8.47
  139    154.84   -0.90510  0.12584E+00   0.10506E-01  -0.11323E+00      -8.35
  140    155.31   -0.90855  0.12664E+00   0.10402E-01  -0.11479E+00      -8.21
  141    155.77   -0.91193  0.12744E+00   0.10284E-01  -0.11633E+00      -8.07
  142    156.24   -0.91525  0.12826E+00   0.10154E-01  -0.11786E+00      -7.92
  143    156.71   -0.91851  0.12909E+00   0.10011E-01  -0.11936E+00      -7.75
  144    157.18   -0.92171  0.12992E+00   0.98552E-02  -0.12084E+00      -7.59
  145    157.65   -0.92485  0.13076E+00   0.96881E-02  -0.12231E+00      -7.41
  146    158.11   -0.92793  0.13161E+00   0.95096E-02  -0.12375E+00      -7.23
  147    158.58   -0.93094  0.13246E+00   0.93203E-02  -0.12517E+00      -7.04
  148    159.05   -0.93390  0.13331E+00   0.91206E-02  -0.12656E+00      -6.84
  149    159.52   -0.93679  0.13417E+00   0.89112E-02  -0.12793E+00      -6.64
  150    159.99   -0.93961  0.13503E+00   0.86924E-02  -0.12928E+00      -6.44
  151    160.46   -0.94238  0.13589E+00   0.84650E-02  -0.13061E+00      -6.23
  152    160.92   -0.94508  0.13675E+00   0.82295E-02  -0.13191E+00      -6.02
  153    161.39   -0.94772  0.13761E+00   0.79865E-02  -0.13318E+00      -5.80
  154    161.86   -0.95030  0.13847E+00   0.77367E-02  -0.13443E+00      -5.59
  155    162.33   -0.95281  0.13933E+00   0.74807E-02  -0.13565E+00      -5.37
  156    162.80   -0.95526  0.14018E+00   0.72192E-02  -0.13684E+00      -5.15
  157    163.26   -0.95764  0.14102E+00   0.69528E-02  -0.13801E+00      -4.93
  158    163.73   -0.95996  0.14187E+00   0.66823E-02  -0.13915E+00      -4.71
  159    164.20   -0.96222  0.14270E+00   0.64084E-02  -0.14026E+00      -4.49
  160    164.67   -0.96441  0.14352E+00   0.61318E-02  -0.14134E+00      -4.27
  161    165.14   -0.96654  0.14434E+00   0.58532E-02  -0.14239E+00      -4.06
  162    165.60   -0.96860  0.14514E+00   0.55733E-02  -0.14342E+00      -3.84
  163    166.07   -0.97060  0.14593E+00   0.52930E-02  -0.14441E+00      -3.63
  164    166.54   -0.97254  0.14671E+00   0.50128E-02  -0.14537E+00      -3.42
  165    167.01   -0.97440  0.14748E+00   0.47337E-02  -0.14631E+00      -3.21
  166    167.48   -0.97621  0.14823E+00   0.44563E-02  -0.14721E+00      -3.01
  167    167.95   -0.97795  0.14896E+00   0.41814E-02  -0.14808E+00      -2.81
  168    168.41   -0.97962  0.14968E+00   0.39097E-02  -0.14892E+00      -2.61
  169    168.88   -0.98123  0.15037E+00   0.36420E-02  -0.14973E+00      -2.42
  170    169.35   -0.98277  0.15105E+00   0.33789E-02  -0.15050E+00      -2.24
  171    169.82   -0.98425  0.15171E+00   0.31212E-02  -0.15125E+00      -2.06
  172    170.29   -0.98566  0.15235E+00   0.28696E-02  -0.15196E+00      -1.88
  173    170.75   -0.98701  0.15296E+00   0.26248E-02  -0.15264E+00      -1.72
  174    171.22   -0.98829  0.15355E+00   0.23874E-02  -0.15329E+00      -1.55
  175    171.69   -0.98950  0.15411E+00   0.21581E-02  -0.15390E+00      -1.40
  176    172.16   -0.99065  0.15465E+00   0.19376E-02  -0.15449E+00      -1.25
  177    172.63   -0.99173  0.15517E+00   0.17264E-02  -0.15503E+00      -1.11
  178    173.09   -0.99275  0.15565E+00   0.15251E-02  -0.15555E+00      -0.98
  179    173.56   -0.99370  0.15611E+00   0.13343E-02  -0.15603E+00      -0.85
  180    174.03   -0.99458  0.15654E+00   0.11545E-02  -0.15648E+00      -0.74
  181    174.50   -0.99539  0.15694E+00   0.98620E-03  -0.15690E+00      -0.63
  182    174.97   -0.99614  0.15731E+00   0.82990E-03  -0.15728E+00      -0.53
  183    175.44   -0.99683  0.15765E+00   0.68602E-03  -0.15763E+00      -0.44
  184    175.90   -0.99744  0.15795E+00   0.55497E-03  -0.15794E+00      -0.35
  185    176.37   -0.99799  0.15823E+00   0.43710E-03  -0.15822E+00      -0.28
  186    176.84   -0.99848  0.15847E+00   0.33276E-03  -0.15847E+00      -0.21
  187    177.31   -0.99890  0.15868E+00   0.24223E-03  -0.15868E+00      -0.15
  188    177.78   -0.99925  0.15886E+00   0.16577E-03  -0.15886E+00      -0.10
  189    178.24   -0.99953  0.15901E+00   0.10360E-03  -0.15901E+00      -0.07
  190    178.71   -0.99975  0.15912E+00   0.55883E-04  -0.15912E+00      -0.04
  191    179.18   -0.99990  0.15919E+00   0.22763E-04  -0.15919E+00      -0.01
  192    179.64   -0.99998  0.15924E+00   0.43227E-05  -0.15924E+00      -0.00
  193    180.00   -1.00000  0.15925E+00   0.00000E+00  -0.15925E+00      -0.00

