 alpha final =    379.00000000000000     

     granulo :  rn =  1.0  rm = 0.15  ln sig =  0.290  pour r <  50. mic.
     ======================================================================

                    longueur d onde :  0.850 microns
                    ================================

     indice reel :   1.45000     indice imaginaire : -0.35000E-02


                    nombre de particules :  0.10000E+01

       Sections d extinction et de diffusion ramenees a une particule :
       ----------------------------------------------------------------
     extinction :  0.48068E-01 mic**2     diffusion :  0.46662E-01 mic**2

            Pizero : 0.970767                 g.assymetrie : 0.51807

 ------------------------------------------------------------------------------
   j      theta       mu         i             q             u         -q/i*100
 ------------------------------------------------------------------------------
 -193      0.00    1.00000  0.45518E+01   0.00000E+00   0.45518E+01      -0.00
 -192      0.36    0.99998  0.45516E+01  -0.54134E-04   0.45516E+01       0.00
 -191      0.82    0.99990  0.45506E+01  -0.28517E-03   0.45506E+01       0.01
 -190      1.29    0.99975  0.45489E+01  -0.70061E-03   0.45489E+01       0.02
 -189      1.76    0.99953  0.45464E+01  -0.13002E-02   0.45464E+01       0.03
 -188      2.22    0.99925  0.45431E+01  -0.20833E-02   0.45431E+01       0.05
 -187      2.69    0.99890  0.45391E+01  -0.30492E-02   0.45391E+01       0.07
 -186      3.16    0.99848  0.45343E+01  -0.41972E-02   0.45343E+01       0.09
 -185      3.63    0.99799  0.45287E+01  -0.55261E-02   0.45287E+01       0.12
 -184      4.10    0.99744  0.45224E+01  -0.70347E-02   0.45224E+01       0.16
 -183      4.56    0.99683  0.45154E+01  -0.87216E-02   0.45153E+01       0.19
 -182      5.03    0.99614  0.45075E+01  -0.10585E-01   0.45075E+01       0.23
 -181      5.50    0.99539  0.44990E+01  -0.12624E-01   0.44990E+01       0.28
 -180      5.97    0.99458  0.44897E+01  -0.14836E-01   0.44897E+01       0.33
 -179      6.44    0.99370  0.44797E+01  -0.17220E-01   0.44796E+01       0.38
 -178      6.91    0.99275  0.44689E+01  -0.19772E-01   0.44688E+01       0.44
 -177      7.37    0.99173  0.44574E+01  -0.22492E-01   0.44573E+01       0.50
 -176      7.84    0.99065  0.44452E+01  -0.25375E-01   0.44451E+01       0.57
 -175      8.31    0.98950  0.44323E+01  -0.28421E-01   0.44322E+01       0.64
 -174      8.78    0.98829  0.44187E+01  -0.31625E-01   0.44186E+01       0.72
 -173      9.25    0.98701  0.44044E+01  -0.34986E-01   0.44043E+01       0.79
 -172      9.71    0.98566  0.43895E+01  -0.38500E-01   0.43893E+01       0.88
 -171     10.18    0.98425  0.43738E+01  -0.42164E-01   0.43736E+01       0.96
 -170     10.65    0.98277  0.43575E+01  -0.45975E-01   0.43572E+01       1.06
 -169     11.12    0.98123  0.43405E+01  -0.49929E-01   0.43402E+01       1.15
 -168     11.59    0.97962  0.43229E+01  -0.54023E-01   0.43225E+01       1.25
 -167     12.05    0.97795  0.43047E+01  -0.58254E-01   0.43042E+01       1.35
 -166     12.52    0.97621  0.42858E+01  -0.62617E-01   0.42853E+01       1.46
 -165     12.99    0.97440  0.42663E+01  -0.67110E-01   0.42657E+01       1.57
 -164     13.46    0.97254  0.42462E+01  -0.71727E-01   0.42455E+01       1.69
 -163     13.93    0.97060  0.42256E+01  -0.76466E-01   0.42247E+01       1.81
 -162     14.40    0.96860  0.42043E+01  -0.81321E-01   0.42034E+01       1.93
 -161     14.86    0.96654  0.41825E+01  -0.86290E-01   0.41814E+01       2.06
 -160     15.33    0.96441  0.41601E+01  -0.91367E-01   0.41589E+01       2.20
 -159     15.80    0.96222  0.41372E+01  -0.96548E-01   0.41358E+01       2.33
 -158     16.27    0.95996  0.41137E+01  -0.10183E+00   0.41122E+01       2.48
 -157     16.74    0.95764  0.40897E+01  -0.10721E+00   0.40880E+01       2.62
 -156     17.20    0.95526  0.40653E+01  -0.11267E+00   0.40634E+01       2.77
 -155     17.67    0.95281  0.40403E+01  -0.11823E+00   0.40382E+01       2.93
 -154     18.14    0.95030  0.40148E+01  -0.12387E+00   0.40125E+01       3.09
 -153     18.61    0.94772  0.39889E+01  -0.12958E+00   0.39864E+01       3.25
 -152     19.08    0.94508  0.39625E+01  -0.13537E+00   0.39597E+01       3.42
 -151     19.54    0.94238  0.39357E+01  -0.14122E+00   0.39326E+01       3.59
 -150     20.01    0.93961  0.39085E+01  -0.14714E+00   0.39051E+01       3.76
 -149     20.48    0.93679  0.38808E+01  -0.15312E+00   0.38772E+01       3.95
 -148     20.95    0.93390  0.38528E+01  -0.15915E+00   0.38488E+01       4.13
 -147     21.42    0.93094  0.38244E+01  -0.16523E+00   0.38200E+01       4.32
 -146     21.89    0.92793  0.37956E+01  -0.17135E+00   0.37909E+01       4.51
 -145     22.35    0.92485  0.37664E+01  -0.17752E+00   0.37614E+01       4.71
 -144     22.82    0.92171  0.37370E+01  -0.18372E+00   0.37315E+01       4.92
 -143     23.29    0.91851  0.37072E+01  -0.18995E+00   0.37012E+01       5.12
 -142     23.76    0.91525  0.36770E+01  -0.19620E+00   0.36707E+01       5.34
 -141     24.23    0.91193  0.36466E+01  -0.20248E+00   0.36398E+01       5.55
 -140     24.69    0.90855  0.36159E+01  -0.20877E+00   0.36086E+01       5.77
 -139     25.16    0.90510  0.35850E+01  -0.21508E+00   0.35771E+01       6.00
 -138     25.63    0.90160  0.35537E+01  -0.22139E+00   0.35453E+01       6.23
 -137     26.10    0.89804  0.35223E+01  -0.22770E+00   0.35133E+01       6.46
 -136     26.57    0.89441  0.34906E+01  -0.23402E+00   0.34810E+01       6.70
 -135     27.04    0.89073  0.34587E+01  -0.24032E+00   0.34485E+01       6.95
 -134     27.50    0.88698  0.34266E+01  -0.24662E+00   0.34158E+01       7.20
 -133     27.97    0.88318  0.33943E+01  -0.25290E+00   0.33828E+01       7.45
 -132     28.44    0.87932  0.33619E+01  -0.25916E+00   0.33497E+01       7.71
 -131     28.91    0.87540  0.33293E+01  -0.26540E+00   0.33164E+01       7.97
 -130     29.38    0.87142  0.32965E+01  -0.27161E+00   0.32829E+01       8.24
 -129     29.84    0.86738  0.32637E+01  -0.27779E+00   0.32492E+01       8.51
 -128     30.31    0.86329  0.32307E+01  -0.28393E+00   0.32154E+01       8.79
 -127     30.78    0.85914  0.31976E+01  -0.29003E+00   0.31815E+01       9.07
 -126     31.25    0.85493  0.31644E+01  -0.29609E+00   0.31475E+01       9.36
 -125     31.72    0.85066  0.31312E+01  -0.30210E+00   0.31133E+01       9.65
 -124     32.18    0.84634  0.30978E+01  -0.30806E+00   0.30791E+01       9.94
 -123     32.65    0.84195  0.30645E+01  -0.31397E+00   0.30448E+01      10.25
 -122     33.12    0.83752  0.30311E+01  -0.31982E+00   0.30104E+01      10.55
 -121     33.59    0.83303  0.29977E+01  -0.32561E+00   0.29760E+01      10.86
 -120     34.06    0.82848  0.29642E+01  -0.33133E+00   0.29415E+01      11.18
 -119     34.53    0.82387  0.29308E+01  -0.33698E+00   0.29070E+01      11.50
 -118     34.99    0.81922  0.28973E+01  -0.34256E+00   0.28724E+01      11.82
 -117     35.46    0.81450  0.28639E+01  -0.34807E+00   0.28379E+01      12.15
 -116     35.93    0.80974  0.28305E+01  -0.35350E+00   0.28034E+01      12.49
 -115     36.40    0.80491  0.27972E+01  -0.35886E+00   0.27688E+01      12.83
 -114     36.87    0.80004  0.27639E+01  -0.36412E+00   0.27344E+01      13.17
 -113     37.33    0.79511  0.27307E+01  -0.36931E+00   0.26999E+01      13.52
 -112     37.80    0.79013  0.26975E+01  -0.37440E+00   0.26655E+01      13.88
 -111     38.27    0.78509  0.26645E+01  -0.37941E+00   0.26311E+01      14.24
 -110     38.74    0.78001  0.26315E+01  -0.38432E+00   0.25968E+01      14.60
 -109     39.21    0.77487  0.25987E+01  -0.38914E+00   0.25626E+01      14.97
 -108     39.67    0.76968  0.25659E+01  -0.39386E+00   0.25285E+01      15.35
 -107     40.14    0.76444  0.25333E+01  -0.39848E+00   0.24945E+01      15.73
 -106     40.61    0.75914  0.25008E+01  -0.40300E+00   0.24605E+01      16.11
 -105     41.08    0.75380  0.24685E+01  -0.40742E+00   0.24267E+01      16.50
 -104     41.55    0.74841  0.24363E+01  -0.41173E+00   0.23930E+01      16.90
 -103     42.02    0.74296  0.24042E+01  -0.41594E+00   0.23594E+01      17.30
 -102     42.48    0.73747  0.23723E+01  -0.42004E+00   0.23260E+01      17.71
 -101     42.95    0.73193  0.23406E+01  -0.42403E+00   0.22927E+01      18.12
 -100     43.42    0.72633  0.23091E+01  -0.42791E+00   0.22596E+01      18.53
  -99     43.89    0.72069  0.22778E+01  -0.43168E+00   0.22266E+01      18.95
  -98     44.36    0.71501  0.22466E+01  -0.43533E+00   0.21938E+01      19.38
  -97     44.82    0.70927  0.22157E+01  -0.43888E+00   0.21612E+01      19.81
  -96     45.29    0.70349  0.21849E+01  -0.44231E+00   0.21288E+01      20.24
  -95     45.76    0.69766  0.21544E+01  -0.44562E+00   0.20965E+01      20.68
  -94     46.23    0.69178  0.21241E+01  -0.44882E+00   0.20645E+01      21.13
  -93     46.70    0.68586  0.20940E+01  -0.45191E+00   0.20326E+01      21.58
  -92     47.17    0.67989  0.20642E+01  -0.45487E+00   0.20010E+01      22.04
  -91     47.63    0.67387  0.20346E+01  -0.45772E+00   0.19696E+01      22.50
  -90     48.10    0.66781  0.20052E+01  -0.46045E+00   0.19384E+01      22.96
  -89     48.57    0.66171  0.19761E+01  -0.46307E+00   0.19074E+01      23.43
  -88     49.04    0.65556  0.19472E+01  -0.46556E+00   0.18766E+01      23.91
  -87     49.51    0.64937  0.19186E+01  -0.46794E+00   0.18461E+01      24.39
  -86     49.97    0.64313  0.18902E+01  -0.47020E+00   0.18158E+01      24.88
  -85     50.44    0.63686  0.18621E+01  -0.47235E+00   0.17858E+01      25.37
  -84     50.91    0.63054  0.18343E+01  -0.47437E+00   0.17560E+01      25.86
  -83     51.38    0.62417  0.18067E+01  -0.47628E+00   0.17264E+01      26.36
  -82     51.85    0.61777  0.17794E+01  -0.47807E+00   0.16971E+01      26.87
  -81     52.31    0.61132  0.17524E+01  -0.47975E+00   0.16681E+01      27.38
  -80     52.78    0.60484  0.17256E+01  -0.48130E+00   0.16393E+01      27.89
  -79     53.25    0.59831  0.16992E+01  -0.48275E+00   0.16108E+01      28.41
  -78     53.72    0.59174  0.16730E+01  -0.48408E+00   0.15826E+01      28.93
  -77     54.19    0.58514  0.16471E+01  -0.48529E+00   0.15546E+01      29.46
  -76     54.66    0.57849  0.16215E+01  -0.48639E+00   0.15269E+01      30.00
  -75     55.12    0.57181  0.15961E+01  -0.48738E+00   0.14995E+01      30.53
  -74     55.59    0.56509  0.15711E+01  -0.48826E+00   0.14724E+01      31.08
  -73     56.06    0.55833  0.15464E+01  -0.48903E+00   0.14455E+01      31.62
  -72     56.53    0.55153  0.15219E+01  -0.48968E+00   0.14189E+01      32.18
  -71     57.00    0.54470  0.14978E+01  -0.49023E+00   0.13926E+01      32.73
  -70     57.46    0.53783  0.14739E+01  -0.49067E+00   0.13666E+01      33.29
  -69     57.93    0.53092  0.14503E+01  -0.49101E+00   0.13409E+01      33.85
  -68     58.40    0.52398  0.14271E+01  -0.49124E+00   0.13154E+01      34.42
  -67     58.87    0.51700  0.14041E+01  -0.49136E+00   0.12903E+01      35.00
  -66     59.34    0.50999  0.13814E+01  -0.49138E+00   0.12654E+01      35.57
  -65     59.80    0.50294  0.13590E+01  -0.49131E+00   0.12408E+01      36.15
  -64     60.27    0.49587  0.13369E+01  -0.49113E+00   0.12165E+01      36.74
  -63     60.74    0.48875  0.13151E+01  -0.49085E+00   0.11925E+01      37.32
  -62     61.21    0.48161  0.12936E+01  -0.49047E+00   0.11688E+01      37.91
  -61     61.68    0.47443  0.12724E+01  -0.49000E+00   0.11454E+01      38.51
  -60     62.15    0.46723  0.12515E+01  -0.48944E+00   0.11223E+01      39.11
  -59     62.61    0.45999  0.12309E+01  -0.48878E+00   0.10994E+01      39.71
  -58     63.08    0.45272  0.12106E+01  -0.48803E+00   0.10769E+01      40.31
  -57     63.55    0.44542  0.11906E+01  -0.48720E+00   0.10546E+01      40.92
  -56     64.02    0.43809  0.11708E+01  -0.48627E+00   0.10326E+01      41.53
  -55     64.49    0.43073  0.11514E+01  -0.48526E+00   0.10109E+01      42.15
  -54     64.95    0.42334  0.11322E+01  -0.48416E+00   0.98954E+00      42.76
  -53     65.42    0.41592  0.11133E+01  -0.48298E+00   0.96843E+00      43.38
  -52     65.89    0.40848  0.10947E+01  -0.48172E+00   0.94760E+00      44.00
  -51     66.36    0.40101  0.10764E+01  -0.48037E+00   0.92705E+00      44.63
  -50     66.83    0.39351  0.10584E+01  -0.47895E+00   0.90679E+00      45.25
  -49     67.30    0.38598  0.10407E+01  -0.47746E+00   0.88681E+00      45.88
  -48     67.76    0.37843  0.10232E+01  -0.47589E+00   0.86711E+00      46.51
  -47     68.23    0.37086  0.10060E+01  -0.47424E+00   0.84769E+00      47.14
  -46     68.70    0.36326  0.98910E+00  -0.47252E+00   0.82855E+00      47.77
  -45     69.17    0.35563  0.97246E+00  -0.47074E+00   0.80968E+00      48.41
  -44     69.64    0.34798  0.95610E+00  -0.46888E+00   0.79109E+00      49.04
  -43     70.10    0.34031  0.93999E+00  -0.46696E+00   0.77277E+00      49.68
  -42     70.57    0.33262  0.92416E+00  -0.46498E+00   0.75471E+00      50.31
  -41     71.04    0.32490  0.90859E+00  -0.46293E+00   0.73693E+00      50.95
  -40     71.51    0.31716  0.89328E+00  -0.46082E+00   0.71941E+00      51.59
  -39     71.98    0.30941  0.87823E+00  -0.45865E+00   0.70216E+00      52.22
  -38     72.44    0.30163  0.86344E+00  -0.45643E+00   0.68517E+00      52.86
  -37     72.91    0.29383  0.84890E+00  -0.45414E+00   0.66844E+00      53.50
  -36     73.38    0.28601  0.83462E+00  -0.45181E+00   0.65197E+00      54.13
  -35     73.85    0.27817  0.82058E+00  -0.44942E+00   0.63575E+00      54.77
  -34     74.32    0.27031  0.80679E+00  -0.44698E+00   0.61979E+00      55.40
  -33     74.79    0.26243  0.79325E+00  -0.44449E+00   0.60407E+00      56.03
  -32     75.25    0.25454  0.77994E+00  -0.44195E+00   0.58861E+00      56.66
  -31     75.72    0.24663  0.76688E+00  -0.43936E+00   0.57339E+00      57.29
  -30     76.19    0.23871  0.75405E+00  -0.43673E+00   0.55842E+00      57.92
  -29     76.66    0.23076  0.74146E+00  -0.43406E+00   0.54368E+00      58.54
  -28     77.13    0.22281  0.72909E+00  -0.43135E+00   0.52919E+00      59.16
  -27     77.59    0.21483  0.71696E+00  -0.42860E+00   0.51493E+00      59.78
  -26     78.06    0.20685  0.70505E+00  -0.42580E+00   0.50090E+00      60.39
  -25     78.53    0.19885  0.69336E+00  -0.42298E+00   0.48711E+00      61.00
  -24     79.00    0.19083  0.68189E+00  -0.42011E+00   0.47354E+00      61.61
  -23     79.47    0.18280  0.67064E+00  -0.41721E+00   0.46020E+00      62.21
  -22     79.93    0.17477  0.65961E+00  -0.41428E+00   0.44709E+00      62.81
  -21     80.40    0.16671  0.64879E+00  -0.41132E+00   0.43419E+00      63.40
  -20     80.87    0.15865  0.63817E+00  -0.40833E+00   0.42151E+00      63.99
  -19     81.34    0.15058  0.62776E+00  -0.40532E+00   0.40905E+00      64.57
  -18     81.81    0.14250  0.61756E+00  -0.40227E+00   0.39680E+00      65.14
  -17     82.28    0.13441  0.60755E+00  -0.39920E+00   0.38475E+00      65.71
  -16     82.74    0.12631  0.59775E+00  -0.39611E+00   0.37292E+00      66.27
  -15     83.21    0.11820  0.58814E+00  -0.39299E+00   0.36129E+00      66.82
  -14     83.68    0.11008  0.57872E+00  -0.38986E+00   0.34986E+00      67.37
  -13     84.15    0.10195  0.56949E+00  -0.38670E+00   0.33863E+00      67.90
  -12     84.62    0.09382  0.56044E+00  -0.38352E+00   0.32759E+00      68.43
  -11     85.08    0.08569  0.55159E+00  -0.38033E+00   0.31675E+00      68.95
  -10     85.55    0.07754  0.54291E+00  -0.37712E+00   0.30610E+00      69.46
   -9     86.02    0.06939  0.53441E+00  -0.37390E+00   0.29563E+00      69.96
   -8     86.49    0.06124  0.52609E+00  -0.37066E+00   0.28535E+00      70.46
   -7     86.96    0.05308  0.51794E+00  -0.36741E+00   0.27525E+00      70.94
   -6     87.43    0.04492  0.50996E+00  -0.36414E+00   0.26534E+00      71.41
   -5     87.89    0.03676  0.50215E+00  -0.36087E+00   0.25560E+00      71.86
   -4     88.36    0.02859  0.49451E+00  -0.35759E+00   0.24603E+00      72.31
   -3     88.83    0.02043  0.48703E+00  -0.35430E+00   0.23663E+00      72.75
   -2     89.30    0.01226  0.47971E+00  -0.35100E+00   0.22741E+00      73.17
   -1     89.77    0.00409  0.47254E+00  -0.34769E+00   0.21835E+00      73.58
    0     90.00    0.00000  0.46902E+00  -0.34604E+00   0.21388E+00      73.78
    1     90.23   -0.00409  0.46554E+00  -0.34438E+00   0.20945E+00      73.98
    2     90.70   -0.01226  0.45868E+00  -0.34107E+00   0.20072E+00      74.36
    3     91.17   -0.02043  0.45198E+00  -0.33775E+00   0.19214E+00      74.73
    4     91.64   -0.02859  0.44542E+00  -0.33443E+00   0.18372E+00      75.08
    5     92.11   -0.03676  0.43901E+00  -0.33111E+00   0.17545E+00      75.42
    6     92.57   -0.04492  0.43275E+00  -0.32779E+00   0.16734E+00      75.75
    7     93.04   -0.05308  0.42662E+00  -0.32446E+00   0.15937E+00      76.05
    8     93.51   -0.06124  0.42064E+00  -0.32114E+00   0.15154E+00      76.35
    9     93.98   -0.06939  0.41478E+00  -0.31782E+00   0.14386E+00      76.62
   10     94.45   -0.07754  0.40907E+00  -0.31450E+00   0.13632E+00      76.88
   11     94.92   -0.08569  0.40348E+00  -0.31119E+00   0.12892E+00      77.13
   12     95.38   -0.09382  0.39803E+00  -0.30788E+00   0.12166E+00      77.35
   13     95.85   -0.10195  0.39270E+00  -0.30457E+00   0.11453E+00      77.56
   14     96.32   -0.11008  0.38750E+00  -0.30127E+00   0.10753E+00      77.75
   15     96.79   -0.11820  0.38242E+00  -0.29798E+00   0.10066E+00      77.92
   16     97.26   -0.12631  0.37746E+00  -0.29469E+00   0.93913E-01      78.07
   17     97.72   -0.13441  0.37262E+00  -0.29141E+00   0.87293E-01      78.21
   18     98.19   -0.14250  0.36789E+00  -0.28814E+00   0.80795E-01      78.32
   19     98.66   -0.15058  0.36328E+00  -0.28488E+00   0.74417E-01      78.42
   20     99.13   -0.15865  0.35879E+00  -0.28162E+00   0.68156E-01      78.49
   21     99.60   -0.16671  0.35440E+00  -0.27838E+00   0.62011E-01      78.55
   22    100.07   -0.17477  0.35013E+00  -0.27514E+00   0.55979E-01      78.58
   23    100.53   -0.18280  0.34596E+00  -0.27192E+00   0.50058E-01      78.60
   24    101.00   -0.19083  0.34189E+00  -0.26871E+00   0.44246E-01      78.59
   25    101.47   -0.19885  0.33793E+00  -0.26551E+00   0.38541E-01      78.57
   26    101.94   -0.20685  0.33407E+00  -0.26232E+00   0.32941E-01      78.52
   27    102.41   -0.21483  0.33031E+00  -0.25914E+00   0.27443E-01      78.45
   28    102.87   -0.22281  0.32665E+00  -0.25598E+00   0.22047E-01      78.37
   29    103.34   -0.23076  0.32308E+00  -0.25283E+00   0.16750E-01      78.26
   30    103.81   -0.23871  0.31961E+00  -0.24970E+00   0.11549E-01      78.13
   31    104.28   -0.24663  0.31623E+00  -0.24658E+00   0.64436E-02      77.97
   32    104.75   -0.25454  0.31294E+00  -0.24347E+00   0.14314E-02      77.80
   33    105.21   -0.26243  0.30974E+00  -0.24038E+00  -0.34895E-02      77.61
   34    105.68   -0.27031  0.30663E+00  -0.23730E+00  -0.83209E-02      77.39
   35    106.15   -0.27817  0.30360E+00  -0.23424E+00  -0.13065E-01      77.15
   36    106.62   -0.28601  0.30066E+00  -0.23120E+00  -0.17722E-01      76.90
   37    107.09   -0.29383  0.29781E+00  -0.22817E+00  -0.22296E-01      76.62
   38    107.56   -0.30163  0.29503E+00  -0.22516E+00  -0.26787E-01      76.32
   39    108.02   -0.30941  0.29233E+00  -0.22217E+00  -0.31197E-01      76.00
   40    108.49   -0.31716  0.28972E+00  -0.21919E+00  -0.35528E-01      75.66
   41    108.96   -0.32490  0.28718E+00  -0.21624E+00  -0.39781E-01      75.30
   42    109.43   -0.33262  0.28471E+00  -0.21330E+00  -0.43959E-01      74.92
   43    109.90   -0.34031  0.28232E+00  -0.21037E+00  -0.48062E-01      74.52
   44    110.36   -0.34798  0.28000E+00  -0.20747E+00  -0.52092E-01      74.09
   45    110.83   -0.35563  0.27776E+00  -0.20458E+00  -0.56051E-01      73.65
   46    111.30   -0.36326  0.27558E+00  -0.20171E+00  -0.59940E-01      73.20
   47    111.77   -0.37086  0.27348E+00  -0.19886E+00  -0.63761E-01      72.72
   48    112.24   -0.37843  0.27144E+00  -0.19603E+00  -0.67514E-01      72.22
   49    112.70   -0.38598  0.26947E+00  -0.19322E+00  -0.71203E-01      71.71
   50    113.17   -0.39351  0.26756E+00  -0.19043E+00  -0.74827E-01      71.17
   51    113.64   -0.40101  0.26572E+00  -0.18766E+00  -0.78388E-01      70.62
   52    114.11   -0.40848  0.26394E+00  -0.18491E+00  -0.81888E-01      70.06
   53    114.58   -0.41592  0.26222E+00  -0.18217E+00  -0.85328E-01      69.47
   54    115.05   -0.42334  0.26057E+00  -0.17946E+00  -0.88709E-01      68.87
   55    115.51   -0.43073  0.25897E+00  -0.17677E+00  -0.92032E-01      68.26
   56    115.98   -0.43809  0.25743E+00  -0.17410E+00  -0.95299E-01      67.63
   57    116.45   -0.44542  0.25595E+00  -0.17144E+00  -0.98510E-01      66.98
   58    116.92   -0.45272  0.25452E+00  -0.16881E+00  -0.10167E+00      66.32
   59    117.39   -0.45999  0.25315E+00  -0.16620E+00  -0.10477E+00      65.65
   60    117.85   -0.46723  0.25184E+00  -0.16361E+00  -0.10783E+00      64.97
   61    118.32   -0.47443  0.25058E+00  -0.16104E+00  -0.11083E+00      64.27
   62    118.79   -0.48161  0.24937E+00  -0.15849E+00  -0.11378E+00      63.56
   63    119.26   -0.48875  0.24821E+00  -0.15596E+00  -0.11668E+00      62.83
   64    119.73   -0.49587  0.24710E+00  -0.15345E+00  -0.11954E+00      62.10
   65    120.20   -0.50294  0.24604E+00  -0.15096E+00  -0.12235E+00      61.36
   66    120.66   -0.50999  0.24503E+00  -0.14849E+00  -0.12512E+00      60.60
   67    121.13   -0.51700  0.24406E+00  -0.14605E+00  -0.12784E+00      59.84
   68    121.60   -0.52398  0.24314E+00  -0.14362E+00  -0.13051E+00      59.07
   69    122.07   -0.53092  0.24227E+00  -0.14122E+00  -0.13315E+00      58.29
   70    122.54   -0.53783  0.24144E+00  -0.13884E+00  -0.13574E+00      57.50
   71    123.00   -0.54470  0.24066E+00  -0.13647E+00  -0.13829E+00      56.71
   72    123.47   -0.55153  0.23992E+00  -0.13413E+00  -0.14080E+00      55.91
   73    123.94   -0.55833  0.23922E+00  -0.13181E+00  -0.14327E+00      55.10
   74    124.41   -0.56509  0.23856E+00  -0.12952E+00  -0.14571E+00      54.29
   75    124.88   -0.57181  0.23795E+00  -0.12724E+00  -0.14810E+00      53.47
   76    125.34   -0.57849  0.23737E+00  -0.12498E+00  -0.15046E+00      52.65
   77    125.81   -0.58514  0.23683E+00  -0.12275E+00  -0.15278E+00      51.83
   78    126.28   -0.59174  0.23633E+00  -0.12053E+00  -0.15507E+00      51.00
   79    126.75   -0.59831  0.23587E+00  -0.11834E+00  -0.15732E+00      50.17
   80    127.22   -0.60484  0.23544E+00  -0.11617E+00  -0.15954E+00      49.34
   81    127.69   -0.61132  0.23505E+00  -0.11402E+00  -0.16173E+00      48.51
   82    128.15   -0.61777  0.23469E+00  -0.11189E+00  -0.16388E+00      47.68
   83    128.62   -0.62417  0.23437E+00  -0.10978E+00  -0.16600E+00      46.84
   84    129.09   -0.63054  0.23408E+00  -0.10770E+00  -0.16809E+00      46.01
   85    129.56   -0.63686  0.23383E+00  -0.10563E+00  -0.17015E+00      45.18
   86    130.03   -0.64313  0.23361E+00  -0.10359E+00  -0.17218E+00      44.34
   87    130.49   -0.64937  0.23341E+00  -0.10157E+00  -0.17418E+00      43.51
   88    130.96   -0.65556  0.23325E+00  -0.99566E-01  -0.17615E+00      42.69
   89    131.43   -0.66171  0.23312E+00  -0.97586E-01  -0.17809E+00      41.86
   90    131.90   -0.66781  0.23302E+00  -0.95627E-01  -0.18000E+00      41.04
   91    132.37   -0.67387  0.23295E+00  -0.93689E-01  -0.18188E+00      40.22
   92    132.83   -0.67989  0.23290E+00  -0.91773E-01  -0.18374E+00      39.40
   93    133.30   -0.68586  0.23288E+00  -0.89877E-01  -0.18557E+00      38.59
   94    133.77   -0.69178  0.23289E+00  -0.88003E-01  -0.18738E+00      37.79
   95    134.24   -0.69766  0.23293E+00  -0.86149E-01  -0.18916E+00      36.99
   96    134.71   -0.70349  0.23299E+00  -0.84317E-01  -0.19091E+00      36.19
   97    135.18   -0.70927  0.23307E+00  -0.82506E-01  -0.19264E+00      35.40
   98    135.64   -0.71501  0.23318E+00  -0.80716E-01  -0.19435E+00      34.62
   99    136.11   -0.72069  0.23331E+00  -0.78946E-01  -0.19603E+00      33.84
  100    136.58   -0.72633  0.23346E+00  -0.77198E-01  -0.19768E+00      33.07
  101    137.05   -0.73193  0.23364E+00  -0.75471E-01  -0.19932E+00      32.30
  102    137.52   -0.73747  0.23384E+00  -0.73764E-01  -0.20093E+00      31.55
  103    137.98   -0.74296  0.23406E+00  -0.72078E-01  -0.20252E+00      30.80
  104    138.45   -0.74841  0.23429E+00  -0.70414E-01  -0.20408E+00      30.05
  105    138.92   -0.75380  0.23455E+00  -0.68770E-01  -0.20562E+00      29.32
  106    139.39   -0.75914  0.23483E+00  -0.67146E-01  -0.20714E+00      28.59
  107    139.86   -0.76444  0.23513E+00  -0.65544E-01  -0.20864E+00      27.88
  108    140.33   -0.76968  0.23544E+00  -0.63962E-01  -0.21012E+00      27.17
  109    140.79   -0.77487  0.23577E+00  -0.62401E-01  -0.21158E+00      26.47
  110    141.26   -0.78001  0.23612E+00  -0.60860E-01  -0.21302E+00      25.78
  111    141.73   -0.78509  0.23648E+00  -0.59341E-01  -0.21443E+00      25.09
  112    142.20   -0.79013  0.23686E+00  -0.57841E-01  -0.21583E+00      24.42
  113    142.67   -0.79511  0.23725E+00  -0.56362E-01  -0.21720E+00      23.76
  114    143.13   -0.80004  0.23766E+00  -0.54904E-01  -0.21856E+00      23.10
  115    143.60   -0.80491  0.23808E+00  -0.53466E-01  -0.21989E+00      22.46
  116    144.07   -0.80974  0.23852E+00  -0.52049E-01  -0.22121E+00      21.82
  117    144.54   -0.81450  0.23896E+00  -0.50651E-01  -0.22251E+00      21.20
  118    145.01   -0.81922  0.23942E+00  -0.49275E-01  -0.22379E+00      20.58
  119    145.47   -0.82387  0.23989E+00  -0.47918E-01  -0.22504E+00      19.97
  120    145.94   -0.82848  0.24037E+00  -0.46582E-01  -0.22628E+00      19.38
  121    146.41   -0.83303  0.24086E+00  -0.45265E-01  -0.22751E+00      18.79
  122    146.88   -0.83752  0.24136E+00  -0.43969E-01  -0.22871E+00      18.22
  123    147.35   -0.84195  0.24187E+00  -0.42693E-01  -0.22989E+00      17.65
  124    147.82   -0.84634  0.24239E+00  -0.41437E-01  -0.23106E+00      17.10
  125    148.28   -0.85066  0.24291E+00  -0.40201E-01  -0.23221E+00      16.55
  126    148.75   -0.85493  0.24345E+00  -0.38985E-01  -0.23334E+00      16.01
  127    149.22   -0.85914  0.24399E+00  -0.37789E-01  -0.23445E+00      15.49
  128    149.69   -0.86329  0.24453E+00  -0.36613E-01  -0.23554E+00      14.97
  129    150.16   -0.86738  0.24508E+00  -0.35457E-01  -0.23662E+00      14.47
  130    150.62   -0.87142  0.24564E+00  -0.34320E-01  -0.23768E+00      13.97
  131    151.09   -0.87540  0.24620E+00  -0.33203E-01  -0.23872E+00      13.49
  132    151.56   -0.87932  0.24677E+00  -0.32105E-01  -0.23974E+00      13.01
  133    152.03   -0.88318  0.24734E+00  -0.31027E-01  -0.24075E+00      12.54
  134    152.50   -0.88698  0.24791E+00  -0.29969E-01  -0.24174E+00      12.09
  135    152.96   -0.89073  0.24848E+00  -0.28930E-01  -0.24271E+00      11.64
  136    153.43   -0.89441  0.24906E+00  -0.27911E-01  -0.24366E+00      11.21
  137    153.90   -0.89804  0.24964E+00  -0.26911E-01  -0.24460E+00      10.78
  138    154.37   -0.90160  0.25022E+00  -0.25930E-01  -0.24552E+00      10.36
  139    154.84   -0.90510  0.25079E+00  -0.24968E-01  -0.24643E+00       9.96
  140    155.31   -0.90855  0.25137E+00  -0.24026E-01  -0.24731E+00       9.56
  141    155.77   -0.91193  0.25195E+00  -0.23103E-01  -0.24818E+00       9.17
  142    156.24   -0.91525  0.25253E+00  -0.22198E-01  -0.24903E+00       8.79
  143    156.71   -0.91851  0.25310E+00  -0.21313E-01  -0.24987E+00       8.42
  144    157.18   -0.92171  0.25367E+00  -0.20447E-01  -0.25069E+00       8.06
  145    157.65   -0.92485  0.25424E+00  -0.19599E-01  -0.25149E+00       7.71
  146    158.11   -0.92793  0.25481E+00  -0.18771E-01  -0.25228E+00       7.37
  147    158.58   -0.93094  0.25537E+00  -0.17961E-01  -0.25304E+00       7.03
  148    159.05   -0.93390  0.25593E+00  -0.17170E-01  -0.25380E+00       6.71
  149    159.52   -0.93679  0.25649E+00  -0.16397E-01  -0.25453E+00       6.39
  150    159.99   -0.93961  0.25703E+00  -0.15643E-01  -0.25525E+00       6.09
  151    160.46   -0.94238  0.25758E+00  -0.14908E-01  -0.25595E+00       5.79
  152    160.92   -0.94508  0.25811E+00  -0.14191E-01  -0.25664E+00       5.50
  153    161.39   -0.94772  0.25864E+00  -0.13492E-01  -0.25730E+00       5.22
  154    161.86   -0.95030  0.25917E+00  -0.12812E-01  -0.25796E+00       4.94
  155    162.33   -0.95281  0.25968E+00  -0.12150E-01  -0.25859E+00       4.68
  156    162.80   -0.95526  0.26019E+00  -0.11506E-01  -0.25921E+00       4.42
  157    163.26   -0.95764  0.26069E+00  -0.10880E-01  -0.25981E+00       4.17
  158    163.73   -0.95996  0.26119E+00  -0.10273E-01  -0.26040E+00       3.93
  159    164.20   -0.96222  0.26167E+00  -0.96833E-02  -0.26096E+00       3.70
  160    164.67   -0.96441  0.26214E+00  -0.91116E-02  -0.26152E+00       3.48
  161    165.14   -0.96654  0.26260E+00  -0.85579E-02  -0.26205E+00       3.26
  162    165.60   -0.96860  0.26306E+00  -0.80220E-02  -0.26257E+00       3.05
  163    166.07   -0.97060  0.26350E+00  -0.75039E-02  -0.26307E+00       2.85
  164    166.54   -0.97254  0.26393E+00  -0.70035E-02  -0.26356E+00       2.65
  165    167.01   -0.97440  0.26435E+00  -0.65208E-02  -0.26403E+00       2.47
  166    167.48   -0.97621  0.26476E+00  -0.60557E-02  -0.26448E+00       2.29
  167    167.95   -0.97795  0.26516E+00  -0.56082E-02  -0.26492E+00       2.12
  168    168.41   -0.97962  0.26554E+00  -0.51782E-02  -0.26533E+00       1.95
  169    168.88   -0.98123  0.26591E+00  -0.47657E-02  -0.26574E+00       1.79
  170    169.35   -0.98277  0.26627E+00  -0.43705E-02  -0.26612E+00       1.64
  171    169.82   -0.98425  0.26662E+00  -0.39928E-02  -0.26649E+00       1.50
  172    170.29   -0.98566  0.26695E+00  -0.36323E-02  -0.26685E+00       1.36
  173    170.75   -0.98701  0.26727E+00  -0.32892E-02  -0.26718E+00       1.23
  174    171.22   -0.98829  0.26757E+00  -0.29632E-02  -0.26750E+00       1.11
  175    171.69   -0.98950  0.26786E+00  -0.26545E-02  -0.26781E+00       0.99
  176    172.16   -0.99065  0.26814E+00  -0.23629E-02  -0.26809E+00       0.88
  177    172.63   -0.99173  0.26840E+00  -0.20884E-02  -0.26836E+00       0.78
  178    173.09   -0.99275  0.26864E+00  -0.18310E-02  -0.26862E+00       0.68
  179    173.56   -0.99370  0.26887E+00  -0.15907E-02  -0.26885E+00       0.59
  180    174.03   -0.99458  0.26909E+00  -0.13673E-02  -0.26907E+00       0.51
  181    174.50   -0.99539  0.26929E+00  -0.11610E-02  -0.26928E+00       0.43
  182    174.97   -0.99614  0.26947E+00  -0.97153E-03  -0.26946E+00       0.36
  183    175.44   -0.99683  0.26964E+00  -0.79903E-03  -0.26963E+00       0.30
  184    175.90   -0.99744  0.26979E+00  -0.64343E-03  -0.26979E+00       0.24
  185    176.37   -0.99799  0.26993E+00  -0.50471E-03  -0.26992E+00       0.19
  186    176.84   -0.99848  0.27005E+00  -0.38285E-03  -0.27004E+00       0.14
  187    177.31   -0.99890  0.27015E+00  -0.27784E-03  -0.27015E+00       0.10
  188    177.78   -0.99925  0.27024E+00  -0.18964E-03  -0.27024E+00       0.07
  189    178.24   -0.99953  0.27031E+00  -0.11827E-03  -0.27031E+00       0.04
  190    178.71   -0.99975  0.27036E+00  -0.63693E-04  -0.27036E+00       0.02
  191    179.18   -0.99990  0.27040E+00  -0.25915E-04  -0.27040E+00       0.01
  192    179.64   -0.99998  0.27042E+00  -0.49183E-05  -0.27042E+00       0.00
  193    180.00   -1.00000  0.27042E+00   0.00000E+00  -0.27042E+00      -0.00

