 alpha final =    561.00000000000000     

     granulo :  rn =  1.0  rm = 0.15  ln sig =  0.290  pour r <  50. mic.
     ======================================================================

                    longueur d onde :  0.570 microns
                    ================================

     indice reel :   1.45000     indice imaginaire : -0.35000E-02


                    nombre de particules :  0.10000E+01

       Sections d extinction et de diffusion ramenees a une particule :
       ----------------------------------------------------------------
     extinction :  0.12276E+00 mic**2     diffusion :  0.12027E+00 mic**2

            Pizero : 0.979732                 g.assymetrie : 0.66644

 ------------------------------------------------------------------------------
   j      theta       mu         i             q             u         -q/i*100
 ------------------------------------------------------------------------------
 -193      0.00    1.00000  0.75945E+01   0.00000E+00   0.75945E+01      -0.00
 -192      0.36    0.99998  0.75938E+01  -0.60105E-04   0.75938E+01       0.00
 -191      0.82    0.99990  0.75909E+01  -0.31657E-03   0.75909E+01       0.00
 -190      1.29    0.99975  0.75858E+01  -0.77749E-03   0.75858E+01       0.01
 -189      1.76    0.99953  0.75783E+01  -0.14421E-02   0.75783E+01       0.02
 -188      2.22    0.99925  0.75685E+01  -0.23093E-02   0.75685E+01       0.03
 -187      2.69    0.99890  0.75565E+01  -0.33776E-02   0.75565E+01       0.04
 -186      3.16    0.99848  0.75422E+01  -0.46449E-02   0.75422E+01       0.06
 -185      3.63    0.99799  0.75257E+01  -0.61090E-02   0.75257E+01       0.08
 -184      4.10    0.99744  0.75069E+01  -0.77674E-02   0.75069E+01       0.10
 -183      4.56    0.99683  0.74859E+01  -0.96171E-02   0.74859E+01       0.13
 -182      5.03    0.99614  0.74628E+01  -0.11655E-01   0.74627E+01       0.16
 -181      5.50    0.99539  0.74374E+01  -0.13877E-01   0.74374E+01       0.19
 -180      5.97    0.99458  0.74100E+01  -0.16280E-01   0.74099E+01       0.22
 -179      6.44    0.99370  0.73804E+01  -0.18858E-01   0.73804E+01       0.26
 -178      6.91    0.99275  0.73488E+01  -0.21609E-01   0.73487E+01       0.29
 -177      7.37    0.99173  0.73151E+01  -0.24527E-01   0.73150E+01       0.34
 -176      7.84    0.99065  0.72795E+01  -0.27606E-01   0.72793E+01       0.38
 -175      8.31    0.98950  0.72418E+01  -0.30842E-01   0.72417E+01       0.43
 -174      8.78    0.98829  0.72023E+01  -0.34229E-01   0.72021E+01       0.48
 -173      9.25    0.98701  0.71608E+01  -0.37762E-01   0.71606E+01       0.53
 -172      9.71    0.98566  0.71175E+01  -0.41433E-01   0.71172E+01       0.58
 -171     10.18    0.98425  0.70724E+01  -0.45238E-01   0.70721E+01       0.64
 -170     10.65    0.98277  0.70256E+01  -0.49169E-01   0.70252E+01       0.70
 -169     11.12    0.98123  0.69771E+01  -0.53220E-01   0.69765E+01       0.76
 -168     11.59    0.97962  0.69269E+01  -0.57384E-01   0.69262E+01       0.83
 -167     12.05    0.97795  0.68750E+01  -0.61655E-01   0.68743E+01       0.90
 -166     12.52    0.97621  0.68217E+01  -0.66025E-01   0.68208E+01       0.97
 -165     12.99    0.97440  0.67668E+01  -0.70487E-01   0.67658E+01       1.04
 -164     13.46    0.97254  0.67105E+01  -0.75034E-01   0.67094E+01       1.12
 -163     13.93    0.97060  0.66528E+01  -0.79659E-01   0.66515E+01       1.20
 -162     14.40    0.96860  0.65937E+01  -0.84355E-01   0.65923E+01       1.28
 -161     14.86    0.96654  0.65333E+01  -0.89113E-01   0.65317E+01       1.36
 -160     15.33    0.96441  0.64718E+01  -0.93928E-01   0.64700E+01       1.45
 -159     15.80    0.96222  0.64090E+01  -0.98790E-01   0.64070E+01       1.54
 -158     16.27    0.95996  0.63451E+01  -0.10369E+00   0.63429E+01       1.63
 -157     16.74    0.95764  0.62802E+01  -0.10863E+00   0.62777E+01       1.73
 -156     17.20    0.95526  0.62142E+01  -0.11359E+00   0.62115E+01       1.83
 -155     17.67    0.95281  0.61473E+01  -0.11857E+00   0.61443E+01       1.93
 -154     18.14    0.95030  0.60795E+01  -0.12356E+00   0.60762E+01       2.03
 -153     18.61    0.94772  0.60109E+01  -0.12856E+00   0.60072E+01       2.14
 -152     19.08    0.94508  0.59415E+01  -0.13355E+00   0.59375E+01       2.25
 -151     19.54    0.94238  0.58713E+01  -0.13854E+00   0.58670E+01       2.36
 -150     20.01    0.93961  0.58005E+01  -0.14350E+00   0.57958E+01       2.47
 -149     20.48    0.93679  0.57291E+01  -0.14845E+00   0.57240E+01       2.59
 -148     20.95    0.93390  0.56572E+01  -0.15336E+00   0.56517E+01       2.71
 -147     21.42    0.93094  0.55847E+01  -0.15823E+00   0.55788E+01       2.83
 -146     21.89    0.92793  0.55118E+01  -0.16307E+00   0.55054E+01       2.96
 -145     22.35    0.92485  0.54385E+01  -0.16785E+00   0.54317E+01       3.09
 -144     22.82    0.92171  0.53649E+01  -0.17258E+00   0.53575E+01       3.22
 -143     23.29    0.91851  0.52910E+01  -0.17724E+00   0.52831E+01       3.35
 -142     23.76    0.91525  0.52169E+01  -0.18184E+00   0.52084E+01       3.49
 -141     24.23    0.91193  0.51425E+01  -0.18637E+00   0.51335E+01       3.62
 -140     24.69    0.90855  0.50681E+01  -0.19082E+00   0.50585E+01       3.77
 -139     25.16    0.90510  0.49935E+01  -0.19519E+00   0.49833E+01       3.91
 -138     25.63    0.90160  0.49189E+01  -0.19947E+00   0.49081E+01       4.06
 -137     26.10    0.89804  0.48444E+01  -0.20366E+00   0.48329E+01       4.20
 -136     26.57    0.89441  0.47698E+01  -0.20775E+00   0.47577E+01       4.36
 -135     27.04    0.89073  0.46954E+01  -0.21175E+00   0.46826E+01       4.51
 -134     27.50    0.88698  0.46211E+01  -0.21563E+00   0.46076E+01       4.67
 -133     27.97    0.88318  0.45470E+01  -0.21942E+00   0.45328E+01       4.83
 -132     28.44    0.87932  0.44732E+01  -0.22309E+00   0.44582E+01       4.99
 -131     28.91    0.87540  0.43996E+01  -0.22664E+00   0.43838E+01       5.15
 -130     29.38    0.87142  0.43263E+01  -0.23008E+00   0.43097E+01       5.32
 -129     29.84    0.86738  0.42533E+01  -0.23340E+00   0.42360E+01       5.49
 -128     30.31    0.86329  0.41807E+01  -0.23660E+00   0.41626E+01       5.66
 -127     30.78    0.85914  0.41085E+01  -0.23967E+00   0.40895E+01       5.83
 -126     31.25    0.85493  0.40368E+01  -0.24261E+00   0.40170E+01       6.01
 -125     31.72    0.85066  0.39655E+01  -0.24543E+00   0.39448E+01       6.19
 -124     32.18    0.84634  0.38947E+01  -0.24812E+00   0.38732E+01       6.37
 -123     32.65    0.84195  0.38245E+01  -0.25067E+00   0.38020E+01       6.55
 -122     33.12    0.83752  0.37548E+01  -0.25310E+00   0.37315E+01       6.74
 -121     33.59    0.83303  0.36857E+01  -0.25539E+00   0.36614E+01       6.93
 -120     34.06    0.82848  0.36172E+01  -0.25754E+00   0.35920E+01       7.12
 -119     34.53    0.82387  0.35494E+01  -0.25956E+00   0.35232E+01       7.31
 -118     34.99    0.81922  0.34822E+01  -0.26145E+00   0.34551E+01       7.51
 -117     35.46    0.81450  0.34157E+01  -0.26321E+00   0.33876E+01       7.71
 -116     35.93    0.80974  0.33498E+01  -0.26482E+00   0.33208E+01       7.91
 -115     36.40    0.80491  0.32847E+01  -0.26631E+00   0.32547E+01       8.11
 -114     36.87    0.80004  0.32204E+01  -0.26766E+00   0.31894E+01       8.31
 -113     37.33    0.79511  0.31567E+01  -0.26888E+00   0.31248E+01       8.52
 -112     37.80    0.79013  0.30939E+01  -0.26996E+00   0.30609E+01       8.73
 -111     38.27    0.78509  0.30318E+01  -0.27092E+00   0.29978E+01       8.94
 -110     38.74    0.78001  0.29705E+01  -0.27174E+00   0.29355E+01       9.15
 -109     39.21    0.77487  0.29100E+01  -0.27244E+00   0.28740E+01       9.36
 -108     39.67    0.76968  0.28503E+01  -0.27301E+00   0.28133E+01       9.58
 -107     40.14    0.76444  0.27915E+01  -0.27345E+00   0.27535E+01       9.80
 -106     40.61    0.75914  0.27334E+01  -0.27377E+00   0.26944E+01      10.02
 -105     41.08    0.75380  0.26762E+01  -0.27397E+00   0.26362E+01      10.24
 -104     41.55    0.74841  0.26199E+01  -0.27404E+00   0.25789E+01      10.46
 -103     42.02    0.74296  0.25644E+01  -0.27400E+00   0.25224E+01      10.68
 -102     42.48    0.73747  0.25097E+01  -0.27385E+00   0.24667E+01      10.91
 -101     42.95    0.73193  0.24560E+01  -0.27358E+00   0.24119E+01      11.14
 -100     43.42    0.72633  0.24030E+01  -0.27320E+00   0.23580E+01      11.37
  -99     43.89    0.72069  0.23510E+01  -0.27271E+00   0.23049E+01      11.60
  -98     44.36    0.71501  0.22998E+01  -0.27211E+00   0.22527E+01      11.83
  -97     44.82    0.70927  0.22494E+01  -0.27141E+00   0.22014E+01      12.07
  -96     45.29    0.70349  0.21999E+01  -0.27061E+00   0.21510E+01      12.30
  -95     45.76    0.69766  0.21513E+01  -0.26972E+00   0.21014E+01      12.54
  -94     46.23    0.69178  0.21035E+01  -0.26872E+00   0.20527E+01      12.77
  -93     46.70    0.68586  0.20566E+01  -0.26764E+00   0.20048E+01      13.01
  -92     47.17    0.67989  0.20106E+01  -0.26646E+00   0.19578E+01      13.25
  -91     47.63    0.67387  0.19654E+01  -0.26520E+00   0.19117E+01      13.49
  -90     48.10    0.66781  0.19210E+01  -0.26385E+00   0.18664E+01      13.73
  -89     48.57    0.66171  0.18775E+01  -0.26242E+00   0.18220E+01      13.98
  -88     49.04    0.65556  0.18348E+01  -0.26091E+00   0.17784E+01      14.22
  -87     49.51    0.64937  0.17930E+01  -0.25933E+00   0.17357E+01      14.46
  -86     49.97    0.64313  0.17519E+01  -0.25768E+00   0.16937E+01      14.71
  -85     50.44    0.63686  0.17117E+01  -0.25596E+00   0.16527E+01      14.95
  -84     50.91    0.63054  0.16723E+01  -0.25417E+00   0.16124E+01      15.20
  -83     51.38    0.62417  0.16337E+01  -0.25231E+00   0.15730E+01      15.44
  -82     51.85    0.61777  0.15959E+01  -0.25040E+00   0.15344E+01      15.69
  -81     52.31    0.61132  0.15588E+01  -0.24843E+00   0.14965E+01      15.94
  -80     52.78    0.60484  0.15226E+01  -0.24640E+00   0.14595E+01      16.18
  -79     53.25    0.59831  0.14871E+01  -0.24432E+00   0.14232E+01      16.43
  -78     53.72    0.59174  0.14524E+01  -0.24219E+00   0.13877E+01      16.68
  -77     54.19    0.58514  0.14184E+01  -0.24002E+00   0.13530E+01      16.92
  -76     54.66    0.57849  0.13851E+01  -0.23780E+00   0.13191E+01      17.17
  -75     55.12    0.57181  0.13526E+01  -0.23554E+00   0.12858E+01      17.41
  -74     55.59    0.56509  0.13208E+01  -0.23324E+00   0.12534E+01      17.66
  -73     56.06    0.55833  0.12897E+01  -0.23091E+00   0.12216E+01      17.90
  -72     56.53    0.55153  0.12593E+01  -0.22854E+00   0.11906E+01      18.15
  -71     57.00    0.54470  0.12296E+01  -0.22615E+00   0.11602E+01      18.39
  -70     57.46    0.53783  0.12006E+01  -0.22372E+00   0.11306E+01      18.63
  -69     57.93    0.53092  0.11722E+01  -0.22127E+00   0.11016E+01      18.88
  -68     58.40    0.52398  0.11445E+01  -0.21880E+00   0.10733E+01      19.12
  -67     58.87    0.51700  0.11174E+01  -0.21631E+00   0.10457E+01      19.36
  -66     59.34    0.50999  0.10910E+01  -0.21380E+00   0.10188E+01      19.60
  -65     59.80    0.50294  0.10652E+01  -0.21127E+00   0.99242E+00      19.83
  -64     60.27    0.49587  0.10400E+01  -0.20873E+00   0.96672E+00      20.07
  -63     60.74    0.48875  0.10154E+01  -0.20617E+00   0.94164E+00      20.30
  -62     61.21    0.48161  0.99139E+00  -0.20361E+00   0.91716E+00      20.54
  -61     61.68    0.47443  0.96796E+00  -0.20104E+00   0.89329E+00      20.77
  -60     62.15    0.46723  0.94510E+00  -0.19846E+00   0.87000E+00      21.00
  -59     62.61    0.45999  0.92280E+00  -0.19588E+00   0.84728E+00      21.23
  -58     63.08    0.45272  0.90104E+00  -0.19329E+00   0.82513E+00      21.45
  -57     63.55    0.44542  0.87982E+00  -0.19071E+00   0.80353E+00      21.68
  -56     64.02    0.43809  0.85912E+00  -0.18813E+00   0.78247E+00      21.90
  -55     64.49    0.43073  0.83894E+00  -0.18555E+00   0.76194E+00      22.12
  -54     64.95    0.42334  0.81926E+00  -0.18297E+00   0.74193E+00      22.33
  -53     65.42    0.41592  0.80007E+00  -0.18040E+00   0.72244E+00      22.55
  -52     65.89    0.40848  0.78137E+00  -0.17784E+00   0.70344E+00      22.76
  -51     66.36    0.40101  0.76314E+00  -0.17529E+00   0.68493E+00      22.97
  -50     66.83    0.39351  0.74537E+00  -0.17274E+00   0.66690E+00      23.18
  -49     67.30    0.38598  0.72805E+00  -0.17021E+00   0.64933E+00      23.38
  -48     67.76    0.37843  0.71118E+00  -0.16769E+00   0.63222E+00      23.58
  -47     68.23    0.37086  0.69473E+00  -0.16519E+00   0.61557E+00      23.78
  -46     68.70    0.36326  0.67871E+00  -0.16270E+00   0.59934E+00      23.97
  -45     69.17    0.35563  0.66311E+00  -0.16022E+00   0.58355E+00      24.16
  -44     69.64    0.34798  0.64790E+00  -0.15777E+00   0.56817E+00      24.35
  -43     70.10    0.34031  0.63309E+00  -0.15533E+00   0.55320E+00      24.53
  -42     70.57    0.33262  0.61867E+00  -0.15291E+00   0.53863E+00      24.72
  -41     71.04    0.32490  0.60462E+00  -0.15051E+00   0.52445E+00      24.89
  -40     71.51    0.31716  0.59094E+00  -0.14813E+00   0.51065E+00      25.07
  -39     71.98    0.30941  0.57761E+00  -0.14577E+00   0.49722E+00      25.24
  -38     72.44    0.30163  0.56464E+00  -0.14343E+00   0.48415E+00      25.40
  -37     72.91    0.29383  0.55201E+00  -0.14111E+00   0.47143E+00      25.56
  -36     73.38    0.28601  0.53971E+00  -0.13882E+00   0.45906E+00      25.72
  -35     73.85    0.27817  0.52773E+00  -0.13655E+00   0.44703E+00      25.88
  -34     74.32    0.27031  0.51607E+00  -0.13431E+00   0.43532E+00      26.03
  -33     74.79    0.26243  0.50472E+00  -0.13209E+00   0.42393E+00      26.17
  -32     75.25    0.25454  0.49367E+00  -0.12989E+00   0.41285E+00      26.31
  -31     75.72    0.24663  0.48292E+00  -0.12773E+00   0.40207E+00      26.45
  -30     76.19    0.23871  0.47245E+00  -0.12558E+00   0.39159E+00      26.58
  -29     76.66    0.23076  0.46226E+00  -0.12346E+00   0.38139E+00      26.71
  -28     77.13    0.22281  0.45234E+00  -0.12137E+00   0.37148E+00      26.83
  -27     77.59    0.21483  0.44268E+00  -0.11931E+00   0.36184E+00      26.95
  -26     78.06    0.20685  0.43329E+00  -0.11727E+00   0.35246E+00      27.06
  -25     78.53    0.19885  0.42414E+00  -0.11525E+00   0.34334E+00      27.17
  -24     79.00    0.19083  0.41524E+00  -0.11327E+00   0.33447E+00      27.28
  -23     79.47    0.18280  0.40658E+00  -0.11131E+00   0.32585E+00      27.38
  -22     79.93    0.17477  0.39814E+00  -0.10938E+00   0.31746E+00      27.47
  -21     80.40    0.16671  0.38994E+00  -0.10747E+00   0.30931E+00      27.56
  -20     80.87    0.15865  0.38195E+00  -0.10559E+00   0.30137E+00      27.65
  -19     81.34    0.15058  0.37418E+00  -0.10374E+00   0.29366E+00      27.73
  -18     81.81    0.14250  0.36662E+00  -0.10192E+00   0.28616E+00      27.80
  -17     82.28    0.13441  0.35926E+00  -0.10012E+00   0.27887E+00      27.87
  -16     82.74    0.12631  0.35209E+00  -0.98351E-01   0.27177E+00      27.93
  -15     83.21    0.11820  0.34512E+00  -0.96606E-01   0.26487E+00      27.99
  -14     83.68    0.11008  0.33833E+00  -0.94888E-01   0.25816E+00      28.05
  -13     84.15    0.10195  0.33173E+00  -0.93197E-01   0.25163E+00      28.09
  -12     84.62    0.09382  0.32530E+00  -0.91531E-01   0.24528E+00      28.14
  -11     85.08    0.08569  0.31905E+00  -0.89891E-01   0.23911E+00      28.17
  -10     85.55    0.07754  0.31296E+00  -0.88276E-01   0.23310E+00      28.21
   -9     86.02    0.06939  0.30703E+00  -0.86687E-01   0.22725E+00      28.23
   -8     86.49    0.06124  0.30127E+00  -0.85123E-01   0.22156E+00      28.26
   -7     86.96    0.05308  0.29565E+00  -0.83584E-01   0.21603E+00      28.27
   -6     87.43    0.04492  0.29019E+00  -0.82069E-01   0.21064E+00      28.28
   -5     87.89    0.03676  0.28487E+00  -0.80578E-01   0.20540E+00      28.29
   -4     88.36    0.02859  0.27969E+00  -0.79112E-01   0.20030E+00      28.29
   -3     88.83    0.02043  0.27465E+00  -0.77668E-01   0.19533E+00      28.28
   -2     89.30    0.01226  0.26975E+00  -0.76248E-01   0.19049E+00      28.27
   -1     89.77    0.00409  0.26497E+00  -0.74851E-01   0.18579E+00      28.25
    0     90.00    0.00000  0.26263E+00  -0.74161E-01   0.18348E+00      28.24
    1     90.23   -0.00409  0.26032E+00  -0.73476E-01   0.18120E+00      28.23
    2     90.70   -0.01226  0.25579E+00  -0.72124E-01   0.17673E+00      28.20
    3     91.17   -0.02043  0.25139E+00  -0.70793E-01   0.17238E+00      28.16
    4     91.64   -0.02859  0.24710E+00  -0.69484E-01   0.16814E+00      28.12
    5     92.11   -0.03676  0.24292E+00  -0.68195E-01   0.16401E+00      28.07
    6     92.57   -0.04492  0.23885E+00  -0.66927E-01   0.15999E+00      28.02
    7     93.04   -0.05308  0.23489E+00  -0.65680E-01   0.15606E+00      27.96
    8     93.51   -0.06124  0.23103E+00  -0.64452E-01   0.15223E+00      27.90
    9     93.98   -0.06939  0.22728E+00  -0.63243E-01   0.14850E+00      27.83
   10     94.45   -0.07754  0.22362E+00  -0.62054E-01   0.14486E+00      27.75
   11     94.92   -0.08569  0.22006E+00  -0.60883E-01   0.14131E+00      27.67
   12     95.38   -0.09382  0.21659E+00  -0.59731E-01   0.13784E+00      27.58
   13     95.85   -0.10195  0.21321E+00  -0.58596E-01   0.13445E+00      27.48
   14     96.32   -0.11008  0.20992E+00  -0.57478E-01   0.13115E+00      27.38
   15     96.79   -0.11820  0.20672E+00  -0.56378E-01   0.12792E+00      27.27
   16     97.26   -0.12631  0.20360E+00  -0.55294E-01   0.12476E+00      27.16
   17     97.72   -0.13441  0.20056E+00  -0.54226E-01   0.12168E+00      27.04
   18     98.19   -0.14250  0.19759E+00  -0.53174E-01   0.11867E+00      26.91
   19     98.66   -0.15058  0.19471E+00  -0.52138E-01   0.11572E+00      26.78
   20     99.13   -0.15865  0.19190E+00  -0.51116E-01   0.11284E+00      26.64
   21     99.60   -0.16671  0.18916E+00  -0.50109E-01   0.11002E+00      26.49
   22    100.07   -0.17477  0.18649E+00  -0.49116E-01   0.10726E+00      26.34
   23    100.53   -0.18280  0.18390E+00  -0.48137E-01   0.10455E+00      26.18
   24    101.00   -0.19083  0.18136E+00  -0.47171E-01   0.10190E+00      26.01
   25    101.47   -0.19885  0.17890E+00  -0.46218E-01   0.99307E-01      25.83
   26    101.94   -0.20685  0.17650E+00  -0.45277E-01   0.96762E-01      25.65
   27    102.41   -0.21483  0.17416E+00  -0.44349E-01   0.94266E-01      25.47
   28    102.87   -0.22281  0.17187E+00  -0.43433E-01   0.91816E-01      25.27
   29    103.34   -0.23076  0.16965E+00  -0.42528E-01   0.89412E-01      25.07
   30    103.81   -0.23871  0.16749E+00  -0.41634E-01   0.87051E-01      24.86
   31    104.28   -0.24663  0.16538E+00  -0.40751E-01   0.84731E-01      24.64
   32    104.75   -0.25454  0.16332E+00  -0.39878E-01   0.82452E-01      24.42
   33    105.21   -0.26243  0.16132E+00  -0.39016E-01   0.80210E-01      24.18
   34    105.68   -0.27031  0.15937E+00  -0.38163E-01   0.78004E-01      23.95
   35    106.15   -0.27817  0.15747E+00  -0.37320E-01   0.75833E-01      23.70
   36    106.62   -0.28601  0.15562E+00  -0.36485E-01   0.73696E-01      23.44
   37    107.09   -0.29383  0.15382E+00  -0.35660E-01   0.71589E-01      23.18
   38    107.56   -0.30163  0.15206E+00  -0.34843E-01   0.69513E-01      22.91
   39    108.02   -0.30941  0.15035E+00  -0.34034E-01   0.67466E-01      22.64
   40    108.49   -0.31716  0.14869E+00  -0.33233E-01   0.65446E-01      22.35
   41    108.96   -0.32490  0.14707E+00  -0.32439E-01   0.63452E-01      22.06
   42    109.43   -0.33262  0.14549E+00  -0.31653E-01   0.61483E-01      21.76
   43    109.90   -0.34031  0.14395E+00  -0.30874E-01   0.59536E-01      21.45
   44    110.36   -0.34798  0.14245E+00  -0.30102E-01   0.57612E-01      21.13
   45    110.83   -0.35563  0.14100E+00  -0.29336E-01   0.55709E-01      20.81
   46    111.30   -0.36326  0.13958E+00  -0.28577E-01   0.53825E-01      20.47
   47    111.77   -0.37086  0.13820E+00  -0.27824E-01   0.51959E-01      20.13
   48    112.24   -0.37843  0.13685E+00  -0.27077E-01   0.50111E-01      19.78
   49    112.70   -0.38598  0.13555E+00  -0.26335E-01   0.48280E-01      19.43
   50    113.17   -0.39351  0.13428E+00  -0.25599E-01   0.46463E-01      19.06
   51    113.64   -0.40101  0.13304E+00  -0.24869E-01   0.44661E-01      18.69
   52    114.11   -0.40848  0.13184E+00  -0.24143E-01   0.42871E-01      18.31
   53    114.58   -0.41592  0.13067E+00  -0.23423E-01   0.41094E-01      17.92
   54    115.05   -0.42334  0.12954E+00  -0.22707E-01   0.39328E-01      17.53
   55    115.51   -0.43073  0.12844E+00  -0.21996E-01   0.37573E-01      17.13
   56    115.98   -0.43809  0.12737E+00  -0.21290E-01   0.35827E-01      16.72
   57    116.45   -0.44542  0.12633E+00  -0.20588E-01   0.34089E-01      16.30
   58    116.92   -0.45272  0.12532E+00  -0.19891E-01   0.32359E-01      15.87
   59    117.39   -0.45999  0.12434E+00  -0.19198E-01   0.30637E-01      15.44
   60    117.85   -0.46723  0.12339E+00  -0.18509E-01   0.28920E-01      15.00
   61    118.32   -0.47443  0.12247E+00  -0.17824E-01   0.27209E-01      14.55
   62    118.79   -0.48161  0.12158E+00  -0.17144E-01   0.25502E-01      14.10
   63    119.26   -0.48875  0.12072E+00  -0.16467E-01   0.23800E-01      13.64
   64    119.73   -0.49587  0.11989E+00  -0.15794E-01   0.22101E-01      13.17
   65    120.20   -0.50294  0.11908E+00  -0.15126E-01   0.20404E-01      12.70
   66    120.66   -0.50999  0.11830E+00  -0.14461E-01   0.18710E-01      12.22
   67    121.13   -0.51700  0.11755E+00  -0.13801E-01   0.17017E-01      11.74
   68    121.60   -0.52398  0.11683E+00  -0.13144E-01   0.15325E-01      11.25
   69    122.07   -0.53092  0.11613E+00  -0.12491E-01   0.13633E-01      10.76
   70    122.54   -0.53783  0.11546E+00  -0.11843E-01   0.11941E-01      10.26
   71    123.00   -0.54470  0.11481E+00  -0.11199E-01   0.10249E-01       9.75
   72    123.47   -0.55153  0.11419E+00  -0.10558E-01   0.85549E-02       9.25
   73    123.94   -0.55833  0.11359E+00  -0.99226E-02   0.68595E-02       8.74
   74    124.41   -0.56509  0.11302E+00  -0.92911E-02   0.51622E-02       8.22
   75    124.88   -0.57181  0.11247E+00  -0.86641E-02   0.34625E-02       7.70
   76    125.34   -0.57849  0.11195E+00  -0.80416E-02   0.17599E-02       7.18
   77    125.81   -0.58514  0.11145E+00  -0.74238E-02   0.54195E-04       6.66
   78    126.28   -0.59174  0.11098E+00  -0.68109E-02  -0.16550E-02       6.14
   79    126.75   -0.59831  0.11052E+00  -0.62029E-02  -0.33680E-02       5.61
   80    127.22   -0.60484  0.11010E+00  -0.56001E-02  -0.50851E-02       5.09
   81    127.69   -0.61132  0.10970E+00  -0.50026E-02  -0.68065E-02       4.56
   82    128.15   -0.61777  0.10932E+00  -0.44106E-02  -0.85324E-02       4.03
   83    128.62   -0.62417  0.10896E+00  -0.38243E-02  -0.10263E-01       3.51
   84    129.09   -0.63054  0.10863E+00  -0.32438E-02  -0.11999E-01       2.99
   85    129.56   -0.63686  0.10832E+00  -0.26695E-02  -0.13740E-01       2.46
   86    130.03   -0.64313  0.10803E+00  -0.21014E-02  -0.15486E-01       1.95
   87    130.49   -0.64937  0.10777E+00  -0.15399E-02  -0.17237E-01       1.43
   88    130.96   -0.65556  0.10753E+00  -0.98517E-03  -0.18994E-01       0.92
   89    131.43   -0.66171  0.10731E+00  -0.43746E-03  -0.20756E-01       0.41
   90    131.90   -0.66781  0.10712E+00   0.10297E-03  -0.22524E-01      -0.10
   91    132.37   -0.67387  0.10695E+00   0.63585E-03  -0.24298E-01      -0.59
   92    132.83   -0.67989  0.10680E+00   0.11609E-02  -0.26077E-01      -1.09
   93    133.30   -0.68586  0.10667E+00   0.16779E-02  -0.27861E-01      -1.57
   94    133.77   -0.69178  0.10657E+00   0.21865E-02  -0.29651E-01      -2.05
   95    134.24   -0.69766  0.10648E+00   0.26864E-02  -0.31446E-01      -2.52
   96    134.71   -0.70349  0.10643E+00   0.31774E-02  -0.33247E-01      -2.99
   97    135.18   -0.70927  0.10639E+00   0.36591E-02  -0.35053E-01      -3.44
   98    135.64   -0.71501  0.10638E+00   0.41313E-02  -0.36863E-01      -3.88
   99    136.11   -0.72069  0.10638E+00   0.45936E-02  -0.38679E-01      -4.32
  100    136.58   -0.72633  0.10642E+00   0.50457E-02  -0.40499E-01      -4.74
  101    137.05   -0.73193  0.10647E+00   0.54874E-02  -0.42323E-01      -5.15
  102    137.52   -0.73747  0.10655E+00   0.59182E-02  -0.44152E-01      -5.55
  103    137.98   -0.74296  0.10664E+00   0.63380E-02  -0.45984E-01      -5.94
  104    138.45   -0.74841  0.10676E+00   0.67463E-02  -0.47820E-01      -6.32
  105    138.92   -0.75380  0.10691E+00   0.71429E-02  -0.49659E-01      -6.68
  106    139.39   -0.75914  0.10707E+00   0.75275E-02  -0.51501E-01      -7.03
  107    139.86   -0.76444  0.10726E+00   0.78997E-02  -0.53346E-01      -7.37
  108    140.33   -0.76968  0.10747E+00   0.82593E-02  -0.55192E-01      -7.69
  109    140.79   -0.77487  0.10770E+00   0.86059E-02  -0.57041E-01      -7.99
  110    141.26   -0.78001  0.10795E+00   0.89394E-02  -0.58890E-01      -8.28
  111    141.73   -0.78509  0.10823E+00   0.92593E-02  -0.60741E-01      -8.56
  112    142.20   -0.79013  0.10852E+00   0.95654E-02  -0.62591E-01      -8.81
  113    142.67   -0.79511  0.10884E+00   0.98574E-02  -0.64442E-01      -9.06
  114    143.13   -0.80004  0.10918E+00   0.10135E-01  -0.66292E-01      -9.28
  115    143.60   -0.80491  0.10954E+00   0.10398E-01  -0.68141E-01      -9.49
  116    144.07   -0.80974  0.10993E+00   0.10647E-01  -0.69988E-01      -9.69
  117    144.54   -0.81450  0.11033E+00   0.10880E-01  -0.71833E-01      -9.86
  118    145.01   -0.81922  0.11076E+00   0.11098E-01  -0.73675E-01     -10.02
  119    145.47   -0.82387  0.11120E+00   0.11301E-01  -0.75513E-01     -10.16
  120    145.94   -0.82848  0.11167E+00   0.11488E-01  -0.77348E-01     -10.29
  121    146.41   -0.83303  0.11216E+00   0.11659E-01  -0.79178E-01     -10.40
  122    146.88   -0.83752  0.11266E+00   0.11815E-01  -0.81002E-01     -10.49
  123    147.35   -0.84195  0.11319E+00   0.11954E-01  -0.82821E-01     -10.56
  124    147.82   -0.84634  0.11374E+00   0.12077E-01  -0.84633E-01     -10.62
  125    148.28   -0.85066  0.11430E+00   0.12184E-01  -0.86438E-01     -10.66
  126    148.75   -0.85493  0.11489E+00   0.12275E-01  -0.88234E-01     -10.68
  127    149.22   -0.85914  0.11549E+00   0.12349E-01  -0.90022E-01     -10.69
  128    149.69   -0.86329  0.11611E+00   0.12407E-01  -0.91801E-01     -10.69
  129    150.16   -0.86738  0.11675E+00   0.12449E-01  -0.93570E-01     -10.66
  130    150.62   -0.87142  0.11741E+00   0.12474E-01  -0.95328E-01     -10.62
  131    151.09   -0.87540  0.11808E+00   0.12483E-01  -0.97074E-01     -10.57
  132    151.56   -0.87932  0.11877E+00   0.12476E-01  -0.98809E-01     -10.50
  133    152.03   -0.88318  0.11948E+00   0.12453E-01  -0.10053E+00     -10.42
  134    152.50   -0.88698  0.12020E+00   0.12413E-01  -0.10224E+00     -10.33
  135    152.96   -0.89073  0.12094E+00   0.12358E-01  -0.10393E+00     -10.22
  136    153.43   -0.89441  0.12169E+00   0.12288E-01  -0.10561E+00     -10.10
  137    153.90   -0.89804  0.12245E+00   0.12202E-01  -0.10727E+00      -9.96
  138    154.37   -0.90160  0.12323E+00   0.12100E-01  -0.10892E+00      -9.82
  139    154.84   -0.90510  0.12402E+00   0.11984E-01  -0.11055E+00      -9.66
  140    155.31   -0.90855  0.12483E+00   0.11854E-01  -0.11216E+00      -9.50
  141    155.77   -0.91193  0.12564E+00   0.11709E-01  -0.11375E+00      -9.32
  142    156.24   -0.91525  0.12646E+00   0.11550E-01  -0.11533E+00      -9.13
  143    156.71   -0.91851  0.12730E+00   0.11378E-01  -0.11688E+00      -8.94
  144    157.18   -0.92171  0.12814E+00   0.11193E-01  -0.11841E+00      -8.74
  145    157.65   -0.92485  0.12899E+00   0.10995E-01  -0.11992E+00      -8.52
  146    158.11   -0.92793  0.12984E+00   0.10786E-01  -0.12141E+00      -8.31
  147    158.58   -0.93094  0.13070E+00   0.10564E-01  -0.12288E+00      -8.08
  148    159.05   -0.93390  0.13157E+00   0.10332E-01  -0.12432E+00      -7.85
  149    159.52   -0.93679  0.13244E+00   0.10089E-01  -0.12574E+00      -7.62
  150    159.99   -0.93961  0.13332E+00   0.98364E-02  -0.12714E+00      -7.38
  151    160.46   -0.94238  0.13419E+00   0.95745E-02  -0.12851E+00      -7.13
  152    160.92   -0.94508  0.13507E+00   0.93039E-02  -0.12985E+00      -6.89
  153    161.39   -0.94772  0.13595E+00   0.90255E-02  -0.13117E+00      -6.64
  154    161.86   -0.95030  0.13682E+00   0.87397E-02  -0.13246E+00      -6.39
  155    162.33   -0.95281  0.13769E+00   0.84474E-02  -0.13373E+00      -6.13
  156    162.80   -0.95526  0.13856E+00   0.81493E-02  -0.13497E+00      -5.88
  157    163.26   -0.95764  0.13943E+00   0.78461E-02  -0.13618E+00      -5.63
  158    163.73   -0.95996  0.14029E+00   0.75386E-02  -0.13736E+00      -5.37
  159    164.20   -0.96222  0.14114E+00   0.72276E-02  -0.13851E+00      -5.12
  160    164.67   -0.96441  0.14199E+00   0.69138E-02  -0.13963E+00      -4.87
  161    165.14   -0.96654  0.14282E+00   0.65981E-02  -0.14072E+00      -4.62
  162    165.60   -0.96860  0.14365E+00   0.62812E-02  -0.14178E+00      -4.37
  163    166.07   -0.97060  0.14446E+00   0.59639E-02  -0.14281E+00      -4.13
  164    166.54   -0.97254  0.14526E+00   0.56472E-02  -0.14381E+00      -3.89
  165    167.01   -0.97440  0.14605E+00   0.53318E-02  -0.14478E+00      -3.65
  166    167.48   -0.97621  0.14682E+00   0.50185E-02  -0.14571E+00      -3.42
  167    167.95   -0.97795  0.14757E+00   0.47082E-02  -0.14662E+00      -3.19
  168    168.41   -0.97962  0.14831E+00   0.44016E-02  -0.14749E+00      -2.97
  169    168.88   -0.98123  0.14903E+00   0.40996E-02  -0.14833E+00      -2.75
  170    169.35   -0.98277  0.14973E+00   0.38030E-02  -0.14914E+00      -2.54
  171    169.82   -0.98425  0.15041E+00   0.35126E-02  -0.14991E+00      -2.34
  172    170.29   -0.98566  0.15106E+00   0.32291E-02  -0.15065E+00      -2.14
  173    170.75   -0.98701  0.15170E+00   0.29533E-02  -0.15135E+00      -1.95
  174    171.22   -0.98829  0.15231E+00   0.26860E-02  -0.15203E+00      -1.76
  175    171.69   -0.98950  0.15289E+00   0.24278E-02  -0.15266E+00      -1.59
  176    172.16   -0.99065  0.15345E+00   0.21795E-02  -0.15327E+00      -1.42
  177    172.63   -0.99173  0.15398E+00   0.19418E-02  -0.15384E+00      -1.26
  178    173.09   -0.99275  0.15448E+00   0.17153E-02  -0.15437E+00      -1.11
  179    173.56   -0.99370  0.15496E+00   0.15006E-02  -0.15487E+00      -0.97
  180    174.03   -0.99458  0.15540E+00   0.12983E-02  -0.15534E+00      -0.84
  181    174.50   -0.99539  0.15582E+00   0.11090E-02  -0.15577E+00      -0.71
  182    174.97   -0.99614  0.15620E+00   0.93324E-03  -0.15617E+00      -0.60
  183    175.44   -0.99683  0.15655E+00   0.77142E-03  -0.15653E+00      -0.49
  184    175.90   -0.99744  0.15687E+00   0.62403E-03  -0.15685E+00      -0.40
  185    176.37   -0.99799  0.15715E+00   0.49148E-03  -0.15715E+00      -0.31
  186    176.84   -0.99848  0.15741E+00   0.37415E-03  -0.15740E+00      -0.24
  187    177.31   -0.99890  0.15763E+00   0.27235E-03  -0.15762E+00      -0.17
  188    177.78   -0.99925  0.15781E+00   0.18638E-03  -0.15781E+00      -0.12
  189    178.24   -0.99953  0.15796E+00   0.11648E-03  -0.15796E+00      -0.07
  190    178.71   -0.99975  0.15807E+00   0.62829E-04  -0.15807E+00      -0.04
  191    179.18   -0.99990  0.15815E+00   0.25592E-04  -0.15815E+00      -0.02
  192    179.64   -0.99998  0.15820E+00   0.48600E-05  -0.15820E+00      -0.00
  193    180.00   -1.00000  0.15821E+00   0.00000E+00  -0.15821E+00      -0.00

