 alpha final =    359.00000000000000     

     granulo :  rn =  1.0  rm = 0.15  ln sig =  0.290  pour r <  50. mic.
     ======================================================================

                    longueur d onde :  0.900 microns
                    ================================

     indice reel :   1.45000     indice imaginaire : -0.35000E-02


                    nombre de particules :  0.10000E+01

       Sections d extinction et de diffusion ramenees a une particule :
       ----------------------------------------------------------------
     extinction :  0.41164E-01 mic**2     diffusion :  0.39875E-01 mic**2

            Pizero : 0.968686                 g.assymetrie : 0.48927

 ------------------------------------------------------------------------------
   j      theta       mu         i             q             u         -q/i*100
 ------------------------------------------------------------------------------
 -193      0.00    1.00000  0.42473E+01   0.00000E+00   0.42473E+01      -0.00
 -192      0.36    0.99998  0.42471E+01  -0.52786E-04   0.42471E+01       0.00
 -191      0.82    0.99990  0.42463E+01  -0.27808E-03   0.42463E+01       0.01
 -190      1.29    0.99975  0.42448E+01  -0.68320E-03   0.42448E+01       0.02
 -189      1.76    0.99953  0.42426E+01  -0.12679E-02   0.42426E+01       0.03
 -188      2.22    0.99925  0.42398E+01  -0.20317E-02   0.42398E+01       0.05
 -187      2.69    0.99890  0.42363E+01  -0.29739E-02   0.42363E+01       0.07
 -186      3.16    0.99848  0.42321E+01  -0.40939E-02   0.42321E+01       0.10
 -185      3.63    0.99799  0.42273E+01  -0.53905E-02   0.42273E+01       0.13
 -184      4.10    0.99744  0.42218E+01  -0.68629E-02   0.42218E+01       0.16
 -183      4.56    0.99683  0.42156E+01  -0.85096E-02   0.42156E+01       0.20
 -182      5.03    0.99614  0.42088E+01  -0.10329E-01   0.42088E+01       0.25
 -181      5.50    0.99539  0.42014E+01  -0.12321E-01   0.42014E+01       0.29
 -180      5.97    0.99458  0.41933E+01  -0.14482E-01   0.41933E+01       0.35
 -179      6.44    0.99370  0.41846E+01  -0.16811E-01   0.41845E+01       0.40
 -178      6.91    0.99275  0.41752E+01  -0.19307E-01   0.41752E+01       0.46
 -177      7.37    0.99173  0.41652E+01  -0.21966E-01   0.41652E+01       0.53
 -176      7.84    0.99065  0.41546E+01  -0.24788E-01   0.41545E+01       0.60
 -175      8.31    0.98950  0.41434E+01  -0.27769E-01   0.41433E+01       0.67
 -174      8.78    0.98829  0.41316E+01  -0.30907E-01   0.41314E+01       0.75
 -173      9.25    0.98701  0.41191E+01  -0.34200E-01   0.41189E+01       0.83
 -172      9.71    0.98566  0.41061E+01  -0.37644E-01   0.41059E+01       0.92
 -171     10.18    0.98425  0.40924E+01  -0.41238E-01   0.40922E+01       1.01
 -170     10.65    0.98277  0.40782E+01  -0.44978E-01   0.40779E+01       1.10
 -169     11.12    0.98123  0.40634E+01  -0.48860E-01   0.40631E+01       1.20
 -168     11.59    0.97962  0.40481E+01  -0.52883E-01   0.40477E+01       1.31
 -167     12.05    0.97795  0.40321E+01  -0.57043E-01   0.40317E+01       1.41
 -166     12.52    0.97621  0.40157E+01  -0.61336E-01   0.40151E+01       1.53
 -165     12.99    0.97440  0.39986E+01  -0.65759E-01   0.39980E+01       1.64
 -164     13.46    0.97254  0.39811E+01  -0.70308E-01   0.39804E+01       1.77
 -163     13.93    0.97060  0.39630E+01  -0.74980E-01   0.39622E+01       1.89
 -162     14.40    0.96860  0.39444E+01  -0.79771E-01   0.39435E+01       2.02
 -161     14.86    0.96654  0.39253E+01  -0.84678E-01   0.39243E+01       2.16
 -160     15.33    0.96441  0.39058E+01  -0.89696E-01   0.39046E+01       2.30
 -159     15.80    0.96222  0.38857E+01  -0.94822E-01   0.38843E+01       2.44
 -158     16.27    0.95996  0.38651E+01  -0.10005E+00   0.38636E+01       2.59
 -157     16.74    0.95764  0.38441E+01  -0.10538E+00   0.38424E+01       2.74
 -156     17.20    0.95526  0.38226E+01  -0.11080E+00   0.38208E+01       2.90
 -155     17.67    0.95281  0.38007E+01  -0.11632E+00   0.37987E+01       3.06
 -154     18.14    0.95030  0.37784E+01  -0.12192E+00   0.37761E+01       3.23
 -153     18.61    0.94772  0.37556E+01  -0.12761E+00   0.37531E+01       3.40
 -152     19.08    0.94508  0.37325E+01  -0.13337E+00   0.37297E+01       3.57
 -151     19.54    0.94238  0.37089E+01  -0.13921E+00   0.37059E+01       3.75
 -150     20.01    0.93961  0.36849E+01  -0.14512E+00   0.36816E+01       3.94
 -149     20.48    0.93679  0.36606E+01  -0.15110E+00   0.36570E+01       4.13
 -148     20.95    0.93390  0.36359E+01  -0.15713E+00   0.36320E+01       4.32
 -147     21.42    0.93094  0.36109E+01  -0.16322E+00   0.36066E+01       4.52
 -146     21.89    0.92793  0.35855E+01  -0.16937E+00   0.35808E+01       4.72
 -145     22.35    0.92485  0.35598E+01  -0.17556E+00   0.35547E+01       4.93
 -144     22.82    0.92171  0.35337E+01  -0.18180E+00   0.35283E+01       5.14
 -143     23.29    0.91851  0.35074E+01  -0.18807E+00   0.35015E+01       5.36
 -142     23.76    0.91525  0.34808E+01  -0.19438E+00   0.34744E+01       5.58
 -141     24.23    0.91193  0.34539E+01  -0.20073E+00   0.34471E+01       5.81
 -140     24.69    0.90855  0.34267E+01  -0.20709E+00   0.34194E+01       6.04
 -139     25.16    0.90510  0.33993E+01  -0.21348E+00   0.33914E+01       6.28
 -138     25.63    0.90160  0.33716E+01  -0.21989E+00   0.33632E+01       6.52
 -137     26.10    0.89804  0.33437E+01  -0.22631E+00   0.33347E+01       6.77
 -136     26.57    0.89441  0.33156E+01  -0.23273E+00   0.33060E+01       7.02
 -135     27.04    0.89073  0.32872E+01  -0.23916E+00   0.32770E+01       7.28
 -134     27.50    0.88698  0.32587E+01  -0.24560E+00   0.32479E+01       7.54
 -133     27.97    0.88318  0.32300E+01  -0.25202E+00   0.32185E+01       7.80
 -132     28.44    0.87932  0.32011E+01  -0.25845E+00   0.31889E+01       8.07
 -131     28.91    0.87540  0.31720E+01  -0.26485E+00   0.31591E+01       8.35
 -130     29.38    0.87142  0.31428E+01  -0.27124E+00   0.31291E+01       8.63
 -129     29.84    0.86738  0.31135E+01  -0.27762E+00   0.30990E+01       8.92
 -128     30.31    0.86329  0.30840E+01  -0.28396E+00   0.30687E+01       9.21
 -127     30.78    0.85914  0.30545E+01  -0.29028E+00   0.30383E+01       9.50
 -126     31.25    0.85493  0.30248E+01  -0.29657E+00   0.30077E+01       9.80
 -125     31.72    0.85066  0.29950E+01  -0.30282E+00   0.29770E+01      10.11
 -124     32.18    0.84634  0.29652E+01  -0.30904E+00   0.29462E+01      10.42
 -123     32.65    0.84195  0.29352E+01  -0.31521E+00   0.29153E+01      10.74
 -122     33.12    0.83752  0.29052E+01  -0.32133E+00   0.28843E+01      11.06
 -121     33.59    0.83303  0.28752E+01  -0.32740E+00   0.28533E+01      11.39
 -120     34.06    0.82848  0.28451E+01  -0.33343E+00   0.28221E+01      11.72
 -119     34.53    0.82387  0.28150E+01  -0.33939E+00   0.27909E+01      12.06
 -118     34.99    0.81922  0.27849E+01  -0.34530E+00   0.27597E+01      12.40
 -117     35.46    0.81450  0.27548E+01  -0.35114E+00   0.27284E+01      12.75
 -116     35.93    0.80974  0.27247E+01  -0.35692E+00   0.26971E+01      13.10
 -115     36.40    0.80491  0.26946E+01  -0.36262E+00   0.26658E+01      13.46
 -114     36.87    0.80004  0.26645E+01  -0.36826E+00   0.26344E+01      13.82
 -113     37.33    0.79511  0.26344E+01  -0.37382E+00   0.26031E+01      14.19
 -112     37.80    0.79013  0.26044E+01  -0.37931E+00   0.25717E+01      14.56
 -111     38.27    0.78509  0.25745E+01  -0.38471E+00   0.25404E+01      14.94
 -110     38.74    0.78001  0.25445E+01  -0.39004E+00   0.25091E+01      15.33
 -109     39.21    0.77487  0.25147E+01  -0.39528E+00   0.24778E+01      15.72
 -108     39.67    0.76968  0.24849E+01  -0.40043E+00   0.24466E+01      16.11
 -107     40.14    0.76444  0.24553E+01  -0.40549E+00   0.24155E+01      16.52
 -106     40.61    0.75914  0.24257E+01  -0.41046E+00   0.23844E+01      16.92
 -105     41.08    0.75380  0.23962E+01  -0.41534E+00   0.23533E+01      17.33
 -104     41.55    0.74841  0.23668E+01  -0.42013E+00   0.23224E+01      17.75
 -103     42.02    0.74296  0.23375E+01  -0.42481E+00   0.22915E+01      18.17
 -102     42.48    0.73747  0.23084E+01  -0.42940E+00   0.22607E+01      18.60
 -101     42.95    0.73193  0.22794E+01  -0.43389E+00   0.22300E+01      19.04
 -100     43.42    0.72633  0.22505E+01  -0.43827E+00   0.21994E+01      19.47
  -99     43.89    0.72069  0.22218E+01  -0.44255E+00   0.21690E+01      19.92
  -98     44.36    0.71501  0.21932E+01  -0.44673E+00   0.21386E+01      20.37
  -97     44.82    0.70927  0.21648E+01  -0.45080E+00   0.21084E+01      20.82
  -96     45.29    0.70349  0.21365E+01  -0.45476E+00   0.20783E+01      21.29
  -95     45.76    0.69766  0.21084E+01  -0.45861E+00   0.20484E+01      21.75
  -94     46.23    0.69178  0.20805E+01  -0.46236E+00   0.20186E+01      22.22
  -93     46.70    0.68586  0.20527E+01  -0.46599E+00   0.19889E+01      22.70
  -92     47.17    0.67989  0.20252E+01  -0.46951E+00   0.19594E+01      23.18
  -91     47.63    0.67387  0.19978E+01  -0.47292E+00   0.19301E+01      23.67
  -90     48.10    0.66781  0.19706E+01  -0.47622E+00   0.19009E+01      24.17
  -89     48.57    0.66171  0.19436E+01  -0.47940E+00   0.18720E+01      24.67
  -88     49.04    0.65556  0.19169E+01  -0.48247E+00   0.18431E+01      25.17
  -87     49.51    0.64937  0.18903E+01  -0.48543E+00   0.18145E+01      25.68
  -86     49.97    0.64313  0.18640E+01  -0.48827E+00   0.17861E+01      26.20
  -85     50.44    0.63686  0.18378E+01  -0.49099E+00   0.17578E+01      26.72
  -84     50.91    0.63054  0.18119E+01  -0.49360E+00   0.17298E+01      27.24
  -83     51.38    0.62417  0.17862E+01  -0.49610E+00   0.17019E+01      27.77
  -82     51.85    0.61777  0.17608E+01  -0.49848E+00   0.16743E+01      28.31
  -81     52.31    0.61132  0.17355E+01  -0.50074E+00   0.16468E+01      28.85
  -80     52.78    0.60484  0.17105E+01  -0.50289E+00   0.16196E+01      29.40
  -79     53.25    0.59831  0.16858E+01  -0.50492E+00   0.15926E+01      29.95
  -78     53.72    0.59174  0.16613E+01  -0.50684E+00   0.15658E+01      30.51
  -77     54.19    0.58514  0.16370E+01  -0.50865E+00   0.15392E+01      31.07
  -76     54.66    0.57849  0.16129E+01  -0.51034E+00   0.15129E+01      31.64
  -75     55.12    0.57181  0.15891E+01  -0.51191E+00   0.14868E+01      32.21
  -74     55.59    0.56509  0.15656E+01  -0.51338E+00   0.14609E+01      32.79
  -73     56.06    0.55833  0.15423E+01  -0.51473E+00   0.14352E+01      33.37
  -72     56.53    0.55153  0.15193E+01  -0.51597E+00   0.14098E+01      33.96
  -71     57.00    0.54470  0.14965E+01  -0.51710E+00   0.13846E+01      34.55
  -70     57.46    0.53783  0.14740E+01  -0.51811E+00   0.13596E+01      35.15
  -69     57.93    0.53092  0.14517E+01  -0.51902E+00   0.13349E+01      35.75
  -68     58.40    0.52398  0.14297E+01  -0.51982E+00   0.13105E+01      36.36
  -67     58.87    0.51700  0.14079E+01  -0.52051E+00   0.12862E+01      36.97
  -66     59.34    0.50999  0.13864E+01  -0.52110E+00   0.12622E+01      37.59
  -65     59.80    0.50294  0.13652E+01  -0.52158E+00   0.12385E+01      38.21
  -64     60.27    0.49587  0.13442E+01  -0.52195E+00   0.12150E+01      38.83
  -63     60.74    0.48875  0.13235E+01  -0.52222E+00   0.11918E+01      39.46
  -62     61.21    0.48161  0.13030E+01  -0.52239E+00   0.11688E+01      40.09
  -61     61.68    0.47443  0.12828E+01  -0.52245E+00   0.11461E+01      40.73
  -60     62.15    0.46723  0.12629E+01  -0.52242E+00   0.11236E+01      41.37
  -59     62.61    0.45999  0.12432E+01  -0.52228E+00   0.11013E+01      42.01
  -58     63.08    0.45272  0.12238E+01  -0.52205E+00   0.10793E+01      42.66
  -57     63.55    0.44542  0.12046E+01  -0.52172E+00   0.10576E+01      43.31
  -56     64.02    0.43809  0.11857E+01  -0.52130E+00   0.10361E+01      43.96
  -55     64.49    0.43073  0.11671E+01  -0.52078E+00   0.10149E+01      44.62
  -54     64.95    0.42334  0.11487E+01  -0.52017E+00   0.99390E+00      45.28
  -53     65.42    0.41592  0.11306E+01  -0.51947E+00   0.97317E+00      45.95
  -52     65.89    0.40848  0.11127E+01  -0.51867E+00   0.95269E+00      46.61
  -51     66.36    0.40101  0.10951E+01  -0.51779E+00   0.93246E+00      47.28
  -50     66.83    0.39351  0.10778E+01  -0.51683E+00   0.91248E+00      47.95
  -49     67.30    0.38598  0.10607E+01  -0.51577E+00   0.89275E+00      48.63
  -48     67.76    0.37843  0.10438E+01  -0.51464E+00   0.87327E+00      49.30
  -47     68.23    0.37086  0.10272E+01  -0.51342E+00   0.85404E+00      49.98
  -46     68.70    0.36326  0.10109E+01  -0.51212E+00   0.83506E+00      50.66
  -45     69.17    0.35563  0.99479E+00  -0.51074E+00   0.81633E+00      51.34
  -44     69.64    0.34798  0.97894E+00  -0.50928E+00   0.79784E+00      52.02
  -43     70.10    0.34031  0.96334E+00  -0.50775E+00   0.77959E+00      52.71
  -42     70.57    0.33262  0.94799E+00  -0.50614E+00   0.76159E+00      53.39
  -41     71.04    0.32490  0.93288E+00  -0.50446E+00   0.74383E+00      54.08
  -40     71.51    0.31716  0.91801E+00  -0.50271E+00   0.72631E+00      54.76
  -39     71.98    0.30941  0.90338E+00  -0.50089E+00   0.70904E+00      55.45
  -38     72.44    0.30163  0.88899E+00  -0.49900E+00   0.69200E+00      56.13
  -37     72.91    0.29383  0.87484E+00  -0.49704E+00   0.67519E+00      56.82
  -36     73.38    0.28601  0.86091E+00  -0.49502E+00   0.65863E+00      57.50
  -35     73.85    0.27817  0.84723E+00  -0.49293E+00   0.64230E+00      58.18
  -34     74.32    0.27031  0.83377E+00  -0.49079E+00   0.62620E+00      58.86
  -33     74.79    0.26243  0.82054E+00  -0.48858E+00   0.61033E+00      59.54
  -32     75.25    0.25454  0.80753E+00  -0.48631E+00   0.59469E+00      60.22
  -31     75.72    0.24663  0.79475E+00  -0.48399E+00   0.57927E+00      60.90
  -30     76.19    0.23871  0.78220E+00  -0.48161E+00   0.56409E+00      61.57
  -29     76.66    0.23076  0.76986E+00  -0.47917E+00   0.54912E+00      62.24
  -28     77.13    0.22281  0.75774E+00  -0.47669E+00   0.53438E+00      62.91
  -27     77.59    0.21483  0.74583E+00  -0.47415E+00   0.51986E+00      63.57
  -26     78.06    0.20685  0.73414E+00  -0.47156E+00   0.50556E+00      64.23
  -25     78.53    0.19885  0.72266E+00  -0.46893E+00   0.49147E+00      64.89
  -24     79.00    0.19083  0.71139E+00  -0.46624E+00   0.47759E+00      65.54
  -23     79.47    0.18280  0.70032E+00  -0.46352E+00   0.46393E+00      66.19
  -22     79.93    0.17477  0.68946E+00  -0.46075E+00   0.45048E+00      66.83
  -21     80.40    0.16671  0.67880E+00  -0.45794E+00   0.43724E+00      67.46
  -20     80.87    0.15865  0.66834E+00  -0.45508E+00   0.42420E+00      68.09
  -19     81.34    0.15058  0.65808E+00  -0.45219E+00   0.41136E+00      68.71
  -18     81.81    0.14250  0.64801E+00  -0.44926E+00   0.39873E+00      69.33
  -17     82.28    0.13441  0.63813E+00  -0.44630E+00   0.38629E+00      69.94
  -16     82.74    0.12631  0.62845E+00  -0.44330E+00   0.37406E+00      70.54
  -15     83.21    0.11820  0.61895E+00  -0.44026E+00   0.36201E+00      71.13
  -14     83.68    0.11008  0.60964E+00  -0.43720E+00   0.35016E+00      71.71
  -13     84.15    0.10195  0.60051E+00  -0.43410E+00   0.33850E+00      72.29
  -12     84.62    0.09382  0.59156E+00  -0.43098E+00   0.32703E+00      72.85
  -11     85.08    0.08569  0.58279E+00  -0.42782E+00   0.31575E+00      73.41
  -10     85.55    0.07754  0.57420E+00  -0.42464E+00   0.30465E+00      73.95
   -9     86.02    0.06939  0.56578E+00  -0.42144E+00   0.29373E+00      74.49
   -8     86.49    0.06124  0.55753E+00  -0.41821E+00   0.28298E+00      75.01
   -7     86.96    0.05308  0.54945E+00  -0.41495E+00   0.27242E+00      75.52
   -6     87.43    0.04492  0.54153E+00  -0.41168E+00   0.26203E+00      76.02
   -5     87.89    0.03676  0.53378E+00  -0.40839E+00   0.25181E+00      76.51
   -4     88.36    0.02859  0.52619E+00  -0.40507E+00   0.24177E+00      76.98
   -3     88.83    0.02043  0.51877E+00  -0.40174E+00   0.23189E+00      77.44
   -2     89.30    0.01226  0.51150E+00  -0.39839E+00   0.22217E+00      77.89
   -1     89.77    0.00409  0.50438E+00  -0.39502E+00   0.21262E+00      78.32
    0     90.00    0.00000  0.50088E+00  -0.39334E+00   0.20791E+00      78.53
    1     90.23   -0.00409  0.49742E+00  -0.39164E+00   0.20323E+00      78.74
    2     90.70   -0.01226  0.49061E+00  -0.38825E+00   0.19400E+00      79.14
    3     91.17   -0.02043  0.48395E+00  -0.38484E+00   0.18493E+00      79.52
    4     91.64   -0.02859  0.47743E+00  -0.38143E+00   0.17601E+00      79.89
    5     92.11   -0.03676  0.47106E+00  -0.37800E+00   0.16724E+00      80.24
    6     92.57   -0.04492  0.46482E+00  -0.37456E+00   0.15862E+00      80.58
    7     93.04   -0.05308  0.45873E+00  -0.37111E+00   0.15015E+00      80.90
    8     93.51   -0.06124  0.45278E+00  -0.36766E+00   0.14183E+00      81.20
    9     93.98   -0.06939  0.44696E+00  -0.36420E+00   0.13365E+00      81.48
   10     94.45   -0.07754  0.44128E+00  -0.36073E+00   0.12561E+00      81.75
   11     94.92   -0.08569  0.43572E+00  -0.35726E+00   0.11771E+00      81.99
   12     95.38   -0.09382  0.43030E+00  -0.35379E+00   0.10994E+00      82.22
   13     95.85   -0.10195  0.42500E+00  -0.35031E+00   0.10231E+00      82.43
   14     96.32   -0.11008  0.41983E+00  -0.34683E+00   0.94817E-01      82.61
   15     96.79   -0.11820  0.41478E+00  -0.34335E+00   0.87451E-01      82.78
   16     97.26   -0.12631  0.40985E+00  -0.33987E+00   0.80214E-01      82.93
   17     97.72   -0.13441  0.40504E+00  -0.33639E+00   0.73103E-01      83.05
   18     98.19   -0.14250  0.40034E+00  -0.33290E+00   0.66116E-01      83.15
   19     98.66   -0.15058  0.39577E+00  -0.32943E+00   0.59251E-01      83.24
   20     99.13   -0.15865  0.39130E+00  -0.32595E+00   0.52507E-01      83.30
   21     99.60   -0.16671  0.38695E+00  -0.32248E+00   0.45882E-01      83.34
   22    100.07   -0.17477  0.38271E+00  -0.31901E+00   0.39373E-01      83.36
   23    100.53   -0.18280  0.37857E+00  -0.31554E+00   0.32978E-01      83.35
   24    101.00   -0.19083  0.37454E+00  -0.31208E+00   0.26696E-01      83.32
   25    101.47   -0.19885  0.37062E+00  -0.30863E+00   0.20524E-01      83.28
   26    101.94   -0.20685  0.36679E+00  -0.30519E+00   0.14461E-01      83.20
   27    102.41   -0.21483  0.36307E+00  -0.30175E+00   0.85048E-02      83.11
   28    102.87   -0.22281  0.35945E+00  -0.29831E+00   0.26537E-02      82.99
   29    103.34   -0.23076  0.35592E+00  -0.29489E+00  -0.30942E-02      82.85
   30    103.81   -0.23871  0.35249E+00  -0.29148E+00  -0.87408E-02      82.69
   31    104.28   -0.24663  0.34915E+00  -0.28807E+00  -0.14288E-01      82.51
   32    104.75   -0.25454  0.34591E+00  -0.28468E+00  -0.19737E-01      82.30
   33    105.21   -0.26243  0.34275E+00  -0.28129E+00  -0.25090E-01      82.07
   34    105.68   -0.27031  0.33969E+00  -0.27792E+00  -0.30349E-01      81.82
   35    106.15   -0.27817  0.33671E+00  -0.27456E+00  -0.35514E-01      81.54
   36    106.62   -0.28601  0.33382E+00  -0.27121E+00  -0.40589E-01      81.24
   37    107.09   -0.29383  0.33101E+00  -0.26787E+00  -0.45575E-01      80.93
   38    107.56   -0.30163  0.32828E+00  -0.26454E+00  -0.50473E-01      80.58
   39    108.02   -0.30941  0.32564E+00  -0.26123E+00  -0.55285E-01      80.22
   40    108.49   -0.31716  0.32308E+00  -0.25793E+00  -0.60012E-01      79.84
   41    108.96   -0.32490  0.32059E+00  -0.25465E+00  -0.64656E-01      79.43
   42    109.43   -0.33262  0.31818E+00  -0.25138E+00  -0.69219E-01      79.01
   43    109.90   -0.34031  0.31585E+00  -0.24813E+00  -0.73702E-01      78.56
   44    110.36   -0.34798  0.31359E+00  -0.24489E+00  -0.78106E-01      78.09
   45    110.83   -0.35563  0.31141E+00  -0.24166E+00  -0.82434E-01      77.60
   46    111.30   -0.36326  0.30929E+00  -0.23846E+00  -0.86686E-01      77.10
   47    111.77   -0.37086  0.30725E+00  -0.23526E+00  -0.90864E-01      76.57
   48    112.24   -0.37843  0.30528E+00  -0.23209E+00  -0.94969E-01      76.03
   49    112.70   -0.38598  0.30337E+00  -0.22893E+00  -0.99003E-01      75.46
   50    113.17   -0.39351  0.30153E+00  -0.22579E+00  -0.10297E+00      74.88
   51    113.64   -0.40101  0.29975E+00  -0.22267E+00  -0.10686E+00      74.28
   52    114.11   -0.40848  0.29804E+00  -0.21956E+00  -0.11069E+00      73.67
   53    114.58   -0.41592  0.29640E+00  -0.21647E+00  -0.11445E+00      73.03
   54    115.05   -0.42334  0.29481E+00  -0.21340E+00  -0.11815E+00      72.39
   55    115.51   -0.43073  0.29328E+00  -0.21035E+00  -0.12178E+00      71.72
   56    115.98   -0.43809  0.29182E+00  -0.20732E+00  -0.12535E+00      71.04
   57    116.45   -0.44542  0.29041E+00  -0.20430E+00  -0.12886E+00      70.35
   58    116.92   -0.45272  0.28906E+00  -0.20131E+00  -0.13231E+00      69.64
   59    117.39   -0.45999  0.28776E+00  -0.19833E+00  -0.13571E+00      68.92
   60    117.85   -0.46723  0.28652E+00  -0.19537E+00  -0.13904E+00      68.19
   61    118.32   -0.47443  0.28533E+00  -0.19244E+00  -0.14232E+00      67.44
   62    118.79   -0.48161  0.28420E+00  -0.18952E+00  -0.14554E+00      66.69
   63    119.26   -0.48875  0.28312E+00  -0.18662E+00  -0.14871E+00      65.92
   64    119.73   -0.49587  0.28209E+00  -0.18375E+00  -0.15182E+00      65.14
   65    120.20   -0.50294  0.28110E+00  -0.18089E+00  -0.15488E+00      64.35
   66    120.66   -0.50999  0.28017E+00  -0.17806E+00  -0.15789E+00      63.55
   67    121.13   -0.51700  0.27928E+00  -0.17524E+00  -0.16085E+00      62.75
   68    121.60   -0.52398  0.27844E+00  -0.17245E+00  -0.16377E+00      61.93
   69    122.07   -0.53092  0.27765E+00  -0.16967E+00  -0.16663E+00      61.11
   70    122.54   -0.53783  0.27690E+00  -0.16692E+00  -0.16944E+00      60.28
   71    123.00   -0.54470  0.27620E+00  -0.16419E+00  -0.17221E+00      59.45
   72    123.47   -0.55153  0.27554E+00  -0.16148E+00  -0.17494E+00      58.61
   73    123.94   -0.55833  0.27492E+00  -0.15879E+00  -0.17762E+00      57.76
   74    124.41   -0.56509  0.27434E+00  -0.15613E+00  -0.18025E+00      56.91
   75    124.88   -0.57181  0.27380E+00  -0.15348E+00  -0.18284E+00      56.06
   76    125.34   -0.57849  0.27330E+00  -0.15086E+00  -0.18539E+00      55.20
   77    125.81   -0.58514  0.27284E+00  -0.14826E+00  -0.18790E+00      54.34
   78    126.28   -0.59174  0.27242E+00  -0.14568E+00  -0.19037E+00      53.48
   79    126.75   -0.59831  0.27204E+00  -0.14312E+00  -0.19280E+00      52.61
   80    127.22   -0.60484  0.27169E+00  -0.14058E+00  -0.19518E+00      51.74
   81    127.69   -0.61132  0.27137E+00  -0.13807E+00  -0.19753E+00      50.88
   82    128.15   -0.61777  0.27109E+00  -0.13558E+00  -0.19985E+00      50.01
   83    128.62   -0.62417  0.27085E+00  -0.13311E+00  -0.20212E+00      49.15
   84    129.09   -0.63054  0.27064E+00  -0.13066E+00  -0.20436E+00      48.28
   85    129.56   -0.63686  0.27046E+00  -0.12824E+00  -0.20657E+00      47.42
   86    130.03   -0.64313  0.27031E+00  -0.12584E+00  -0.20873E+00      46.55
   87    130.49   -0.64937  0.27019E+00  -0.12346E+00  -0.21087E+00      45.69
   88    130.96   -0.65556  0.27010E+00  -0.12110E+00  -0.21297E+00      44.84
   89    131.43   -0.66171  0.27004E+00  -0.11877E+00  -0.21503E+00      43.98
   90    131.90   -0.66781  0.27001E+00  -0.11646E+00  -0.21707E+00      43.13
   91    132.37   -0.67387  0.27000E+00  -0.11417E+00  -0.21907E+00      42.28
   92    132.83   -0.67989  0.27003E+00  -0.11190E+00  -0.22104E+00      41.44
   93    133.30   -0.68586  0.27008E+00  -0.10966E+00  -0.22298E+00      40.60
   94    133.77   -0.69178  0.27015E+00  -0.10744E+00  -0.22489E+00      39.77
   95    134.24   -0.69766  0.27025E+00  -0.10524E+00  -0.22677E+00      38.94
   96    134.71   -0.70349  0.27038E+00  -0.10307E+00  -0.22862E+00      38.12
   97    135.18   -0.70927  0.27052E+00  -0.10092E+00  -0.23044E+00      37.30
   98    135.64   -0.71501  0.27069E+00  -0.98790E-01  -0.23224E+00      36.50
   99    136.11   -0.72069  0.27089E+00  -0.96684E-01  -0.23400E+00      35.69
  100    136.58   -0.72633  0.27110E+00  -0.94602E-01  -0.23574E+00      34.90
  101    137.05   -0.73193  0.27134E+00  -0.92542E-01  -0.23745E+00      34.11
  102    137.52   -0.73747  0.27159E+00  -0.90505E-01  -0.23913E+00      33.32
  103    137.98   -0.74296  0.27186E+00  -0.88491E-01  -0.24079E+00      32.55
  104    138.45   -0.74841  0.27216E+00  -0.86501E-01  -0.24242E+00      31.78
  105    138.92   -0.75380  0.27247E+00  -0.84533E-01  -0.24402E+00      31.02
  106    139.39   -0.75914  0.27280E+00  -0.82588E-01  -0.24560E+00      30.27
  107    139.86   -0.76444  0.27314E+00  -0.80667E-01  -0.24716E+00      29.53
  108    140.33   -0.76968  0.27350E+00  -0.78768E-01  -0.24869E+00      28.80
  109    140.79   -0.77487  0.27388E+00  -0.76893E-01  -0.25020E+00      28.08
  110    141.26   -0.78001  0.27427E+00  -0.75040E-01  -0.25168E+00      27.36
  111    141.73   -0.78509  0.27468E+00  -0.73211E-01  -0.25314E+00      26.65
  112    142.20   -0.79013  0.27510E+00  -0.71404E-01  -0.25458E+00      25.96
  113    142.67   -0.79511  0.27554E+00  -0.69621E-01  -0.25599E+00      25.27
  114    143.13   -0.80004  0.27598E+00  -0.67861E-01  -0.25738E+00      24.59
  115    143.60   -0.80491  0.27644E+00  -0.66124E-01  -0.25875E+00      23.92
  116    144.07   -0.80974  0.27691E+00  -0.64409E-01  -0.26009E+00      23.26
  117    144.54   -0.81450  0.27739E+00  -0.62718E-01  -0.26142E+00      22.61
  118    145.01   -0.81922  0.27788E+00  -0.61050E-01  -0.26272E+00      21.97
  119    145.47   -0.82387  0.27839E+00  -0.59405E-01  -0.26400E+00      21.34
  120    145.94   -0.82848  0.27890E+00  -0.57783E-01  -0.26526E+00      20.72
  121    146.41   -0.83303  0.27942E+00  -0.56184E-01  -0.26650E+00      20.11
  122    146.88   -0.83752  0.27994E+00  -0.54608E-01  -0.26772E+00      19.51
  123    147.35   -0.84195  0.28048E+00  -0.53055E-01  -0.26892E+00      18.92
  124    147.82   -0.84634  0.28102E+00  -0.51525E-01  -0.27010E+00      18.34
  125    148.28   -0.85066  0.28157E+00  -0.50018E-01  -0.27126E+00      17.76
  126    148.75   -0.85493  0.28212E+00  -0.48533E-01  -0.27239E+00      17.20
  127    149.22   -0.85914  0.28268E+00  -0.47072E-01  -0.27351E+00      16.65
  128    149.69   -0.86329  0.28324E+00  -0.45634E-01  -0.27461E+00      16.11
  129    150.16   -0.86738  0.28381E+00  -0.44218E-01  -0.27569E+00      15.58
  130    150.62   -0.87142  0.28438E+00  -0.42825E-01  -0.27675E+00      15.06
  131    151.09   -0.87540  0.28496E+00  -0.41455E-01  -0.27779E+00      14.55
  132    151.56   -0.87932  0.28553E+00  -0.40108E-01  -0.27882E+00      14.05
  133    152.03   -0.88318  0.28611E+00  -0.38784E-01  -0.27982E+00      13.56
  134    152.50   -0.88698  0.28669E+00  -0.37482E-01  -0.28081E+00      13.07
  135    152.96   -0.89073  0.28728E+00  -0.36203E-01  -0.28177E+00      12.60
  136    153.43   -0.89441  0.28786E+00  -0.34947E-01  -0.28272E+00      12.14
  137    153.90   -0.89804  0.28844E+00  -0.33714E-01  -0.28365E+00      11.69
  138    154.37   -0.90160  0.28902E+00  -0.32503E-01  -0.28456E+00      11.25
  139    154.84   -0.90510  0.28960E+00  -0.31315E-01  -0.28546E+00      10.81
  140    155.31   -0.90855  0.29019E+00  -0.30150E-01  -0.28633E+00      10.39
  141    155.77   -0.91193  0.29076E+00  -0.29007E-01  -0.28719E+00       9.98
  142    156.24   -0.91525  0.29134E+00  -0.27886E-01  -0.28803E+00       9.57
  143    156.71   -0.91851  0.29191E+00  -0.26789E-01  -0.28885E+00       9.18
  144    157.18   -0.92171  0.29248E+00  -0.25713E-01  -0.28966E+00       8.79
  145    157.65   -0.92485  0.29305E+00  -0.24661E-01  -0.29045E+00       8.42
  146    158.11   -0.92793  0.29361E+00  -0.23630E-01  -0.29122E+00       8.05
  147    158.58   -0.93094  0.29417E+00  -0.22622E-01  -0.29197E+00       7.69
  148    159.05   -0.93390  0.29472E+00  -0.21637E-01  -0.29271E+00       7.34
  149    159.52   -0.93679  0.29527E+00  -0.20674E-01  -0.29343E+00       7.00
  150    159.99   -0.93961  0.29581E+00  -0.19733E-01  -0.29413E+00       6.67
  151    160.46   -0.94238  0.29635E+00  -0.18814E-01  -0.29482E+00       6.35
  152    160.92   -0.94508  0.29687E+00  -0.17918E-01  -0.29548E+00       6.04
  153    161.39   -0.94772  0.29739E+00  -0.17044E-01  -0.29614E+00       5.73
  154    161.86   -0.95030  0.29791E+00  -0.16192E-01  -0.29677E+00       5.44
  155    162.33   -0.95281  0.29841E+00  -0.15362E-01  -0.29739E+00       5.15
  156    162.80   -0.95526  0.29891E+00  -0.14555E-01  -0.29799E+00       4.87
  157    163.26   -0.95764  0.29940E+00  -0.13769E-01  -0.29857E+00       4.60
  158    163.73   -0.95996  0.29988E+00  -0.13006E-01  -0.29914E+00       4.34
  159    164.20   -0.96222  0.30035E+00  -0.12265E-01  -0.29969E+00       4.08
  160    164.67   -0.96441  0.30081E+00  -0.11545E-01  -0.30023E+00       3.84
  161    165.14   -0.96654  0.30126E+00  -0.10848E-01  -0.30075E+00       3.60
  162    165.60   -0.96860  0.30170E+00  -0.10173E-01  -0.30125E+00       3.37
  163    166.07   -0.97060  0.30213E+00  -0.95194E-02  -0.30174E+00       3.15
  164    166.54   -0.97254  0.30255E+00  -0.88880E-02  -0.30220E+00       2.94
  165    167.01   -0.97440  0.30296E+00  -0.82784E-02  -0.30266E+00       2.73
  166    167.48   -0.97621  0.30336E+00  -0.76907E-02  -0.30309E+00       2.54
  167    167.95   -0.97795  0.30374E+00  -0.71248E-02  -0.30351E+00       2.35
  168    168.41   -0.97962  0.30411E+00  -0.65807E-02  -0.30392E+00       2.16
  169    168.88   -0.98123  0.30447E+00  -0.60583E-02  -0.30431E+00       1.99
  170    169.35   -0.98277  0.30482E+00  -0.55577E-02  -0.30468E+00       1.82
  171    169.82   -0.98425  0.30515E+00  -0.50789E-02  -0.30503E+00       1.66
  172    170.29   -0.98566  0.30547E+00  -0.46217E-02  -0.30537E+00       1.51
  173    170.75   -0.98701  0.30578E+00  -0.41862E-02  -0.30570E+00       1.37
  174    171.22   -0.98829  0.30607E+00  -0.37724E-02  -0.30600E+00       1.23
  175    171.69   -0.98950  0.30635E+00  -0.33802E-02  -0.30630E+00       1.10
  176    172.16   -0.99065  0.30661E+00  -0.30096E-02  -0.30657E+00       0.98
  177    172.63   -0.99173  0.30686E+00  -0.26606E-02  -0.30683E+00       0.87
  178    173.09   -0.99275  0.30710E+00  -0.23332E-02  -0.30707E+00       0.76
  179    173.56   -0.99370  0.30732E+00  -0.20273E-02  -0.30730E+00       0.66
  180    174.03   -0.99458  0.30753E+00  -0.17430E-02  -0.30751E+00       0.57
  181    174.50   -0.99539  0.30772E+00  -0.14801E-02  -0.30771E+00       0.48
  182    174.97   -0.99614  0.30789E+00  -0.12388E-02  -0.30789E+00       0.40
  183    175.44   -0.99683  0.30805E+00  -0.10190E-02  -0.30805E+00       0.33
  184    175.90   -0.99744  0.30820E+00  -0.82069E-03  -0.30820E+00       0.27
  185    176.37   -0.99799  0.30833E+00  -0.64383E-03  -0.30833E+00       0.21
  186    176.84   -0.99848  0.30845E+00  -0.48843E-03  -0.30844E+00       0.16
  187    177.31   -0.99890  0.30854E+00  -0.35448E-03  -0.30854E+00       0.11
  188    177.78   -0.99925  0.30863E+00  -0.24198E-03  -0.30863E+00       0.08
  189    178.24   -0.99953  0.30869E+00  -0.15091E-03  -0.30869E+00       0.05
  190    178.71   -0.99975  0.30875E+00  -0.81280E-04  -0.30875E+00       0.03
  191    179.18   -0.99990  0.30878E+00  -0.33072E-04  -0.30878E+00       0.01
  192    179.64   -0.99998  0.30880E+00  -0.62766E-05  -0.30880E+00       0.00
  193    180.00   -1.00000  0.30881E+00   0.00000E+00  -0.30881E+00      -0.00

