 alpha final =    428.00000000000000     

     granulo :  rn =  1.0  rm = 0.15  ln sig =  0.290  pour r <  50. mic.
     ======================================================================

                    longueur d onde :  0.750 microns
                    ================================

     indice reel :   1.45000     indice imaginaire : -0.35000E-02


                    nombre de particules :  0.10000E+01

       Sections d extinction et de diffusion ramenees a une particule :
       ----------------------------------------------------------------
     extinction :  0.66399E-01 mic**2     diffusion :  0.64705E-01 mic**2

            Pizero : 0.974492                 g.assymetrie : 0.57477

 ------------------------------------------------------------------------------
   j      theta       mu         i             q             u         -q/i*100
 ------------------------------------------------------------------------------
 -193      0.00    1.00000  0.53133E+01   0.00000E+00   0.53133E+01      -0.00
 -192      0.36    0.99998  0.53130E+01  -0.56937E-04   0.53130E+01       0.00
 -191      0.82    0.99990  0.53116E+01  -0.29993E-03   0.53116E+01       0.01
 -190      1.29    0.99975  0.53093E+01  -0.73680E-03   0.53093E+01       0.01
 -189      1.76    0.99953  0.53058E+01  -0.13672E-02   0.53058E+01       0.03
 -188      2.22    0.99925  0.53013E+01  -0.21903E-02   0.53013E+01       0.04
 -187      2.69    0.99890  0.52957E+01  -0.32054E-02   0.52957E+01       0.06
 -186      3.16    0.99848  0.52891E+01  -0.44112E-02   0.52891E+01       0.08
 -185      3.63    0.99799  0.52814E+01  -0.58064E-02   0.52814E+01       0.11
 -184      4.10    0.99744  0.52727E+01  -0.73894E-02   0.52727E+01       0.14
 -183      4.56    0.99683  0.52629E+01  -0.91586E-02   0.52629E+01       0.17
 -182      5.03    0.99614  0.52522E+01  -0.11112E-01   0.52521E+01       0.21
 -181      5.50    0.99539  0.52404E+01  -0.13247E-01   0.52403E+01       0.25
 -180      5.97    0.99458  0.52275E+01  -0.15562E-01   0.52275E+01       0.30
 -179      6.44    0.99370  0.52137E+01  -0.18054E-01   0.52137E+01       0.35
 -178      6.91    0.99275  0.51989E+01  -0.20720E-01   0.51989E+01       0.40
 -177      7.37    0.99173  0.51831E+01  -0.23558E-01   0.51830E+01       0.45
 -176      7.84    0.99065  0.51664E+01  -0.26564E-01   0.51663E+01       0.51
 -175      8.31    0.98950  0.51486E+01  -0.29734E-01   0.51485E+01       0.58
 -174      8.78    0.98829  0.51300E+01  -0.33067E-01   0.51298E+01       0.64
 -173      9.25    0.98701  0.51103E+01  -0.36557E-01   0.51102E+01       0.72
 -172      9.71    0.98566  0.50898E+01  -0.40202E-01   0.50896E+01       0.79
 -171     10.18    0.98425  0.50684E+01  -0.43996E-01   0.50681E+01       0.87
 -170     10.65    0.98277  0.50460E+01  -0.47937E-01   0.50457E+01       0.95
 -169     11.12    0.98123  0.50228E+01  -0.52020E-01   0.50225E+01       1.04
 -168     11.59    0.97962  0.49988E+01  -0.56240E-01   0.49983E+01       1.13
 -167     12.05    0.97795  0.49739E+01  -0.60594E-01   0.49733E+01       1.22
 -166     12.52    0.97621  0.49481E+01  -0.65076E-01   0.49475E+01       1.32
 -165     12.99    0.97440  0.49216E+01  -0.69682E-01   0.49209E+01       1.42
 -164     13.46    0.97254  0.48942E+01  -0.74407E-01   0.48934E+01       1.52
 -163     13.93    0.97060  0.48661E+01  -0.79246E-01   0.48652E+01       1.63
 -162     14.40    0.96860  0.48372E+01  -0.84194E-01   0.48362E+01       1.74
 -161     14.86    0.96654  0.48076E+01  -0.89246E-01   0.48065E+01       1.86
 -160     15.33    0.96441  0.47773E+01  -0.94397E-01   0.47760E+01       1.98
 -159     15.80    0.96222  0.47462E+01  -0.99641E-01   0.47448E+01       2.10
 -158     16.27    0.95996  0.47145E+01  -0.10497E+00   0.47129E+01       2.23
 -157     16.74    0.95764  0.46821E+01  -0.11039E+00   0.46803E+01       2.36
 -156     17.20    0.95526  0.46491E+01  -0.11588E+00   0.46471E+01       2.49
 -155     17.67    0.95281  0.46155E+01  -0.12145E+00   0.46133E+01       2.63
 -154     18.14    0.95030  0.45813E+01  -0.12708E+00   0.45788E+01       2.77
 -153     18.61    0.94772  0.45465E+01  -0.13278E+00   0.45438E+01       2.92
 -152     19.08    0.94508  0.45111E+01  -0.13853E+00   0.45081E+01       3.07
 -151     19.54    0.94238  0.44752E+01  -0.14433E+00   0.44720E+01       3.23
 -150     20.01    0.93961  0.44388E+01  -0.15017E+00   0.44353E+01       3.38
 -149     20.48    0.93679  0.44019E+01  -0.15605E+00   0.43981E+01       3.55
 -148     20.95    0.93390  0.43645E+01  -0.16197E+00   0.43603E+01       3.71
 -147     21.42    0.93094  0.43267E+01  -0.16792E+00   0.43222E+01       3.88
 -146     21.89    0.92793  0.42884E+01  -0.17389E+00   0.42835E+01       4.05
 -145     22.35    0.92485  0.42498E+01  -0.17987E+00   0.42445E+01       4.23
 -144     22.82    0.92171  0.42107E+01  -0.18587E+00   0.42050E+01       4.41
 -143     23.29    0.91851  0.41713E+01  -0.19187E+00   0.41652E+01       4.60
 -142     23.76    0.91525  0.41316E+01  -0.19788E+00   0.41250E+01       4.79
 -141     24.23    0.91193  0.40915E+01  -0.20388E+00   0.40845E+01       4.98
 -140     24.69    0.90855  0.40511E+01  -0.20988E+00   0.40436E+01       5.18
 -139     25.16    0.90510  0.40105E+01  -0.21586E+00   0.40024E+01       5.38
 -138     25.63    0.90160  0.39696E+01  -0.22182E+00   0.39610E+01       5.59
 -137     26.10    0.89804  0.39285E+01  -0.22775E+00   0.39193E+01       5.80
 -136     26.57    0.89441  0.38871E+01  -0.23366E+00   0.38774E+01       6.01
 -135     27.04    0.89073  0.38456E+01  -0.23953E+00   0.38352E+01       6.23
 -134     27.50    0.88698  0.38038E+01  -0.24537E+00   0.37928E+01       6.45
 -133     27.97    0.88318  0.37620E+01  -0.25116E+00   0.37503E+01       6.68
 -132     28.44    0.87932  0.37199E+01  -0.25691E+00   0.37076E+01       6.91
 -131     28.91    0.87540  0.36778E+01  -0.26260E+00   0.36648E+01       7.14
 -130     29.38    0.87142  0.36356E+01  -0.26824E+00   0.36218E+01       7.38
 -129     29.84    0.86738  0.35933E+01  -0.27382E+00   0.35787E+01       7.62
 -128     30.31    0.86329  0.35509E+01  -0.27933E+00   0.35356E+01       7.87
 -127     30.78    0.85914  0.35085E+01  -0.28478E+00   0.34924E+01       8.12
 -126     31.25    0.85493  0.34661E+01  -0.29016E+00   0.34491E+01       8.37
 -125     31.72    0.85066  0.34237E+01  -0.29546E+00   0.34058E+01       8.63
 -124     32.18    0.84634  0.33812E+01  -0.30068E+00   0.33625E+01       8.89
 -123     32.65    0.84195  0.33388E+01  -0.30581E+00   0.33192E+01       9.16
 -122     33.12    0.83752  0.32965E+01  -0.31087E+00   0.32760E+01       9.43
 -121     33.59    0.83303  0.32542E+01  -0.31583E+00   0.32327E+01       9.71
 -120     34.06    0.82848  0.32120E+01  -0.32070E+00   0.31895E+01       9.98
 -119     34.53    0.82387  0.31699E+01  -0.32548E+00   0.31464E+01      10.27
 -118     34.99    0.81922  0.31279E+01  -0.33016E+00   0.31034E+01      10.56
 -117     35.46    0.81450  0.30860E+01  -0.33474E+00   0.30605E+01      10.85
 -116     35.93    0.80974  0.30443E+01  -0.33922E+00   0.30177E+01      11.14
 -115     36.40    0.80491  0.30027E+01  -0.34360E+00   0.29750E+01      11.44
 -114     36.87    0.80004  0.29613E+01  -0.34787E+00   0.29324E+01      11.75
 -113     37.33    0.79511  0.29200E+01  -0.35202E+00   0.28901E+01      12.06
 -112     37.80    0.79013  0.28790E+01  -0.35607E+00   0.28479E+01      12.37
 -111     38.27    0.78509  0.28381E+01  -0.36001E+00   0.28058E+01      12.68
 -110     38.74    0.78001  0.27975E+01  -0.36383E+00   0.27640E+01      13.01
 -109     39.21    0.77487  0.27571E+01  -0.36753E+00   0.27224E+01      13.33
 -108     39.67    0.76968  0.27170E+01  -0.37112E+00   0.26810E+01      13.66
 -107     40.14    0.76444  0.26770E+01  -0.37459E+00   0.26398E+01      13.99
 -106     40.61    0.75914  0.26374E+01  -0.37794E+00   0.25989E+01      14.33
 -105     41.08    0.75380  0.25980E+01  -0.38117E+00   0.25582E+01      14.67
 -104     41.55    0.74841  0.25589E+01  -0.38428E+00   0.25178E+01      15.02
 -103     42.02    0.74296  0.25201E+01  -0.38727E+00   0.24776E+01      15.37
 -102     42.48    0.73747  0.24816E+01  -0.39013E+00   0.24377E+01      15.72
 -101     42.95    0.73193  0.24434E+01  -0.39287E+00   0.23982E+01      16.08
 -100     43.42    0.72633  0.24055E+01  -0.39549E+00   0.23589E+01      16.44
  -99     43.89    0.72069  0.23679E+01  -0.39798E+00   0.23199E+01      16.81
  -98     44.36    0.71501  0.23307E+01  -0.40035E+00   0.22812E+01      17.18
  -97     44.82    0.70927  0.22938E+01  -0.40260E+00   0.22429E+01      17.55
  -96     45.29    0.70349  0.22572E+01  -0.40472E+00   0.22049E+01      17.93
  -95     45.76    0.69766  0.22210E+01  -0.40672E+00   0.21672E+01      18.31
  -94     46.23    0.69178  0.21852E+01  -0.40859E+00   0.21299E+01      18.70
  -93     46.70    0.68586  0.21497E+01  -0.41035E+00   0.20929E+01      19.09
  -92     47.17    0.67989  0.21145E+01  -0.41197E+00   0.20563E+01      19.48
  -91     47.63    0.67387  0.20798E+01  -0.41348E+00   0.20200E+01      19.88
  -90     48.10    0.66781  0.20454E+01  -0.41487E+00   0.19841E+01      20.28
  -89     48.57    0.66171  0.20114E+01  -0.41613E+00   0.19485E+01      20.69
  -88     49.04    0.65556  0.19777E+01  -0.41728E+00   0.19134E+01      21.10
  -87     49.51    0.64937  0.19445E+01  -0.41830E+00   0.18786E+01      21.51
  -86     49.97    0.64313  0.19116E+01  -0.41921E+00   0.18442E+01      21.93
  -85     50.44    0.63686  0.18791E+01  -0.42000E+00   0.18101E+01      22.35
  -84     50.91    0.63054  0.18471E+01  -0.42068E+00   0.17765E+01      22.78
  -83     51.38    0.62417  0.18154E+01  -0.42124E+00   0.17432E+01      23.20
  -82     51.85    0.61777  0.17841E+01  -0.42168E+00   0.17104E+01      23.64
  -81     52.31    0.61132  0.17532E+01  -0.42202E+00   0.16779E+01      24.07
  -80     52.78    0.60484  0.17227E+01  -0.42225E+00   0.16458E+01      24.51
  -79     53.25    0.59831  0.16926E+01  -0.42236E+00   0.16141E+01      24.95
  -78     53.72    0.59174  0.16630E+01  -0.42237E+00   0.15829E+01      25.40
  -77     54.19    0.58514  0.16337E+01  -0.42227E+00   0.15520E+01      25.85
  -76     54.66    0.57849  0.16048E+01  -0.42207E+00   0.15215E+01      26.30
  -75     55.12    0.57181  0.15763E+01  -0.42177E+00   0.14914E+01      26.76
  -74     55.59    0.56509  0.15482E+01  -0.42137E+00   0.14618E+01      27.22
  -73     56.06    0.55833  0.15206E+01  -0.42086E+00   0.14325E+01      27.68
  -72     56.53    0.55153  0.14933E+01  -0.42026E+00   0.14036E+01      28.14
  -71     57.00    0.54470  0.14664E+01  -0.41957E+00   0.13751E+01      28.61
  -70     57.46    0.53783  0.14399E+01  -0.41878E+00   0.13471E+01      29.08
  -69     57.93    0.53092  0.14138E+01  -0.41789E+00   0.13194E+01      29.56
  -68     58.40    0.52398  0.13882E+01  -0.41692E+00   0.12921E+01      30.03
  -67     58.87    0.51700  0.13629E+01  -0.41586E+00   0.12652E+01      30.51
  -66     59.34    0.50999  0.13380E+01  -0.41472E+00   0.12388E+01      31.00
  -65     59.80    0.50294  0.13135E+01  -0.41349E+00   0.12127E+01      31.48
  -64     60.27    0.49587  0.12893E+01  -0.41218E+00   0.11870E+01      31.97
  -63     60.74    0.48875  0.12656E+01  -0.41079E+00   0.11617E+01      32.46
  -62     61.21    0.48161  0.12422E+01  -0.40932E+00   0.11368E+01      32.95
  -61     61.68    0.47443  0.12193E+01  -0.40777E+00   0.11122E+01      33.44
  -60     62.15    0.46723  0.11967E+01  -0.40615E+00   0.10881E+01      33.94
  -59     62.61    0.45999  0.11745E+01  -0.40446E+00   0.10644E+01      34.44
  -58     63.08    0.45272  0.11526E+01  -0.40270E+00   0.10410E+01      34.94
  -57     63.55    0.44542  0.11312E+01  -0.40087E+00   0.10180E+01      35.44
  -56     64.02    0.43809  0.11100E+01  -0.39898E+00   0.99536E+00      35.94
  -55     64.49    0.43073  0.10893E+01  -0.39702E+00   0.97311E+00      36.45
  -54     64.95    0.42334  0.10689E+01  -0.39500E+00   0.95123E+00      36.95
  -53     65.42    0.41592  0.10489E+01  -0.39292E+00   0.92971E+00      37.46
  -52     65.89    0.40848  0.10292E+01  -0.39078E+00   0.90856E+00      37.97
  -51     66.36    0.40101  0.10099E+01  -0.38859E+00   0.88777E+00      38.48
  -50     66.83    0.39351  0.99090E+00  -0.38634E+00   0.86733E+00      38.99
  -49     67.30    0.38598  0.97226E+00  -0.38404E+00   0.84724E+00      39.50
  -48     67.76    0.37843  0.95396E+00  -0.38170E+00   0.82751E+00      40.01
  -47     68.23    0.37086  0.93600E+00  -0.37930E+00   0.80812E+00      40.52
  -46     68.70    0.36326  0.91836E+00  -0.37686E+00   0.78907E+00      41.04
  -45     69.17    0.35563  0.90105E+00  -0.37437E+00   0.77035E+00      41.55
  -44     69.64    0.34798  0.88406E+00  -0.37184E+00   0.75198E+00      42.06
  -43     70.10    0.34031  0.86740E+00  -0.36927E+00   0.73393E+00      42.57
  -42     70.57    0.33262  0.85104E+00  -0.36667E+00   0.71621E+00      43.08
  -41     71.04    0.32490  0.83500E+00  -0.36402E+00   0.69881E+00      43.60
  -40     71.51    0.31716  0.81926E+00  -0.36134E+00   0.68173E+00      44.11
  -39     71.98    0.30941  0.80383E+00  -0.35863E+00   0.66497E+00      44.62
  -38     72.44    0.30163  0.78869E+00  -0.35589E+00   0.64852E+00      45.12
  -37     72.91    0.29383  0.77385E+00  -0.35311E+00   0.63237E+00      45.63
  -36     73.38    0.28601  0.75930E+00  -0.35031E+00   0.61652E+00      46.14
  -35     73.85    0.27817  0.74504E+00  -0.34748E+00   0.60098E+00      46.64
  -34     74.32    0.27031  0.73105E+00  -0.34463E+00   0.58572E+00      47.14
  -33     74.79    0.26243  0.71735E+00  -0.34176E+00   0.57076E+00      47.64
  -32     75.25    0.25454  0.70392E+00  -0.33886E+00   0.55608E+00      48.14
  -31     75.72    0.24663  0.69075E+00  -0.33594E+00   0.54169E+00      48.63
  -30     76.19    0.23871  0.67785E+00  -0.33301E+00   0.52757E+00      49.13
  -29     76.66    0.23076  0.66522E+00  -0.33005E+00   0.51373E+00      49.62
  -28     77.13    0.22281  0.65284E+00  -0.32708E+00   0.50015E+00      50.10
  -27     77.59    0.21483  0.64071E+00  -0.32410E+00   0.48684E+00      50.58
  -26     78.06    0.20685  0.62884E+00  -0.32111E+00   0.47379E+00      51.06
  -25     78.53    0.19885  0.61720E+00  -0.31810E+00   0.46100E+00      51.54
  -24     79.00    0.19083  0.60581E+00  -0.31508E+00   0.44846E+00      52.01
  -23     79.47    0.18280  0.59466E+00  -0.31206E+00   0.43617E+00      52.48
  -22     79.93    0.17477  0.58374E+00  -0.30902E+00   0.42413E+00      52.94
  -21     80.40    0.16671  0.57304E+00  -0.30598E+00   0.41232E+00      53.40
  -20     80.87    0.15865  0.56258E+00  -0.30294E+00   0.40075E+00      53.85
  -19     81.34    0.15058  0.55233E+00  -0.29989E+00   0.38942E+00      54.30
  -18     81.81    0.14250  0.54230E+00  -0.29684E+00   0.37831E+00      54.74
  -17     82.28    0.13441  0.53249E+00  -0.29378E+00   0.36742E+00      55.17
  -16     82.74    0.12631  0.52288E+00  -0.29073E+00   0.35676E+00      55.60
  -15     83.21    0.11820  0.51349E+00  -0.28768E+00   0.34631E+00      56.02
  -14     83.68    0.11008  0.50429E+00  -0.28462E+00   0.33608E+00      56.44
  -13     84.15    0.10195  0.49529E+00  -0.28157E+00   0.32605E+00      56.85
  -12     84.62    0.09382  0.48649E+00  -0.27853E+00   0.31623E+00      57.25
  -11     85.08    0.08569  0.47788E+00  -0.27548E+00   0.30661E+00      57.65
  -10     85.55    0.07754  0.46946E+00  -0.27244E+00   0.29719E+00      58.03
   -9     86.02    0.06939  0.46123E+00  -0.26941E+00   0.28796E+00      58.41
   -8     86.49    0.06124  0.45317E+00  -0.26639E+00   0.27892E+00      58.78
   -7     86.96    0.05308  0.44529E+00  -0.26337E+00   0.27007E+00      59.14
   -6     87.43    0.04492  0.43759E+00  -0.26036E+00   0.26139E+00      59.50
   -5     87.89    0.03676  0.43006E+00  -0.25736E+00   0.25290E+00      59.84
   -4     88.36    0.02859  0.42270E+00  -0.25437E+00   0.24458E+00      60.18
   -3     88.83    0.02043  0.41550E+00  -0.25138E+00   0.23644E+00      60.50
   -2     89.30    0.01226  0.40847E+00  -0.24841E+00   0.22846E+00      60.82
   -1     89.77    0.00409  0.40159E+00  -0.24546E+00   0.22065E+00      61.12
    0     90.00    0.00000  0.39821E+00  -0.24398E+00   0.21681E+00      61.27
    1     90.23   -0.00409  0.39487E+00  -0.24251E+00   0.21300E+00      61.41
    2     90.70   -0.01226  0.38831E+00  -0.23958E+00   0.20551E+00      61.70
    3     91.17   -0.02043  0.38189E+00  -0.23666E+00   0.19817E+00      61.97
    4     91.64   -0.02859  0.37562E+00  -0.23375E+00   0.19099E+00      62.23
    5     92.11   -0.03676  0.36949E+00  -0.23086E+00   0.18395E+00      62.48
    6     92.57   -0.04492  0.36351E+00  -0.22798E+00   0.17706E+00      62.72
    7     93.04   -0.05308  0.35766E+00  -0.22512E+00   0.17031E+00      62.94
    8     93.51   -0.06124  0.35195E+00  -0.22227E+00   0.16370E+00      63.16
    9     93.98   -0.06939  0.34637E+00  -0.21944E+00   0.15723E+00      63.36
   10     94.45   -0.07754  0.34092E+00  -0.21663E+00   0.15088E+00      63.54
   11     94.92   -0.08569  0.33560E+00  -0.21384E+00   0.14467E+00      63.72
   12     95.38   -0.09382  0.33041E+00  -0.21106E+00   0.13859E+00      63.88
   13     95.85   -0.10195  0.32534E+00  -0.20829E+00   0.13263E+00      64.02
   14     96.32   -0.11008  0.32039E+00  -0.20555E+00   0.12679E+00      64.16
   15     96.79   -0.11820  0.31556E+00  -0.20283E+00   0.12107E+00      64.28
   16     97.26   -0.12631  0.31084E+00  -0.20012E+00   0.11547E+00      64.38
   17     97.72   -0.13441  0.30624E+00  -0.19743E+00   0.10998E+00      64.47
   18     98.19   -0.14250  0.30175E+00  -0.19476E+00   0.10461E+00      64.54
   19     98.66   -0.15058  0.29736E+00  -0.19211E+00   0.99335E-01      64.60
   20     99.13   -0.15865  0.29309E+00  -0.18948E+00   0.94171E-01      64.65
   21     99.60   -0.16671  0.28892E+00  -0.18687E+00   0.89110E-01      64.68
   22    100.07   -0.17477  0.28485E+00  -0.18428E+00   0.84149E-01      64.69
   23    100.53   -0.18280  0.28088E+00  -0.18170E+00   0.79287E-01      64.69
   24    101.00   -0.19083  0.27701E+00  -0.17915E+00   0.74521E-01      64.67
   25    101.47   -0.19885  0.27324E+00  -0.17662E+00   0.69849E-01      64.64
   26    101.94   -0.20685  0.26956E+00  -0.17411E+00   0.65268E-01      64.59
   27    102.41   -0.21483  0.26598E+00  -0.17162E+00   0.60776E-01      64.52
   28    102.87   -0.22281  0.26249E+00  -0.16915E+00   0.56371E-01      64.44
   29    103.34   -0.23076  0.25908E+00  -0.16670E+00   0.52052E-01      64.34
   30    103.81   -0.23871  0.25577E+00  -0.16427E+00   0.47814E-01      64.23
   31    104.28   -0.24663  0.25254E+00  -0.16186E+00   0.43658E-01      64.09
   32    104.75   -0.25454  0.24939E+00  -0.15947E+00   0.39580E-01      63.94
   33    105.21   -0.26243  0.24633E+00  -0.15710E+00   0.35579E-01      63.78
   34    105.68   -0.27031  0.24335E+00  -0.15476E+00   0.31652E-01      63.59
   35    106.15   -0.27817  0.24044E+00  -0.15243E+00   0.27798E-01      63.40
   36    106.62   -0.28601  0.23762E+00  -0.15012E+00   0.24016E-01      63.18
   37    107.09   -0.29383  0.23487E+00  -0.14784E+00   0.20302E-01      62.95
   38    107.56   -0.30163  0.23220E+00  -0.14558E+00   0.16656E-01      62.69
   39    108.02   -0.30941  0.22960E+00  -0.14333E+00   0.13075E-01      62.43
   40    108.49   -0.31716  0.22707E+00  -0.14111E+00   0.95582E-02      62.14
   41    108.96   -0.32490  0.22461E+00  -0.13891E+00   0.61036E-02      61.84
   42    109.43   -0.33262  0.22222E+00  -0.13673E+00   0.27096E-02      61.53
   43    109.90   -0.34031  0.21990E+00  -0.13457E+00  -0.62541E-03      61.19
   44    110.36   -0.34798  0.21765E+00  -0.13243E+00  -0.39030E-02      60.84
   45    110.83   -0.35563  0.21546E+00  -0.13031E+00  -0.71247E-02      60.48
   46    111.30   -0.36326  0.21334E+00  -0.12821E+00  -0.10292E-01      60.10
   47    111.77   -0.37086  0.21128E+00  -0.12613E+00  -0.13406E-01      59.70
   48    112.24   -0.37843  0.20928E+00  -0.12407E+00  -0.16469E-01      59.28
   49    112.70   -0.38598  0.20735E+00  -0.12204E+00  -0.19482E-01      58.86
   50    113.17   -0.39351  0.20547E+00  -0.12002E+00  -0.22445E-01      58.41
   51    113.64   -0.40101  0.20365E+00  -0.11802E+00  -0.25361E-01      57.95
   52    114.11   -0.40848  0.20189E+00  -0.11604E+00  -0.28232E-01      57.48
   53    114.58   -0.41592  0.20018E+00  -0.11409E+00  -0.31057E-01      56.99
   54    115.05   -0.42334  0.19854E+00  -0.11215E+00  -0.33838E-01      56.49
   55    115.51   -0.43073  0.19694E+00  -0.11023E+00  -0.36577E-01      55.97
   56    115.98   -0.43809  0.19540E+00  -0.10833E+00  -0.39274E-01      55.44
   57    116.45   -0.44542  0.19391E+00  -0.10646E+00  -0.41931E-01      54.90
   58    116.92   -0.45272  0.19248E+00  -0.10460E+00  -0.44549E-01      54.34
   59    117.39   -0.45999  0.19109E+00  -0.10276E+00  -0.47128E-01      53.77
   60    117.85   -0.46723  0.18976E+00  -0.10094E+00  -0.49671E-01      53.19
   61    118.32   -0.47443  0.18847E+00  -0.99140E-01  -0.52177E-01      52.60
   62    118.79   -0.48161  0.18723E+00  -0.97359E-01  -0.54649E-01      52.00
   63    119.26   -0.48875  0.18604E+00  -0.95598E-01  -0.57086E-01      51.38
   64    119.73   -0.49587  0.18490E+00  -0.93855E-01  -0.59490E-01      50.76
   65    120.20   -0.50294  0.18380E+00  -0.92131E-01  -0.61861E-01      50.13
   66    120.66   -0.50999  0.18275E+00  -0.90427E-01  -0.64201E-01      49.48
   67    121.13   -0.51700  0.18174E+00  -0.88741E-01  -0.66511E-01      48.83
   68    121.60   -0.52398  0.18078E+00  -0.87074E-01  -0.68790E-01      48.17
   69    122.07   -0.53092  0.17985E+00  -0.85425E-01  -0.71041E-01      47.50
   70    122.54   -0.53783  0.17897E+00  -0.83795E-01  -0.73263E-01      46.82
   71    123.00   -0.54470  0.17813E+00  -0.82184E-01  -0.75457E-01      46.14
   72    123.47   -0.55153  0.17734E+00  -0.80591E-01  -0.77625E-01      45.44
   73    123.94   -0.55833  0.17658E+00  -0.79016E-01  -0.79766E-01      44.75
   74    124.41   -0.56509  0.17586E+00  -0.77459E-01  -0.81882E-01      44.05
   75    124.88   -0.57181  0.17518E+00  -0.75921E-01  -0.83973E-01      43.34
   76    125.34   -0.57849  0.17454E+00  -0.74400E-01  -0.86040E-01      42.63
   77    125.81   -0.58514  0.17393E+00  -0.72898E-01  -0.88082E-01      41.91
   78    126.28   -0.59174  0.17337E+00  -0.71413E-01  -0.90102E-01      41.19
   79    126.75   -0.59831  0.17284E+00  -0.69946E-01  -0.92100E-01      40.47
   80    127.22   -0.60484  0.17234E+00  -0.68497E-01  -0.94075E-01      39.75
   81    127.69   -0.61132  0.17188E+00  -0.67066E-01  -0.96028E-01      39.02
   82    128.15   -0.61777  0.17145E+00  -0.65652E-01  -0.97961E-01      38.29
   83    128.62   -0.62417  0.17106E+00  -0.64256E-01  -0.99873E-01      37.56
   84    129.09   -0.63054  0.17070E+00  -0.62877E-01  -0.10176E+00      36.83
   85    129.56   -0.63686  0.17037E+00  -0.61515E-01  -0.10364E+00      36.11
   86    130.03   -0.64313  0.17008E+00  -0.60171E-01  -0.10549E+00      35.38
   87    130.49   -0.64937  0.16982E+00  -0.58844E-01  -0.10732E+00      34.65
   88    130.96   -0.65556  0.16958E+00  -0.57535E-01  -0.10914E+00      33.93
   89    131.43   -0.66171  0.16938E+00  -0.56242E-01  -0.11093E+00      33.20
   90    131.90   -0.66781  0.16921E+00  -0.54966E-01  -0.11271E+00      32.48
   91    132.37   -0.67387  0.16907E+00  -0.53708E-01  -0.11447E+00      31.77
   92    132.83   -0.67989  0.16895E+00  -0.52466E-01  -0.11622E+00      31.05
   93    133.30   -0.68586  0.16887E+00  -0.51242E-01  -0.11794E+00      30.34
   94    133.77   -0.69178  0.16881E+00  -0.50034E-01  -0.11965E+00      29.64
   95    134.24   -0.69766  0.16878E+00  -0.48843E-01  -0.12135E+00      28.94
   96    134.71   -0.70349  0.16878E+00  -0.47668E-01  -0.12302E+00      28.24
   97    135.18   -0.70927  0.16880E+00  -0.46511E-01  -0.12468E+00      27.55
   98    135.64   -0.71501  0.16885E+00  -0.45370E-01  -0.12633E+00      26.87
   99    136.11   -0.72069  0.16892E+00  -0.44245E-01  -0.12796E+00      26.19
  100    136.58   -0.72633  0.16902E+00  -0.43137E-01  -0.12957E+00      25.52
  101    137.05   -0.73193  0.16914E+00  -0.42045E-01  -0.13117E+00      24.86
  102    137.52   -0.73747  0.16928E+00  -0.40970E-01  -0.13275E+00      24.20
  103    137.98   -0.74296  0.16945E+00  -0.39911E-01  -0.13432E+00      23.55
  104    138.45   -0.74841  0.16964E+00  -0.38868E-01  -0.13587E+00      22.91
  105    138.92   -0.75380  0.16986E+00  -0.37842E-01  -0.13741E+00      22.28
  106    139.39   -0.75914  0.17009E+00  -0.36832E-01  -0.13893E+00      21.65
  107    139.86   -0.76444  0.17035E+00  -0.35838E-01  -0.14044E+00      21.04
  108    140.33   -0.76968  0.17062E+00  -0.34859E-01  -0.14193E+00      20.43
  109    140.79   -0.77487  0.17092E+00  -0.33897E-01  -0.14341E+00      19.83
  110    141.26   -0.78001  0.17123E+00  -0.32951E-01  -0.14487E+00      19.24
  111    141.73   -0.78509  0.17157E+00  -0.32021E-01  -0.14632E+00      18.66
  112    142.20   -0.79013  0.17192E+00  -0.31106E-01  -0.14775E+00      18.09
  113    142.67   -0.79511  0.17229E+00  -0.30207E-01  -0.14917E+00      17.53
  114    143.13   -0.80004  0.17268E+00  -0.29324E-01  -0.15058E+00      16.98
  115    143.60   -0.80491  0.17308E+00  -0.28457E-01  -0.15197E+00      16.44
  116    144.07   -0.80974  0.17350E+00  -0.27605E-01  -0.15335E+00      15.91
  117    144.54   -0.81450  0.17393E+00  -0.26768E-01  -0.15471E+00      15.39
  118    145.01   -0.81922  0.17439E+00  -0.25947E-01  -0.15605E+00      14.88
  119    145.47   -0.82387  0.17485E+00  -0.25142E-01  -0.15739E+00      14.38
  120    145.94   -0.82848  0.17533E+00  -0.24351E-01  -0.15870E+00      13.89
  121    146.41   -0.83303  0.17582E+00  -0.23576E-01  -0.16001E+00      13.41
  122    146.88   -0.83752  0.17633E+00  -0.22816E-01  -0.16129E+00      12.94
  123    147.35   -0.84195  0.17684E+00  -0.22070E-01  -0.16257E+00      12.48
  124    147.82   -0.84634  0.17737E+00  -0.21340E-01  -0.16382E+00      12.03
  125    148.28   -0.85066  0.17791E+00  -0.20625E-01  -0.16507E+00      11.59
  126    148.75   -0.85493  0.17846E+00  -0.19924E-01  -0.16629E+00      11.16
  127    149.22   -0.85914  0.17902E+00  -0.19238E-01  -0.16751E+00      10.75
  128    149.69   -0.86329  0.17959E+00  -0.18567E-01  -0.16870E+00      10.34
  129    150.16   -0.86738  0.18017E+00  -0.17910E-01  -0.16989E+00       9.94
  130    150.62   -0.87142  0.18076E+00  -0.17268E-01  -0.17105E+00       9.55
  131    151.09   -0.87540  0.18135E+00  -0.16639E-01  -0.17220E+00       9.18
  132    151.56   -0.87932  0.18195E+00  -0.16025E-01  -0.17334E+00       8.81
  133    152.03   -0.88318  0.18256E+00  -0.15425E-01  -0.17446E+00       8.45
  134    152.50   -0.88698  0.18317E+00  -0.14839E-01  -0.17556E+00       8.10
  135    152.96   -0.89073  0.18379E+00  -0.14267E-01  -0.17665E+00       7.76
  136    153.43   -0.89441  0.18442E+00  -0.13709E-01  -0.17772E+00       7.43
  137    153.90   -0.89804  0.18504E+00  -0.13164E-01  -0.17878E+00       7.11
  138    154.37   -0.90160  0.18567E+00  -0.12632E-01  -0.17982E+00       6.80
  139    154.84   -0.90510  0.18631E+00  -0.12114E-01  -0.18084E+00       6.50
  140    155.31   -0.90855  0.18694E+00  -0.11609E-01  -0.18184E+00       6.21
  141    155.77   -0.91193  0.18758E+00  -0.11117E-01  -0.18283E+00       5.93
  142    156.24   -0.91525  0.18822E+00  -0.10638E-01  -0.18381E+00       5.65
  143    156.71   -0.91851  0.18885E+00  -0.10172E-01  -0.18476E+00       5.39
  144    157.18   -0.92171  0.18949E+00  -0.97190E-02  -0.18570E+00       5.13
  145    157.65   -0.92485  0.19013E+00  -0.92782E-02  -0.18662E+00       4.88
  146    158.11   -0.92793  0.19076E+00  -0.88497E-02  -0.18753E+00       4.64
  147    158.58   -0.93094  0.19140E+00  -0.84335E-02  -0.18842E+00       4.41
  148    159.05   -0.93390  0.19203E+00  -0.80293E-02  -0.18929E+00       4.18
  149    159.52   -0.93679  0.19265E+00  -0.76371E-02  -0.19014E+00       3.96
  150    159.99   -0.93961  0.19327E+00  -0.72567E-02  -0.19097E+00       3.75
  151    160.46   -0.94238  0.19389E+00  -0.68880E-02  -0.19179E+00       3.55
  152    160.92   -0.94508  0.19451E+00  -0.65307E-02  -0.19259E+00       3.36
  153    161.39   -0.94772  0.19511E+00  -0.61848E-02  -0.19337E+00       3.17
  154    161.86   -0.95030  0.19571E+00  -0.58500E-02  -0.19414E+00       2.99
  155    162.33   -0.95281  0.19631E+00  -0.55263E-02  -0.19488E+00       2.82
  156    162.80   -0.95526  0.19689E+00  -0.52135E-02  -0.19561E+00       2.65
  157    163.26   -0.95764  0.19747E+00  -0.49113E-02  -0.19632E+00       2.49
  158    163.73   -0.95996  0.19804E+00  -0.46198E-02  -0.19701E+00       2.33
  159    164.20   -0.96222  0.19860E+00  -0.43386E-02  -0.19768E+00       2.18
  160    164.67   -0.96441  0.19915E+00  -0.40677E-02  -0.19833E+00       2.04
  161    165.14   -0.96654  0.19970E+00  -0.38068E-02  -0.19897E+00       1.91
  162    165.60   -0.96860  0.20023E+00  -0.35559E-02  -0.19958E+00       1.78
  163    166.07   -0.97060  0.20074E+00  -0.33148E-02  -0.20018E+00       1.65
  164    166.54   -0.97254  0.20125E+00  -0.30833E-02  -0.20076E+00       1.53
  165    167.01   -0.97440  0.20175E+00  -0.28613E-02  -0.20131E+00       1.42
  166    167.48   -0.97621  0.20223E+00  -0.26487E-02  -0.20185E+00       1.31
  167    167.95   -0.97795  0.20270E+00  -0.24452E-02  -0.20237E+00       1.21
  168    168.41   -0.97962  0.20315E+00  -0.22509E-02  -0.20288E+00       1.11
  169    168.88   -0.98123  0.20359E+00  -0.20654E-02  -0.20336E+00       1.01
  170    169.35   -0.98277  0.20402E+00  -0.18887E-02  -0.20382E+00       0.93
  171    169.82   -0.98425  0.20443E+00  -0.17206E-02  -0.20426E+00       0.84
  172    170.29   -0.98566  0.20482E+00  -0.15611E-02  -0.20469E+00       0.76
  173    170.75   -0.98701  0.20520E+00  -0.14100E-02  -0.20509E+00       0.69
  174    171.22   -0.98829  0.20557E+00  -0.12671E-02  -0.20547E+00       0.62
  175    171.69   -0.98950  0.20591E+00  -0.11324E-02  -0.20584E+00       0.55
  176    172.16   -0.99065  0.20624E+00  -0.10057E-02  -0.20618E+00       0.49
  177    172.63   -0.99173  0.20655E+00  -0.88697E-03  -0.20651E+00       0.43
  178    173.09   -0.99275  0.20685E+00  -0.77607E-03  -0.20681E+00       0.38
  179    173.56   -0.99370  0.20713E+00  -0.67291E-03  -0.20710E+00       0.32
  180    174.03   -0.99458  0.20738E+00  -0.57739E-03  -0.20736E+00       0.28
  181    174.50   -0.99539  0.20762E+00  -0.48942E-03  -0.20761E+00       0.24
  182    174.97   -0.99614  0.20785E+00  -0.40894E-03  -0.20784E+00       0.20
  183    175.44   -0.99683  0.20805E+00  -0.33586E-03  -0.20804E+00       0.16
  184    175.90   -0.99744  0.20823E+00  -0.27011E-03  -0.20823E+00       0.13
  185    176.37   -0.99799  0.20840E+00  -0.21163E-03  -0.20839E+00       0.10
  186    176.84   -0.99848  0.20854E+00  -0.16037E-03  -0.20854E+00       0.08
  187    177.31   -0.99890  0.20866E+00  -0.11628E-03  -0.20866E+00       0.06
  188    177.78   -0.99925  0.20877E+00  -0.79312E-04  -0.20877E+00       0.04
  189    178.24   -0.99953  0.20885E+00  -0.49432E-04  -0.20885E+00       0.02
  190    178.71   -0.99975  0.20892E+00  -0.26610E-04  -0.20892E+00       0.01
  191    179.18   -0.99990  0.20897E+00  -0.10823E-04  -0.20897E+00       0.01
  192    179.64   -0.99998  0.20899E+00  -0.20538E-05  -0.20899E+00       0.00
  193    180.00   -1.00000  0.20900E+00   0.00000E+00  -0.20900E+00      -0.00

